x y function_3
-7.500000000003477219e-01 -5.000000000000000000e-01 0.000000000000000000e+00
-5.000000000020612401e-01 -5.000000000000000000e-01 0.000000000000000000e+00
-6.062500000002670753e-01 -3.437499999997465916e-01 0.000000000000000000e+00
-6.250000000012044810e-01 -5.000000000000000000e-01 0.000000000000000000e+00
-5.531250000011641577e-01 -4.218749999998733236e-01 0.000000000000000000e+00
-6.781250000003073986e-01 -4.218749999998733236e-01 0.000000000000000000e+00
-7.500000000003477219e-01 -5.000000000000000000e-01 0.000000000000000000e+00
-6.062500000002670753e-01 -3.437499999997465916e-01 0.000000000000000000e+00
-1.000000000000000000e+00 -5.000000000000000000e-01 0.000000000000000000e+00
-6.781250000003073986e-01 -4.218749999998733236e-01 0.000000000000000000e+00
-8.031250000001335376e-01 -4.218749999998733236e-01 0.000000000000000000e+00
-8.750000000001738609e-01 -5.000000000000000000e-01 0.000000000000000000e+00
-5.000000000020612401e-01 -5.000000000000000000e-01 0.000000000000000000e+00
-2.500000000010421108e-01 -5.000000000000000000e-01 0.000000000000000000e+00
-2.812500000002671197e-01 -2.187500000000744960e-01 0.000000000000000000e+00
-3.750000000015516477e-01 -5.000000000000000000e-01 0.000000000000000000e+00
-2.656250000006545875e-01 -3.593750000000372480e-01 0.000000000000000000e+00
-3.906250000011641799e-01 -3.593750000000372480e-01 0.000000000000000000e+00
-5.000000000020612401e-01 -5.000000000000000000e-01 0.000000000000000000e+00
-6.062500000002670753e-01 -3.437499999997465916e-01 0.000000000000000000e+00
-2.812500000002671197e-01 -2.187500000000744960e-01 0.000000000000000000e+00
-5.531250000011641577e-01 -4.218749999998733236e-01 0.000000000000000000e+00
-4.437500000002670975e-01 -2.812499999999105160e-01 0.000000000000000000e+00
-3.906250000011641799e-01 -3.593750000000372480e-01 0.000000000000000000e+00
-6.062500000002670753e-01 -3.437499999997465916e-01 0.000000000000000000e+00
-1.000000000000000000e+00 -5.000000000000000000e-01 0.000000000000000000e+00
-4.999999999986590171e-01 1.341038391444726989e-12 0.000000000000000000e+00
-8.031250000001335376e-01 -4.218749999998733236e-01 0.000000000000000000e+00
-7.499999999993295363e-01 -2.499999999993294808e-01 0.000000000000000000e+00
-5.531249999994630739e-01 -1.718749999992027766e-01 0.000000000000000000e+00
-2.500000000010421108e-01 -5.000000000000000000e-01 0.000000000000000000e+00
-2.812500000002671197e-01 -2.187500000000744960e-01 0.000000000000000000e+00
-1.250000000005209999e-01 -3.750000000003472223e-01 0.000000000000000000e+00
-2.656250000006545875e-01 -3.593750000000372480e-01 0.000000000000000000e+00
-2.031250000003940737e-01 -2.968750000002108314e-01 0.000000000000000000e+00
-1.875000000007815415e-01 -4.375000000001736389e-01 0.000000000000000000e+00
-6.062500000002670753e-01 -3.437499999997465916e-01 0.000000000000000000e+00
-4.999999999986590171e-01 1.341038391444726989e-12 0.000000000000000000e+00
-2.812500000002671197e-01 -2.187500000000744960e-01 0.000000000000000000e+00
-5.531249999994630739e-01 -1.718749999992027766e-01 0.000000000000000000e+00
-3.906249999994630961e-01 -1.093749999993667288e-01 0.000000000000000000e+00
-4.437500000002670975e-01 -2.812499999999105160e-01 0.000000000000000000e+00
-4.999999999986590171e-01 1.341038391444726989e-12 0.000000000000000000e+00
-2.812500000002671197e-01 -2.187500000000744960e-01 0.000000000000000000e+00
-1.562499999997851996e-01 1.062499999998385014e-01 0.000000000000000000e+00
-3.906249999994630961e-01 -1.093749999993667288e-01 0.000000000000000000e+00
-2.187500000000261458e-01 -5.625000000011799728e-02 0.000000000000000000e+00
-3.281249999992221222e-01 5.312500000058976990e-02 0.000000000000000000e+00
-4.999999999986590171e-01 1.341038391444726989e-12 0.000000000000000000e+00
-1.562499999997851996e-01 1.062499999998385014e-01 0.000000000000000000e+00
0.000000000000000000e+00 5.000000000000000000e-01 0.000000000000000000e+00
-3.281249999992221222e-01 5.312500000058976990e-02 0.000000000000000000e+00
-7.812499999989259980e-02 3.031249999999192646e-01 0.000000000000000000e+00
-2.499999999993295086e-01 2.500000000006705192e-01 0.000000000000000000e+00
-1.562499999997851996e-01 1.062499999998385014e-01 0.000000000000000000e+00
0.000000000000000000e+00 5.000000000000000000e-01 0.000000000000000000e+00
0.000000000000000000e+00 2.499999999993046118e-01 0.000000000000000000e+00
-7.812499999989259980e-02 3.031249999999192646e-01 0.000000000000000000e+00
0.000000000000000000e+00 3.749999999996522781e-01 0.000000000000000000e+00
-7.812499999989259980e-02 1.781249999995715427e-01 0.000000000000000000e+00
-2.500000000010421108e-01 -5.000000000000000000e-01 0.000000000000000000e+00
0.000000000000000000e+00 -5.000000000000000000e-01 0.000000000000000000e+00
-1.250000000005209999e-01 -3.750000000003472223e-01 0.000000000000000000e+00
-1.250000000005210554e-01 -5.000000000000000000e-01 0.000000000000000000e+00
-6.250000000026049995e-02 -4.375000000001736389e-01 0.000000000000000000e+00
-1.875000000007815415e-01 -4.375000000001736389e-01 0.000000000000000000e+00
0.000000000000000000e+00 -5.000000000000000000e-01 0.000000000000000000e+00
-1.250000000005209999e-01 -3.750000000003472223e-01 0.000000000000000000e+00
0.000000000000000000e+00 -2.500000000006943890e-01 0.000000000000000000e+00
-6.250000000026049995e-02 -4.375000000001736389e-01 0.000000000000000000e+00
-6.250000000026049995e-02 -3.125000000005208056e-01 0.000000000000000000e+00
0.000000000000000000e+00 -3.750000000003471667e-01 0.000000000000000000e+00
-2.812500000002671197e-01 -2.187500000000744960e-01 0.000000000000000000e+00
-1.250000000005209999e-01 -3.750000000003472223e-01 0.000000000000000000e+00
0.000000000000000000e+00 -2.500000000006943890e-01 0.000000000000000000e+00
-2.031250000003940737e-01 -2.968750000002108314e-01 0.000000000000000000e+00
-6.250000000026049995e-02 -3.125000000005208056e-01 0.000000000000000000e+00
-1.406250000001335598e-01 -2.343750000003844425e-01 0.000000000000000000e+00
-2.812500000002671197e-01 -2.187500000000744960e-01 0.000000000000000000e+00
0.000000000000000000e+00 -2.500000000006943890e-01 0.000000000000000000e+00
0.000000000000000000e+00 -1.378730463130751054e-12 0.000000000000000000e+00
-1.406250000001335598e-01 -2.343750000003844425e-01 0.000000000000000000e+00
0.000000000000000000e+00 -1.250000000010365597e-01 0.000000000000000000e+00
-1.406250000001335598e-01 -1.093750000007266132e-01 0.000000000000000000e+00
-2.812500000002671197e-01 -2.187500000000744960e-01 0.000000000000000000e+00
-1.562499999997851996e-01 1.062499999998385014e-01 0.000000000000000000e+00
0.000000000000000000e+00 -1.378730463130751054e-12 0.000000000000000000e+00
-2.187500000000261458e-01 -5.625000000011799728e-02 0.000000000000000000e+00
-7.812499999989259980e-02 5.312499999922988547e-02 0.000000000000000000e+00
-1.406250000001335598e-01 -1.093750000007266132e-01 0.000000000000000000e+00
-1.562499999997851996e-01 1.062499999998385014e-01 0.000000000000000000e+00
0.000000000000000000e+00 -1.378730463130751054e-12 0.000000000000000000e+00
0.000000000000000000e+00 2.499999999993046118e-01 0.000000000000000000e+00
-7.812499999989259980e-02 5.312499999922988547e-02 0.000000000000000000e+00
0.000000000000000000e+00 1.249999999989629407e-01 0.000000000000000000e+00
-7.812499999989259980e-02 1.781249999995715427e-01 0.000000000000000000e+00
1.000000000000000000e+00 -5.000000000000000000e-01 0.000000000000000000e+00
1.000000000000000000e+00 -2.500000000006943890e-01 0.000000000000000000e+00
1.200000000000277067e+00 -2.999999999997232103e-01 0.000000000000000000e+00
1.000000000000000000e+00 -3.750000000003471667e-01 0.000000000000000000e+00
1.100000000000138645e+00 -2.750000000002087996e-01 0.000000000000000000e+00
1.100000000000138645e+00 -3.999999999998615774e-01 0.000000000000000000e+00
1.000000000000000000e+00 -2.500000000006943890e-01 0.000000000000000000e+00
1.185456043301162055e+00 -7.610927180534982073e-02 0.000000000000000000e+00
1.000000000000000000e+00 -1.378730463130751054e-12 0.000000000000000000e+00
1.092728021650581027e+00 -1.630546359030221049e-01 0.000000000000000000e+00
1.092728021650581027e+00 -3.805463590336427560e-02 0.000000000000000000e+00
1.000000000000000000e+00 -1.250000000010365597e-01 0.000000000000000000e+00
1.000000000000000000e+00 -2.500000000006943890e-01 0.000000000000000000e+00
1.200000000000277067e+00 -2.999999999997232103e-01 0.000000000000000000e+00
1.185456043301162055e+00 -7.610927180534982073e-02 0.000000000000000000e+00
1.100000000000138645e+00 -2.750000000002087996e-01 0.000000000000000000e+00
1.192728021650719672e+00 -1.880546359025365155e-01 0.000000000000000000e+00
1.092728021650581027e+00 -1.630546359030221049e-01 0.000000000000000000e+00
1.200000000000277067e+00 -2.999999999997232103e-01 0.000000000000000000e+00
1.400000000000555023e+00 -9.999999999944497731e-02 0.000000000000000000e+00
1.185456043301162055e+00 -7.610927180534982073e-02 0.000000000000000000e+00
1.300000000000415934e+00 -1.999999999995840938e-01 0.000000000000000000e+00
1.292728021650858539e+00 -8.805463590239739902e-02 0.000000000000000000e+00
1.192728021650719672e+00 -1.880546359025365155e-01 0.000000000000000000e+00
1.800000000000278044e+00 3.000000000002778222e-01 0.000000000000000000e+00
2.000000000000000000e+00 5.000000000000000000e-01 0.000000000000000000e+00
1.750000000000000000e+00 5.000000000000000000e-01 0.000000000000000000e+00
1.900000000000138911e+00 4.000000000001389111e-01 0.000000000000000000e+00
1.875000000000000000e+00 5.000000000000000000e-01 0.000000000000000000e+00
1.775000000000138911e+00 4.000000000001389111e-01 0.000000000000000000e+00
1.750000000000000000e+00 5.000000000000000000e-01 0.000000000000000000e+00
1.500000000000000000e+00 5.000000000000000000e-01 0.000000000000000000e+00
1.576109271805574030e+00 3.145439566995341107e-01 0.000000000000000000e+00
1.625000000000000000e+00 5.000000000000000000e-01 0.000000000000000000e+00
1.538054635902787126e+00 4.072719783497670276e-01 0.000000000000000000e+00
1.663054635902787126e+00 4.072719783497670276e-01 0.000000000000000000e+00
1.800000000000278044e+00 3.000000000002778222e-01 0.000000000000000000e+00
1.750000000000000000e+00 5.000000000000000000e-01 0.000000000000000000e+00
1.576109271805574030e+00 3.145439566995341107e-01 0.000000000000000000e+00
1.775000000000138911e+00 4.000000000001389111e-01 0.000000000000000000e+00
1.663054635902787126e+00 4.072719783497670276e-01 0.000000000000000000e+00
1.688054635902926037e+00 3.072719783499059387e-01 0.000000000000000000e+00
1.500000000000000000e+00 5.000000000000000000e-01 0.000000000000000000e+00
1.250000000000000000e+00 5.000000000000000000e-01 0.000000000000000000e+00
1.372602963954387967e+00 3.555276817466789252e-01 0.000000000000000000e+00
1.375000000000000000e+00 5.000000000000000000e-01 0.000000000000000000e+00
1.311301481977193983e+00 4.277638408733394626e-01 0.000000000000000000e+00
1.436301481977193983e+00 4.277638408733394626e-01 0.000000000000000000e+00
1.500000000000000000e+00 5.000000000000000000e-01 0.000000000000000000e+00
1.576109271805574030e+00 3.145439566995341107e-01 0.000000000000000000e+00
1.372602963954387967e+00 3.555276817466789252e-01 0.000000000000000000e+00
1.538054635902787126e+00 4.072719783497670276e-01 0.000000000000000000e+00
1.474356117879981110e+00 3.350358192231065457e-01 0.000000000000000000e+00
1.436301481977193983e+00 4.277638408733394626e-01 0.000000000000000000e+00
1.800000000000278044e+00 3.000000000002778222e-01 0.000000000000000000e+00
1.576109271805574030e+00 3.145439566995341107e-01 0.000000000000000000e+00
1.600000000000554978e+00 1.000000000005551032e-01 0.000000000000000000e+00
1.688054635902926037e+00 3.072719783499059387e-01 0.000000000000000000e+00
1.588054635903064504e+00 2.072719783500446000e-01 0.000000000000000000e+00
1.700000000000416511e+00 2.000000000004164558e-01 0.000000000000000000e+00
1.250000000000000000e+00 5.000000000000000000e-01 0.000000000000000000e+00
1.372602963954387967e+00 3.555276817466789252e-01 0.000000000000000000e+00
1.185260511536196049e+00 3.147394884636193768e-01 0.000000000000000000e+00
1.311301481977193983e+00 4.277638408733394626e-01 0.000000000000000000e+00
1.278931737745292008e+00 3.351335851051491233e-01 0.000000000000000000e+00
1.217630255768098024e+00 4.073697442318097162e-01 0.000000000000000000e+00
1.576109271805574030e+00 3.145439566995341107e-01 0.000000000000000000e+00
1.372602963954387967e+00 3.555276817466789252e-01 0.000000000000000000e+00
1.351645036430165980e+00 1.483549635702408054e-01 0.000000000000000000e+00
1.474356117879981110e+00 3.350358192231065457e-01 0.000000000000000000e+00
1.362124000192276974e+00 2.519413226584598653e-01 0.000000000000000000e+00
1.463877154117870116e+00 2.314494601348874581e-01 0.000000000000000000e+00
1.576109271805574030e+00 3.145439566995341107e-01 0.000000000000000000e+00
1.600000000000554978e+00 1.000000000005551032e-01 0.000000000000000000e+00
1.351645036430165980e+00 1.483549635702408054e-01 0.000000000000000000e+00
1.588054635903064504e+00 2.072719783500446000e-01 0.000000000000000000e+00
1.475822518215360368e+00 1.241774817853979473e-01 0.000000000000000000e+00
1.463877154117870116e+00 2.314494601348874581e-01 0.000000000000000000e+00
1.250000000000000000e+00 5.000000000000000000e-01 0.000000000000000000e+00
1.185260511536196049e+00 3.147394884636193768e-01 0.000000000000000000e+00
1.000000000000000000e+00 5.000000000000000000e-01 0.000000000000000000e+00
1.217630255768098024e+00 4.073697442318097162e-01 0.000000000000000000e+00
1.092630255768098024e+00 4.073697442318097162e-01 0.000000000000000000e+00
1.125000000000000000e+00 5.000000000000000000e-01 0.000000000000000000e+00
1.372602963954387967e+00 3.555276817466789252e-01 0.000000000000000000e+00
1.185260511536196049e+00 3.147394884636193768e-01 0.000000000000000000e+00
1.351645036430165980e+00 1.483549635702408054e-01 0.000000000000000000e+00
1.278931737745292008e+00 3.351335851051491233e-01 0.000000000000000000e+00
1.268452773983181014e+00 2.315472260169300911e-01 0.000000000000000000e+00
1.362124000192276974e+00 2.519413226584598653e-01 0.000000000000000000e+00
1.600000000000554978e+00 1.000000000005551032e-01 0.000000000000000000e+00
1.351645036430165980e+00 1.483549635702408054e-01 0.000000000000000000e+00
1.400000000000555023e+00 -9.999999999944497731e-02 0.000000000000000000e+00
1.475822518215360368e+00 1.241774817853979473e-01 0.000000000000000000e+00
1.375822518215360502e+00 2.417748178539791404e-02 0.000000000000000000e+00
1.500000000000555112e+00 5.550629400552509196e-13 0.000000000000000000e+00
1.185260511536196049e+00 3.147394884636193768e-01 0.000000000000000000e+00
1.000000000000000000e+00 5.000000000000000000e-01 0.000000000000000000e+00
1.000000000000000000e+00 2.499999999993046118e-01 0.000000000000000000e+00
1.092630255768098024e+00 4.073697442318097162e-01 0.000000000000000000e+00
1.000000000000000000e+00 3.749999999996522781e-01 0.000000000000000000e+00
1.092630255768098024e+00 2.823697442314619943e-01 0.000000000000000000e+00
1.185260511536196049e+00 3.147394884636193768e-01 0.000000000000000000e+00
1.351645036430165980e+00 1.483549635702408054e-01 0.000000000000000000e+00
1.144472318253505039e+00 1.273970360452872097e-01 0.000000000000000000e+00
1.268452773983181014e+00 2.315472260169300911e-01 0.000000000000000000e+00
1.248058677341835399e+00 1.378759998077639937e-01 0.000000000000000000e+00
1.164866414894850433e+00 2.210682622544533071e-01 0.000000000000000000e+00
1.351645036430165980e+00 1.483549635702408054e-01 0.000000000000000000e+00
1.400000000000555023e+00 -9.999999999944497731e-02 0.000000000000000000e+00
1.185456043301162055e+00 -7.610927180534982073e-02 0.000000000000000000e+00
1.375822518215360502e+00 2.417748178539791404e-02 0.000000000000000000e+00
1.292728021650858539e+00 -8.805463590239739902e-02 0.000000000000000000e+00
1.268550539865664017e+00 3.612284588244549233e-02 0.000000000000000000e+00
1.185260511536196049e+00 3.147394884636193768e-01 0.000000000000000000e+00
1.144472318253505039e+00 1.273970360452872097e-01 0.000000000000000000e+00
1.000000000000000000e+00 2.499999999993046118e-01 0.000000000000000000e+00
1.164866414894850433e+00 2.210682622544533071e-01 0.000000000000000000e+00
1.072236159126752408e+00 1.886985180222959246e-01 0.000000000000000000e+00
1.092630255768098024e+00 2.823697442314619943e-01 0.000000000000000000e+00
1.351645036430165980e+00 1.483549635702408054e-01 0.000000000000000000e+00
1.144472318253505039e+00 1.273970360452872097e-01 0.000000000000000000e+00
1.185456043301162055e+00 -7.610927180534982073e-02 0.000000000000000000e+00
1.248058677341835399e+00 1.378759998077639937e-01 0.000000000000000000e+00
1.164964180777333436e+00 2.564388211996869449e-02 0.000000000000000000e+00
1.268550539865664017e+00 3.612284588244549233e-02 0.000000000000000000e+00
1.144472318253505039e+00 1.273970360452872097e-01 0.000000000000000000e+00
1.000000000000000000e+00 2.499999999993046118e-01 0.000000000000000000e+00
1.000000000000000000e+00 -1.378730463130751054e-12 0.000000000000000000e+00
1.072236159126752408e+00 1.886985180222959246e-01 0.000000000000000000e+00
1.000000000000000000e+00 1.249999999989629407e-01 0.000000000000000000e+00
1.072236159126752408e+00 6.369851802195423962e-02 0.000000000000000000e+00
1.144472318253505039e+00 1.273970360452872097e-01 0.000000000000000000e+00
1.185456043301162055e+00 -7.610927180534982073e-02 0.000000000000000000e+00
1.000000000000000000e+00 -1.378730463130751054e-12 0.000000000000000000e+00
1.164964180777333436e+00 2.564388211996869449e-02 0.000000000000000000e+00
1.092728021650581027e+00 -3.805463590336427560e-02 0.000000000000000000e+00
1.072236159126752408e+00 6.369851802195423962e-02 0.000000000000000000e+00
