x y function_11
1.000420000000000059e-01 8.999580000000000357e-01 1.000000000000000000e+00
0.000000000000000000e+00 9.000000000000000222e-01 1.000000000000000000e+00
0.000000000000000000e+00 1.000000000000000000e+00 1.000000000000000000e+00
1.000000000000000056e-01 1.000000000000000000e+00 1.000000000000000000e+00
2.001020000000000021e-01 8.999120000000000452e-01 1.000000000000000000e+00
2.000000000000000111e-01 1.000000000000000000e+00 1.000000000000000000e+00
1.000000000000000056e-01 1.000000000000000000e+00 1.000000000000000000e+00
1.000420000000000059e-01 8.999580000000000357e-01 1.000000000000000000e+00
1.001250000000000057e-01 7.998760000000000314e-01 1.000000000000000000e+00
0.000000000000000000e+00 8.000000000000000444e-01 1.000000000000000000e+00
0.000000000000000000e+00 9.000000000000000222e-01 1.000000000000000000e+00
1.000420000000000059e-01 8.999580000000000357e-01 1.000000000000000000e+00
3.001559999999999784e-01 8.998890000000000500e-01 1.000000000000000000e+00
2.999999999999999889e-01 1.000000000000000000e+00 1.000000000000000000e+00
2.000000000000000111e-01 1.000000000000000000e+00 1.000000000000000000e+00
2.001020000000000021e-01 8.999120000000000452e-01 1.000000000000000000e+00
2.002130000000000021e-01 7.998020000000000129e-01 1.000000000000000000e+00
1.001250000000000057e-01 7.998760000000000314e-01 1.000000000000000000e+00
1.000420000000000059e-01 8.999580000000000357e-01 1.000000000000000000e+00
2.001020000000000021e-01 8.999120000000000452e-01 1.000000000000000000e+00
1.002689999999999970e-01 6.997229999999999839e-01 1.000000000000000000e+00
0.000000000000000000e+00 6.999999999999999556e-01 1.000000000000000000e+00
0.000000000000000000e+00 8.000000000000000444e-01 1.000000000000000000e+00
1.001250000000000057e-01 7.998760000000000314e-01 1.000000000000000000e+00
4.003650000000000264e-01 8.998420000000000307e-01 1.000000000000000000e+00
4.000000000000000222e-01 1.000000000000000000e+00 1.000000000000000000e+00
2.999999999999999889e-01 1.000000000000000000e+00 1.000000000000000000e+00
3.001559999999999784e-01 8.998890000000000500e-01 1.000000000000000000e+00
3.006619999999999848e-01 7.995529999999999582e-01 1.000000000000000000e+00
3.001559999999999784e-01 8.998890000000000500e-01 1.000000000000000000e+00
2.001020000000000021e-01 8.999120000000000452e-01 1.000000000000000000e+00
2.002130000000000021e-01 7.998020000000000129e-01 1.000000000000000000e+00
2.006290000000000018e-01 6.994070000000000009e-01 1.000000000000000000e+00
1.002689999999999970e-01 6.997229999999999839e-01 1.000000000000000000e+00
1.001250000000000057e-01 7.998760000000000314e-01 1.000000000000000000e+00
2.002130000000000021e-01 7.998020000000000129e-01 1.000000000000000000e+00
1.005640000000000006e-01 5.993659999999999544e-01 1.000000000000000000e+00
0.000000000000000000e+00 5.999999999999999778e-01 1.000000000000000000e+00
0.000000000000000000e+00 6.999999999999999556e-01 1.000000000000000000e+00
1.002689999999999970e-01 6.997229999999999839e-01 1.000000000000000000e+00
5.004440000000000000e-01 8.999080000000000412e-01 1.000000000000000000e+00
5.000000000000000000e-01 1.000000000000000000e+00 1.000000000000000000e+00
4.000000000000000222e-01 1.000000000000000000e+00 1.000000000000000000e+00
4.003650000000000264e-01 8.998420000000000307e-01 1.000000000000000000e+00
4.008619999999999961e-01 7.995729999999999782e-01 1.000000000000000000e+00
4.003650000000000264e-01 8.998420000000000307e-01 1.000000000000000000e+00
3.001559999999999784e-01 8.998890000000000500e-01 1.000000000000000000e+00
3.006619999999999848e-01 7.995529999999999582e-01 1.000000000000000000e+00
3.014229999999999965e-01 6.989469999999999850e-01 1.000000000000000000e+00
2.006290000000000018e-01 6.994070000000000009e-01 1.000000000000000000e+00
2.002130000000000021e-01 7.998020000000000129e-01 1.000000000000000000e+00
3.006619999999999848e-01 7.995529999999999582e-01 1.000000000000000000e+00
2.012349999999999972e-01 5.987470000000000292e-01 1.000000000000000000e+00
1.005640000000000006e-01 5.993659999999999544e-01 1.000000000000000000e+00
1.002689999999999970e-01 6.997229999999999839e-01 1.000000000000000000e+00
2.006290000000000018e-01 6.994070000000000009e-01 1.000000000000000000e+00
1.007580000000000003e-01 4.989859999999999851e-01 1.000000000000000000e+00
0.000000000000000000e+00 5.000000000000000000e-01 1.000000000000000000e+00
0.000000000000000000e+00 5.999999999999999778e-01 1.000000000000000000e+00
1.005640000000000006e-01 5.993659999999999544e-01 1.000000000000000000e+00
6.005239999999999467e-01 9.000150000000000095e-01 1.000000000000000000e+00
5.999999999999999778e-01 1.000000000000000000e+00 1.000000000000000000e+00
5.000000000000000000e-01 1.000000000000000000e+00 1.000000000000000000e+00
5.004440000000000000e-01 8.999080000000000412e-01 1.000000000000000000e+00
1.007539999999999963e-01 3.985759999999999859e-01 1.000000000000000000e+00
0.000000000000000000e+00 4.000000000000000222e-01 1.000000000000000000e+00
0.000000000000000000e+00 5.000000000000000000e-01 1.000000000000000000e+00
1.007580000000000003e-01 4.989859999999999851e-01 1.000000000000000000e+00
5.012750000000000261e-01 7.997370000000000312e-01 1.000000000000000000e+00
5.004440000000000000e-01 8.999080000000000412e-01 1.000000000000000000e+00
4.003650000000000264e-01 8.998420000000000307e-01 1.000000000000000000e+00
4.008619999999999961e-01 7.995729999999999782e-01 1.000000000000000000e+00
4.027999999999999914e-01 6.986550000000000260e-01 1.000000000000000000e+00
4.008619999999999961e-01 7.995729999999999782e-01 1.000000000000000000e+00
3.006619999999999848e-01 7.995529999999999582e-01 1.000000000000000000e+00
3.014229999999999965e-01 6.989469999999999850e-01 1.000000000000000000e+00
3.032429999999999848e-01 5.973300000000000276e-01 1.000000000000000000e+00
2.012349999999999972e-01 5.987470000000000292e-01 1.000000000000000000e+00
2.006290000000000018e-01 6.994070000000000009e-01 1.000000000000000000e+00
3.014229999999999965e-01 6.989469999999999850e-01 1.000000000000000000e+00
2.020349999999999924e-01 4.974779999999999758e-01 1.000000000000000000e+00
1.007580000000000003e-01 4.989859999999999851e-01 1.000000000000000000e+00
1.005640000000000006e-01 5.993659999999999544e-01 1.000000000000000000e+00
2.012349999999999972e-01 5.987470000000000292e-01 1.000000000000000000e+00
1.007539999999999963e-01 3.985759999999999859e-01 1.000000000000000000e+00
0.000000000000000000e+00 4.000000000000000222e-01 1.000000000000000000e+00
0.000000000000000000e+00 2.999999999999999889e-01 1.000000000000000000e+00
1.002760000000000040e-01 2.988709999999999978e-01 1.000000000000000000e+00
8.002839999999999954e-01 9.001320000000000432e-01 1.000000000000000000e+00
8.000000000000000444e-01 1.000000000000000000e+00 1.000000000000000000e+00
6.999999999999999556e-01 1.000000000000000000e+00 1.000000000000000000e+00
7.003380000000000161e-01 9.000829999999999664e-01 1.000000000000000000e+00
7.003380000000000161e-01 9.000829999999999664e-01 1.000000000000000000e+00
6.999999999999999556e-01 1.000000000000000000e+00 1.000000000000000000e+00
5.999999999999999778e-01 1.000000000000000000e+00 1.000000000000000000e+00
6.005239999999999467e-01 9.000150000000000095e-01 1.000000000000000000e+00
6.013140000000000152e-01 8.000699999999999479e-01 1.000000000000000000e+00
6.005239999999999467e-01 9.000150000000000095e-01 1.000000000000000000e+00
5.004440000000000000e-01 8.999080000000000412e-01 1.000000000000000000e+00
5.012750000000000261e-01 7.997370000000000312e-01 1.000000000000000000e+00
2.019829999999999959e-01 3.964300000000000046e-01 1.000000000000000000e+00
1.007539999999999963e-01 3.985759999999999859e-01 1.000000000000000000e+00
1.007580000000000003e-01 4.989859999999999851e-01 1.000000000000000000e+00
2.020349999999999924e-01 4.974779999999999758e-01 1.000000000000000000e+00
5.035579999999999501e-01 6.992939999999999712e-01 1.000000000000000000e+00
5.012750000000000261e-01 7.997370000000000312e-01 1.000000000000000000e+00
4.008619999999999961e-01 7.995729999999999782e-01 1.000000000000000000e+00
4.027999999999999914e-01 6.986550000000000260e-01 1.000000000000000000e+00
4.054090000000000193e-01 5.968179999999999596e-01 1.000000000000000000e+00
3.032429999999999848e-01 5.973300000000000276e-01 1.000000000000000000e+00
3.014229999999999965e-01 6.989469999999999850e-01 1.000000000000000000e+00
4.027999999999999914e-01 6.986550000000000260e-01 1.000000000000000000e+00
3.050149999999999806e-01 4.947230000000000238e-01 1.000000000000000000e+00
2.020349999999999924e-01 4.974779999999999758e-01 1.000000000000000000e+00
2.012349999999999972e-01 5.987470000000000292e-01 1.000000000000000000e+00
3.032429999999999848e-01 5.973300000000000276e-01 1.000000000000000000e+00
2.019829999999999959e-01 3.964300000000000046e-01 1.000000000000000000e+00
1.007539999999999963e-01 3.985759999999999859e-01 1.000000000000000000e+00
1.002760000000000040e-01 2.988709999999999978e-01 1.000000000000000000e+00
2.005480000000000040e-01 2.965740000000000043e-01 1.000000000000000000e+00
9.997599999999999543e-02 1.991390000000000104e-01 1.000000000000000000e+00
0.000000000000000000e+00 2.000000000000000111e-01 1.000000000000000000e+00
0.000000000000000000e+00 2.999999999999999889e-01 1.000000000000000000e+00
1.002760000000000040e-01 2.988709999999999978e-01 1.000000000000000000e+00
9.001259999999999817e-01 9.000829999999999664e-01 1.000000000000000000e+00
9.000000000000000222e-01 1.000000000000000000e+00 1.000000000000000000e+00
8.000000000000000444e-01 1.000000000000000000e+00 1.000000000000000000e+00
8.002839999999999954e-01 9.001320000000000432e-01 1.000000000000000000e+00
8.006689999999999641e-01 8.003620000000000179e-01 1.000000000000000000e+00
8.002839999999999954e-01 9.001320000000000432e-01 1.000000000000000000e+00
7.003380000000000161e-01 9.000829999999999664e-01 1.000000000000000000e+00
7.013150000000000217e-01 8.004170000000000451e-01 1.000000000000000000e+00
7.013150000000000217e-01 8.004170000000000451e-01 1.000000000000000000e+00
7.003380000000000161e-01 9.000829999999999664e-01 1.000000000000000000e+00
6.005239999999999467e-01 9.000150000000000095e-01 1.000000000000000000e+00
6.013140000000000152e-01 8.000699999999999479e-01 1.000000000000000000e+00
6.040870000000000406e-01 7.003869999999999818e-01 1.000000000000000000e+00
6.013140000000000152e-01 8.000699999999999479e-01 1.000000000000000000e+00
5.012750000000000261e-01 7.997370000000000312e-01 1.000000000000000000e+00
5.035579999999999501e-01 6.992939999999999712e-01 1.000000000000000000e+00
3.055729999999999835e-01 3.906450000000000200e-01 1.000000000000000000e+00
2.019829999999999959e-01 3.964300000000000046e-01 1.000000000000000000e+00
2.020349999999999924e-01 4.974779999999999758e-01 1.000000000000000000e+00
3.050149999999999806e-01 4.947230000000000238e-01 1.000000000000000000e+00
5.086199999999999610e-01 5.983180000000000165e-01 1.000000000000000000e+00
5.035579999999999501e-01 6.992939999999999712e-01 1.000000000000000000e+00
4.027999999999999914e-01 6.986550000000000260e-01 1.000000000000000000e+00
4.054090000000000193e-01 5.968179999999999596e-01 1.000000000000000000e+00
4.103930000000000078e-01 4.916189999999999727e-01 1.000000000000000000e+00
3.050149999999999806e-01 4.947230000000000238e-01 1.000000000000000000e+00
3.032429999999999848e-01 5.973300000000000276e-01 1.000000000000000000e+00
4.054090000000000193e-01 5.968179999999999596e-01 1.000000000000000000e+00
3.055729999999999835e-01 3.906450000000000200e-01 1.000000000000000000e+00
2.019829999999999959e-01 3.964300000000000046e-01 1.000000000000000000e+00
2.005480000000000040e-01 2.965740000000000043e-01 1.000000000000000000e+00
3.001420000000000199e-01 2.928959999999999897e-01 1.000000000000000000e+00
1.997150000000000036e-01 1.980870000000000131e-01 1.000000000000000000e+00
9.997599999999999543e-02 1.991390000000000104e-01 1.000000000000000000e+00
1.002760000000000040e-01 2.988709999999999978e-01 1.000000000000000000e+00
2.005480000000000040e-01 2.965740000000000043e-01 1.000000000000000000e+00
9.990999999999999881e-02 9.960199999999999609e-02 1.000000000000000000e+00
0.000000000000000000e+00 1.000000000000000056e-01 1.000000000000000000e+00
0.000000000000000000e+00 2.000000000000000111e-01 1.000000000000000000e+00
9.997599999999999543e-02 1.991390000000000104e-01 1.000000000000000000e+00
1.000000000000000000e+00 9.000000000000000222e-01 1.000000000000000000e+00
9.001259999999999817e-01 9.000829999999999664e-01 1.000000000000000000e+00
9.000000000000000222e-01 1.000000000000000000e+00 1.000000000000000000e+00
1.000000000000000000e+00 1.000000000000000000e+00 1.000000000000000000e+00
9.003529999999999589e-01 8.002599999999999714e-01 1.000000000000000000e+00
8.006689999999999641e-01 8.003620000000000179e-01 1.000000000000000000e+00
8.002839999999999954e-01 9.001320000000000432e-01 1.000000000000000000e+00
9.001259999999999817e-01 9.000829999999999664e-01 1.000000000000000000e+00
8.014250000000000540e-01 7.009570000000000523e-01 1.000000000000000000e+00
7.029260000000000508e-01 7.011560000000000015e-01 1.000000000000000000e+00
7.013150000000000217e-01 8.004170000000000451e-01 1.000000000000000000e+00
8.006689999999999641e-01 8.003620000000000179e-01 1.000000000000000000e+00
7.029260000000000508e-01 7.011560000000000015e-01 1.000000000000000000e+00
7.013150000000000217e-01 8.004170000000000451e-01 1.000000000000000000e+00
6.013140000000000152e-01 8.000699999999999479e-01 1.000000000000000000e+00
6.040870000000000406e-01 7.003869999999999818e-01 1.000000000000000000e+00
6.085249999999999826e-01 6.010900000000000132e-01 1.000000000000000000e+00
6.040870000000000406e-01 7.003869999999999818e-01 1.000000000000000000e+00
5.035579999999999501e-01 6.992939999999999712e-01 1.000000000000000000e+00
5.086199999999999610e-01 5.983180000000000165e-01 1.000000000000000000e+00
4.160039999999999849e-01 3.772130000000000205e-01 1.000000000000000000e+00
3.055729999999999835e-01 3.906450000000000200e-01 1.000000000000000000e+00
3.050149999999999806e-01 4.947230000000000238e-01 1.000000000000000000e+00
4.103930000000000078e-01 4.916189999999999727e-01 1.000000000000000000e+00
5.170960000000000001e-01 4.962759999999999949e-01 1.000000000000000000e+00
4.103930000000000078e-01 4.916189999999999727e-01 1.000000000000000000e+00
4.054090000000000193e-01 5.968179999999999596e-01 1.000000000000000000e+00
5.086199999999999610e-01 5.983180000000000165e-01 1.000000000000000000e+00
4.160039999999999849e-01 3.772130000000000205e-01 1.000000000000000000e+00
3.961770000000000014e-01 2.858919999999999795e-01 1.000000000000000000e+00
3.001420000000000199e-01 2.928959999999999897e-01 1.000000000000000000e+00
3.055729999999999835e-01 3.906450000000000200e-01 1.000000000000000000e+00
2.984129999999999838e-01 1.956630000000000036e-01 1.000000000000000000e+00
1.997150000000000036e-01 1.980870000000000131e-01 1.000000000000000000e+00
2.005480000000000040e-01 2.965740000000000043e-01 1.000000000000000000e+00
3.001420000000000199e-01 2.928959999999999897e-01 1.000000000000000000e+00
1.996469999999999911e-01 9.901699999999999391e-02 1.000000000000000000e+00
1.997150000000000036e-01 1.980870000000000131e-01 1.000000000000000000e+00
9.997599999999999543e-02 1.991390000000000104e-01 1.000000000000000000e+00
9.990999999999999881e-02 9.960199999999999609e-02 1.000000000000000000e+00
1.000000000000000056e-01 0.000000000000000000e+00 1.000000000000000000e+00
9.990999999999999881e-02 9.960199999999999609e-02 1.000000000000000000e+00
0.000000000000000000e+00 1.000000000000000056e-01 1.000000000000000000e+00
0.000000000000000000e+00 0.000000000000000000e+00 1.000000000000000000e+00
1.000000000000000000e+00 8.000000000000000444e-01 1.000000000000000000e+00
9.003529999999999589e-01 8.002599999999999714e-01 1.000000000000000000e+00
9.001259999999999817e-01 9.000829999999999664e-01 1.000000000000000000e+00
1.000000000000000000e+00 9.000000000000000222e-01 1.000000000000000000e+00
9.006739999999999746e-01 7.006310000000000038e-01 1.000000000000000000e+00
8.014250000000000540e-01 7.009570000000000523e-01 1.000000000000000000e+00
8.006689999999999641e-01 8.003620000000000179e-01 1.000000000000000000e+00
9.003529999999999589e-01 8.002599999999999714e-01 1.000000000000000000e+00
8.033439999999999470e-01 6.030440000000000245e-01 1.000000000000000000e+00
7.069060000000000343e-01 6.037700000000000289e-01 1.000000000000000000e+00
7.029260000000000508e-01 7.011560000000000015e-01 1.000000000000000000e+00
8.014250000000000540e-01 7.009570000000000523e-01 1.000000000000000000e+00
7.069060000000000343e-01 6.037700000000000289e-01 1.000000000000000000e+00
7.029260000000000508e-01 7.011560000000000015e-01 1.000000000000000000e+00
6.040870000000000406e-01 7.003869999999999818e-01 1.000000000000000000e+00
6.085249999999999826e-01 6.010900000000000132e-01 1.000000000000000000e+00
6.170649999999999746e-01 5.027890000000000414e-01 1.000000000000000000e+00
6.085249999999999826e-01 6.010900000000000132e-01 1.000000000000000000e+00
5.086199999999999610e-01 5.983180000000000165e-01 1.000000000000000000e+00
5.170960000000000001e-01 4.962759999999999949e-01 1.000000000000000000e+00
5.340009999999999479e-01 3.928690000000000238e-01 1.000000000000000000e+00
5.170960000000000001e-01 4.962759999999999949e-01 1.000000000000000000e+00
4.103930000000000078e-01 4.916189999999999727e-01 1.000000000000000000e+00
4.160039999999999849e-01 3.772130000000000205e-01 1.000000000000000000e+00
3.948940000000000228e-01 1.926009999999999944e-01 1.000000000000000000e+00
3.961770000000000014e-01 2.858919999999999795e-01 1.000000000000000000e+00
3.001420000000000199e-01 2.928959999999999897e-01 1.000000000000000000e+00
2.984129999999999838e-01 1.956630000000000036e-01 1.000000000000000000e+00
2.987630000000000008e-01 9.786100000000000354e-02 1.000000000000000000e+00
2.984129999999999838e-01 1.956630000000000036e-01 1.000000000000000000e+00
1.997150000000000036e-01 1.980870000000000131e-01 1.000000000000000000e+00
1.996469999999999911e-01 9.901699999999999391e-02 1.000000000000000000e+00
2.000000000000000111e-01 0.000000000000000000e+00 1.000000000000000000e+00
1.996469999999999911e-01 9.901699999999999391e-02 1.000000000000000000e+00
9.990999999999999881e-02 9.960199999999999609e-02 1.000000000000000000e+00
1.000000000000000056e-01 0.000000000000000000e+00 1.000000000000000000e+00
1.000000000000000000e+00 6.999999999999999556e-01 1.000000000000000000e+00
9.006739999999999746e-01 7.006310000000000038e-01 1.000000000000000000e+00
9.003529999999999589e-01 8.002599999999999714e-01 1.000000000000000000e+00
1.000000000000000000e+00 8.000000000000000444e-01 1.000000000000000000e+00
9.013550000000000173e-01 6.017630000000000479e-01 1.000000000000000000e+00
8.033439999999999470e-01 6.030440000000000245e-01 1.000000000000000000e+00
8.014250000000000540e-01 7.009570000000000523e-01 1.000000000000000000e+00
9.006739999999999746e-01 7.006310000000000038e-01 1.000000000000000000e+00
8.047029999999999461e-01 5.065410000000000190e-01 1.000000000000000000e+00
7.125439999999999552e-01 5.097279999999999589e-01 1.000000000000000000e+00
7.069060000000000343e-01 6.037700000000000289e-01 1.000000000000000000e+00
8.033439999999999470e-01 6.030440000000000245e-01 1.000000000000000000e+00
7.125439999999999552e-01 5.097279999999999589e-01 1.000000000000000000e+00
6.170649999999999746e-01 5.027890000000000414e-01 1.000000000000000000e+00
6.085249999999999826e-01 6.010900000000000132e-01 1.000000000000000000e+00
7.069060000000000343e-01 6.037700000000000289e-01 1.000000000000000000e+00
6.332910000000000483e-01 4.065679999999999850e-01 1.000000000000000000e+00
5.340009999999999479e-01 3.928690000000000238e-01 1.000000000000000000e+00
5.170960000000000001e-01 4.962759999999999949e-01 1.000000000000000000e+00
6.170649999999999746e-01 5.027890000000000414e-01 1.000000000000000000e+00
5.340009999999999479e-01 3.928690000000000238e-01 1.000000000000000000e+00
5.659429999999999739e-01 2.921889999999999765e-01 1.000000000000000000e+00
4.779280000000000195e-01 2.731709999999999972e-01 1.000000000000000000e+00
4.160039999999999849e-01 3.772130000000000205e-01 1.000000000000000000e+00
3.948940000000000228e-01 1.926009999999999944e-01 1.000000000000000000e+00
3.961770000000000014e-01 2.858919999999999795e-01 1.000000000000000000e+00
4.779280000000000195e-01 2.731709999999999972e-01 1.000000000000000000e+00
4.871920000000000139e-01 1.896019999999999928e-01 1.000000000000000000e+00
3.970299999999999940e-01 9.683100000000000041e-02 1.000000000000000000e+00
3.948940000000000228e-01 1.926009999999999944e-01 1.000000000000000000e+00
2.984129999999999838e-01 1.956630000000000036e-01 1.000000000000000000e+00
2.987630000000000008e-01 9.786100000000000354e-02 1.000000000000000000e+00
2.999999999999999889e-01 0.000000000000000000e+00 1.000000000000000000e+00
2.987630000000000008e-01 9.786100000000000354e-02 1.000000000000000000e+00
1.996469999999999911e-01 9.901699999999999391e-02 1.000000000000000000e+00
2.000000000000000111e-01 0.000000000000000000e+00 1.000000000000000000e+00
1.000000000000000000e+00 5.999999999999999778e-01 1.000000000000000000e+00
9.013550000000000173e-01 6.017630000000000479e-01 1.000000000000000000e+00
9.006739999999999746e-01 7.006310000000000038e-01 1.000000000000000000e+00
1.000000000000000000e+00 6.999999999999999556e-01 1.000000000000000000e+00
9.013640000000000541e-01 5.033140000000000391e-01 1.000000000000000000e+00
8.047029999999999461e-01 5.065410000000000190e-01 1.000000000000000000e+00
8.033439999999999470e-01 6.030440000000000245e-01 1.000000000000000000e+00
9.013550000000000173e-01 6.017630000000000479e-01 1.000000000000000000e+00
8.031350000000000433e-01 4.126739999999999853e-01 1.000000000000000000e+00
7.214840000000000142e-01 4.261030000000000095e-01 1.000000000000000000e+00
7.125439999999999552e-01 5.097279999999999589e-01 1.000000000000000000e+00
8.047029999999999461e-01 5.065410000000000190e-01 1.000000000000000000e+00
7.214840000000000142e-01 4.261030000000000095e-01 1.000000000000000000e+00
6.332910000000000483e-01 4.065679999999999850e-01 1.000000000000000000e+00
6.170649999999999746e-01 5.027890000000000414e-01 1.000000000000000000e+00
7.125439999999999552e-01 5.097279999999999589e-01 1.000000000000000000e+00
6.332910000000000483e-01 4.065679999999999850e-01 1.000000000000000000e+00
6.655419999999999670e-01 3.060180000000000122e-01 1.000000000000000000e+00
5.659429999999999739e-01 2.921889999999999765e-01 1.000000000000000000e+00
5.340009999999999479e-01 3.928690000000000238e-01 1.000000000000000000e+00
5.826369999999999605e-01 1.962710000000000010e-01 1.000000000000000000e+00
5.659429999999999739e-01 2.921889999999999765e-01 1.000000000000000000e+00
4.779280000000000195e-01 2.731709999999999972e-01 1.000000000000000000e+00
4.871920000000000139e-01 1.896019999999999928e-01 1.000000000000000000e+00
3.970299999999999940e-01 9.683100000000000041e-02 1.000000000000000000e+00
3.948940000000000228e-01 1.926009999999999944e-01 1.000000000000000000e+00
4.871920000000000139e-01 1.896019999999999928e-01 1.000000000000000000e+00
4.940860000000000252e-01 9.623199999999999810e-02 1.000000000000000000e+00
4.000000000000000222e-01 0.000000000000000000e+00 1.000000000000000000e+00
3.970299999999999940e-01 9.683100000000000041e-02 1.000000000000000000e+00
2.987630000000000008e-01 9.786100000000000354e-02 1.000000000000000000e+00
2.999999999999999889e-01 0.000000000000000000e+00 1.000000000000000000e+00
1.000000000000000000e+00 5.000000000000000000e-01 1.000000000000000000e+00
9.013640000000000541e-01 5.033140000000000391e-01 1.000000000000000000e+00
9.013550000000000173e-01 6.017630000000000479e-01 1.000000000000000000e+00
1.000000000000000000e+00 5.999999999999999778e-01 1.000000000000000000e+00
8.998220000000000107e-01 4.057109999999999883e-01 1.000000000000000000e+00
8.031350000000000433e-01 4.126739999999999853e-01 1.000000000000000000e+00
8.047029999999999461e-01 5.065410000000000190e-01 1.000000000000000000e+00
9.013640000000000541e-01 5.033140000000000391e-01 1.000000000000000000e+00
7.214840000000000142e-01 4.261030000000000095e-01 1.000000000000000000e+00
7.834140000000000548e-01 3.222019999999999884e-01 1.000000000000000000e+00
6.655419999999999670e-01 3.060180000000000122e-01 1.000000000000000000e+00
6.332910000000000483e-01 4.065679999999999850e-01 1.000000000000000000e+00
6.829600000000000115e-01 2.027529999999999888e-01 1.000000000000000000e+00
6.655419999999999670e-01 3.060180000000000122e-01 1.000000000000000000e+00
5.659429999999999739e-01 2.921889999999999765e-01 1.000000000000000000e+00
5.826369999999999605e-01 1.962710000000000010e-01 1.000000000000000000e+00
5.925550000000000539e-01 9.855300000000000171e-02 1.000000000000000000e+00
5.826369999999999605e-01 1.962710000000000010e-01 1.000000000000000000e+00
4.871920000000000139e-01 1.896019999999999928e-01 1.000000000000000000e+00
4.940860000000000252e-01 9.623199999999999810e-02 1.000000000000000000e+00
4.000000000000000222e-01 0.000000000000000000e+00 1.000000000000000000e+00
3.970299999999999940e-01 9.683100000000000041e-02 1.000000000000000000e+00
4.940860000000000252e-01 9.623199999999999810e-02 1.000000000000000000e+00
5.000000000000000000e-01 0.000000000000000000e+00 1.000000000000000000e+00
1.000000000000000000e+00 4.000000000000000222e-01 1.000000000000000000e+00
8.998220000000000107e-01 4.057109999999999883e-01 1.000000000000000000e+00
9.013640000000000541e-01 5.033140000000000391e-01 1.000000000000000000e+00
1.000000000000000000e+00 5.000000000000000000e-01 1.000000000000000000e+00
8.950299999999999923e-01 3.071670000000000234e-01 1.000000000000000000e+00
7.834140000000000548e-01 3.222019999999999884e-01 1.000000000000000000e+00
8.031350000000000433e-01 4.126739999999999853e-01 1.000000000000000000e+00
8.998220000000000107e-01 4.057109999999999883e-01 1.000000000000000000e+00
7.898939999999999850e-01 2.072610000000000008e-01 1.000000000000000000e+00
7.834140000000000548e-01 3.222019999999999884e-01 1.000000000000000000e+00
6.655419999999999670e-01 3.060180000000000122e-01 1.000000000000000000e+00
6.829600000000000115e-01 2.027529999999999888e-01 1.000000000000000000e+00
6.927799999999999514e-01 1.010000000000000064e-01 1.000000000000000000e+00
6.829600000000000115e-01 2.027529999999999888e-01 1.000000000000000000e+00
5.826369999999999605e-01 1.962710000000000010e-01 1.000000000000000000e+00
5.925550000000000539e-01 9.855300000000000171e-02 1.000000000000000000e+00
5.999999999999999778e-01 0.000000000000000000e+00 1.000000000000000000e+00
5.925550000000000539e-01 9.855300000000000171e-02 1.000000000000000000e+00
4.940860000000000252e-01 9.623199999999999810e-02 1.000000000000000000e+00
5.000000000000000000e-01 0.000000000000000000e+00 1.000000000000000000e+00
1.000000000000000000e+00 2.999999999999999889e-01 1.000000000000000000e+00
8.950299999999999923e-01 3.071670000000000234e-01 1.000000000000000000e+00
8.998220000000000107e-01 4.057109999999999883e-01 1.000000000000000000e+00
1.000000000000000000e+00 4.000000000000000222e-01 1.000000000000000000e+00
8.957990000000000119e-01 2.038139999999999952e-01 1.000000000000000000e+00
7.898939999999999850e-01 2.072610000000000008e-01 1.000000000000000000e+00
7.834140000000000548e-01 3.222019999999999884e-01 1.000000000000000000e+00
8.950299999999999923e-01 3.071670000000000234e-01 1.000000000000000000e+00
7.954029999999999712e-01 1.023700000000000027e-01 1.000000000000000000e+00
7.898939999999999850e-01 2.072610000000000008e-01 1.000000000000000000e+00
6.829600000000000115e-01 2.027529999999999888e-01 1.000000000000000000e+00
6.927799999999999514e-01 1.010000000000000064e-01 1.000000000000000000e+00
6.999999999999999556e-01 0.000000000000000000e+00 1.000000000000000000e+00
6.927799999999999514e-01 1.010000000000000064e-01 1.000000000000000000e+00
5.925550000000000539e-01 9.855300000000000171e-02 1.000000000000000000e+00
5.999999999999999778e-01 0.000000000000000000e+00 1.000000000000000000e+00
1.000000000000000000e+00 2.000000000000000111e-01 1.000000000000000000e+00
8.957990000000000119e-01 2.038139999999999952e-01 1.000000000000000000e+00
8.950299999999999923e-01 3.071670000000000234e-01 1.000000000000000000e+00
1.000000000000000000e+00 2.999999999999999889e-01 1.000000000000000000e+00
8.979179999999999939e-01 1.014400000000000024e-01 1.000000000000000000e+00
8.957990000000000119e-01 2.038139999999999952e-01 1.000000000000000000e+00
7.898939999999999850e-01 2.072610000000000008e-01 1.000000000000000000e+00
7.954029999999999712e-01 1.023700000000000027e-01 1.000000000000000000e+00
8.000000000000000444e-01 0.000000000000000000e+00 1.000000000000000000e+00
7.954029999999999712e-01 1.023700000000000027e-01 1.000000000000000000e+00
6.927799999999999514e-01 1.010000000000000064e-01 1.000000000000000000e+00
6.999999999999999556e-01 0.000000000000000000e+00 1.000000000000000000e+00
1.000000000000000000e+00 1.000000000000000056e-01 1.000000000000000000e+00
8.979179999999999939e-01 1.014400000000000024e-01 1.000000000000000000e+00
8.957990000000000119e-01 2.038139999999999952e-01 1.000000000000000000e+00
1.000000000000000000e+00 2.000000000000000111e-01 1.000000000000000000e+00
9.000000000000000222e-01 0.000000000000000000e+00 1.000000000000000000e+00
8.979179999999999939e-01 1.014400000000000024e-01 1.000000000000000000e+00
7.954029999999999712e-01 1.023700000000000027e-01 1.000000000000000000e+00
8.000000000000000444e-01 0.000000000000000000e+00 1.000000000000000000e+00
1.000000000000000000e+00 0.000000000000000000e+00 1.000000000000000000e+00
1.000000000000000000e+00 1.000000000000000056e-01 1.000000000000000000e+00
8.979179999999999939e-01 1.014400000000000024e-01 1.000000000000000000e+00
9.000000000000000222e-01 0.000000000000000000e+00 1.000000000000000000e+00
