t val
0.01 0.0002675873694905073
0.020000000000000004 -0.0018755631535229966
0.030000000000000013 -0.0033911589800053044
0.04000000000000002 -0.005449405537941487
0.05000000000000003 -0.006127954017728143
0.06000000000000004 -0.007635438373932324
0.07000000000000005 -0.00900835305052805
0.08000000000000006 -0.011735558320250306
0.09000000000000007 -0.013972559118796468
0.10000000000000007 -0.01694341130029109
0.11000000000000008 -0.019130379512359852
0.12000000000000009 -0.0220628053322951
0.1300000000000001 -0.02450477433213827
0.1400000000000001 -0.027241086028711337
0.1500000000000001 -0.02968659739463142
0.16000000000000011 -0.03228505856539243
0.17000000000000012 -0.03488026658943966
0.18000000000000013 -0.03725644187691657
0.19000000000000014 -0.03917090508650034
0.20000000000000015 -0.04090562408307363
0.21000000000000016 -0.042354484296843964
0.22000000000000017 -0.04430438834033268
0.23000000000000018 -0.04594724770229064
0.24000000000000019 -0.047814235407525274
0.25000000000000017 -0.04903648719831111
0.2600000000000002 -0.050528543857314645
0.2700000000000002 -0.05197099088485402
0.2800000000000002 -0.05395489014683008
0.2900000000000002 -0.05585590764859916
0.3000000000000002 -0.05800711481004228
0.3100000000000002 -0.05988761640880824
0.32000000000000023 -0.06214580238162881
0.33000000000000024 -0.06430752555625929
0.34000000000000025 -0.06686319920280326
0.35000000000000026 -0.069196743546307
0.36000000000000026 -0.0716232161143111
0.3700000000000003 -0.07382964345047327
0.3800000000000003 -0.07600351364274616
0.3900000000000003 -0.07796777391348542
0.4000000000000003 -0.07980072832051377
0.4100000000000003 -0.08134346588440167
0.4200000000000003 -0.08275498078683086
0.4300000000000003 -0.08376113879391056
0.44000000000000034 -0.08463472357124857
0.45000000000000034 -0.0850247729188709
0.46000000000000035 -0.08534851503409158
0.47000000000000036 -0.08534225589755806
0.48000000000000037 -0.0853139624582937
0.4900000000000004 -0.08497816736047525
0.5000000000000003 -0.08451135738410898
0.5100000000000003 -0.08379342529990197
0.5200000000000004 -0.08308756878256673
0.5300000000000004 -0.08228535984992646
0.5400000000000004 -0.08156355693179762
0.5500000000000004 -0.08065286143062877
0.5600000000000004 -0.07969819908107212
0.5700000000000004 -0.07852750755250781
0.5800000000000004 -0.07732476015723222
0.5900000000000004 -0.07596452833654865
0.6000000000000004 -0.07444049483697768
0.6100000000000004 -0.07254845685753963
0.6200000000000004 -0.07018463465348646
0.6300000000000004 -0.06712738594126222
0.6400000000000005 -0.06330375714610881
0.6500000000000005 -0.05839617693282406
0.6600000000000005 -0.05226702525668969
0.6700000000000005 -0.044416051988555694
0.6800000000000005 -0.03458714227512161
0.6900000000000005 -0.022195778079321826
0.7000000000000005 -0.006922607975255346
0.7100000000000005 0.011760113442782938
0.7200000000000005 0.034192961555625345
0.7300000000000005 0.06088960070245264
0.7400000000000005 0.09223017594077731
0.7500000000000006 0.12870818126929606
0.7600000000000006 0.17058644387942934
0.7700000000000006 0.2181941122645341
0.7800000000000006 0.2716134507085073
0.7900000000000006 0.3310574551333261
0.8000000000000006 0.3965834527447427
0.8100000000000006 0.46834544157146496
0.8200000000000006 0.5463526489073942
0.8300000000000006 0.6306170466998466
0.8400000000000006 0.7210410902957562
0.8500000000000006 0.8175656803915459
0.8600000000000007 0.9200635689098888
0.8700000000000007 1.0284897231402397
0.8800000000000007 1.1426681336831592
0.8900000000000007 1.2624868028528553
0.9000000000000007 1.3876629932573294
0.9100000000000007 1.5179853590209547
0.9200000000000007 1.6531252310132558
0.9300000000000007 1.7928262135493895
0.9400000000000007 1.9367551518836876
0.9500000000000007 2.084604025088616
0.9600000000000007 2.2359740639633046
0.9700000000000008 2.390478637387872
0.9800000000000008 2.54764721389283
0.9900000000000008 2.7070603349950275
1.0000000000000007 2.8682170309349573
1.0100000000000007 3.0306596020072476
1.0200000000000007 3.193825333155033
1.0300000000000007 3.3571609622577014
1.0400000000000007 3.5200292214887483
1.0500000000000007 3.6817882693124133
1.0600000000000007 3.84169612290669
1.0700000000000007 3.9989105988569023
1.0800000000000007 4.152335517676356
1.0900000000000007 4.3006159855337245
1.1000000000000008 4.442013122796041
1.1100000000000008 4.574543124401167
1.1200000000000008 4.696008126231504
1.1300000000000008 4.804295998448069
1.1400000000000008 4.897510575817684
1.1500000000000008 4.974204377674582
1.1600000000000008 5.033381638844531
1.1700000000000008 5.0745079407906815
1.1800000000000008 5.0973941207442905
1.1900000000000008 5.102164189258076
1.2000000000000008 5.089179883207855
1.2100000000000009 5.059055956841711
1.2200000000000009 5.012548296346445
1.2300000000000009 4.950488669514016
1.2400000000000009 4.873591077179256
1.2500000000000009 4.782375096220079
1.260000000000001 4.677080408217293
1.270000000000001 4.557725082475656
1.280000000000001 4.424162041052469
1.290000000000001 4.276186407338365
1.300000000000001 4.113582309418582
1.310000000000001 3.9362114387846674
1.320000000000001 3.7440577355356908
1.330000000000001 3.5373679947170515
1.340000000000001 3.3167258745203156
1.350000000000001 3.083167979776519
1.360000000000001 2.838158188927217
1.370000000000001 2.5835432008109436
1.380000000000001 2.3214045940146093
1.390000000000001 2.0539369790594435
1.400000000000001 1.7833098534300618
1.410000000000001 1.5115818246687738
1.420000000000001 1.240595059608765
1.430000000000001 0.9719144018248826
1.440000000000001 0.706747948358867
1.450000000000001 0.4459614201131501
1.460000000000001 0.1901166934886973
1.470000000000001 -0.06038663061508487
1.480000000000001 -0.30517731762684974
1.490000000000001 -0.5437665306972761
1.500000000000001 -0.7754755490796725
1.5100000000000011 -0.9994055624136635
1.5200000000000011 -1.2144779639746375
1.5300000000000011 -1.4194934179918306
1.5400000000000011 -1.6132432798731529
1.5500000000000012 -1.7946211633967764
1.5600000000000012 -1.9627790632323485
1.5700000000000012 -2.117249802491898
1.5800000000000012 -2.2580539566540887
1.5900000000000012 -2.3857118746574884
1.6000000000000012 -2.5011849211382025
1.6100000000000012 -2.6057293191989075
1.6200000000000012 -2.7007189086072536
1.6300000000000012 -2.7874568716343795
1.6400000000000012 -2.867027585873842
1.6500000000000012 -2.9401840042234184
1.6600000000000013 -3.007307190906623
1.6700000000000013 -3.0684115805602374
1.6800000000000013 -3.123231400423254
1.6900000000000013 -3.171346488518278
1.7000000000000013 -3.2123550776749035
1.7100000000000013 -3.246029295518614
1.7200000000000013 -3.272434111185717
1.7300000000000013 -3.291961617718428
1.7400000000000013 -3.3052899891487684
1.7500000000000013 -3.313266833534435
1.7600000000000013 -3.3167679328380153
1.7700000000000014 -3.3165457152165985
1.7800000000000014 -3.3131214162784364
1.7900000000000014 -3.3067173942126473
1.8000000000000014 -3.297264885198338
1.8100000000000014 -3.284466883039997
1.8200000000000014 -3.2679222248464317
1.8300000000000014 -3.247270269586352
1.8400000000000014 -3.222329107735229
1.8500000000000014 -3.1931776303063266
1.8600000000000014 -3.160161632125691
1.8700000000000014 -3.1238074162468115
1.8800000000000014 -3.084673898993021
1.8900000000000015 -3.043169402422434
1.9000000000000015 -2.999393769407525
1.9100000000000015 -2.953034233783111
1.9200000000000015 -2.9033547198152037
1.9300000000000015 -2.849276937781851
1.9400000000000015 -2.789550156918057
1.9500000000000015 -2.7229733196942596
1.9600000000000015 -2.648631191590881
1.9700000000000015 -2.5660879136161423
1.9800000000000015 -2.475498211279014
1.9900000000000015 -2.377599202518587
2.0000000000000013 -2.27358825459023
2.0100000000000002 -2.166070602380449
2.019999999999999 -2.057198543458677
2.029999999999998 -1.9452284366958654
2.039999999999997 -1.8332850380689578
2.049999999999996 -1.7188607188370533
2.0599999999999947 -1.6056458615938727
2.0699999999999936 -1.4898962049855236
2.0799999999999925 -1.373775903897707
2.0899999999999914 -1.2521202112824472
2.0999999999999903 -1.126910053578749
2.109999999999989 -0.9956641477807864
2.119999999999988 -0.8603363091148779
2.129999999999987 -0.7196907129689034
2.139999999999986 -0.574979110154958
2.149999999999985 -0.42817926753258995
2.1599999999999837 -0.2818590404711152
2.1699999999999826 -0.14112035038932724
2.1799999999999815 -0.006510210275143535
2.1899999999999804 0.12350669313376805
2.1999999999999793 0.2577975191956767
2.209999999999978 0.4077617091048289
2.219999999999977 0.5848497610657724
2.229999999999976 0.7944013382317436
2.239999999999975 1.030175238460263
2.249999999999974 1.277116516405517
2.2599999999999727 1.5117959134278038
2.2699999999999716 1.7137092631237678
2.2799999999999705 1.8670245778174532
2.2899999999999694 1.96766734843656
2.2999999999999683 2.018352108324681
2.309999999999967 2.031053594286444
2.319999999999966 2.0209560180146546
2.329999999999965 2.0088390234095073
2.339999999999964 2.016133763723122
2.349999999999963 2.0641245144630744
2.3599999999999617 2.1675654328325145
2.3699999999999606 2.331605661524925
2.3799999999999595 2.5496477268236433
2.3899999999999584 2.804162307138249
2.3999999999999573 3.072316521952427
2.409999999999956 3.3305875339676483
2.419999999999955 3.5604445545219967
2.429999999999954 3.750204686852957
2.439999999999953 3.8949292454863347
2.4499999999999518 3.9953251034818216
2.4599999999999507 4.055379976952459
2.4699999999999496 4.082884839941784
2.4799999999999485 4.087168357348187
2.4899999999999474 4.079868021052015
2.4999999999999463 4.0721539332606085
2.509999999999945 4.075147358798414
2.519999999999944 4.098433984503732
2.529999999999943 4.152312692035892
2.539999999999942 4.247499018031018
2.5499999999999408 4.396254406636228
2.5599999999999397 4.6095872328202105
2.5699999999999386 4.894470912843435
2.5799999999999375 5.249113221225496
2.5899999999999364 5.6602815481917865
2.5999999999999353 6.102522023131353
2.609999999999934 6.540108898973848
2.619999999999933 6.931944805808975
2.629999999999932 7.23737361005065
2.639999999999931 7.423096717883293
2.6499999999999297 7.469597157441857
2.6599999999999286 7.37629493614601
2.6699999999999275 7.164856639820208
2.6799999999999264 6.878443604936937
2.6899999999999253 6.577988623081129
2.6999999999999242 6.333334011024373
2.709999999999923 6.213071764856533
2.719999999999922 6.272612841613256
2.729999999999921 6.5450688270578965
2.73999999999992 7.034639640469621
2.7499999999999187 7.715347944262344
2.7599999999999176 8.533180884822507
2.7699999999999165 9.412882419532313
2.7799999999999154 10.266885743891436
2.7899999999999143 11.006672605674229
2.7999999999999132 11.553998505843918
2.809999999999912 11.851434431202282
2.819999999999911 11.870133925029709
2.82999999999991 11.614109505665844
2.839999999999909 11.120684567121888
2.8499999999999077 10.457083051555522
2.8599999999999066 9.714096287842157
2.8699999999999055 8.997562314367894
2.8799999999999044 8.418256713412948
2.8899999999999033 8.08096008941994
2.899999999999902 8.072626233800094
2.909999999999901 8.451120172878664
2.9199999999999 9.234884878836908
2.929999999999899 10.39605142748523
2.939999999999898 11.85762491775267
2.9499999999998967 13.496604350480492
2.9599999999998956 15.152894828174524
2.9699999999998945 16.644489281910946
2.9799999999998934 17.787487732756226
2.9899999999998923 18.41988952104589
2.999999999999891 18.426115075504093
3.00999999999989 17.759408262995755
3.019999999999889 16.45784284386972
3.029999999999888 14.650614101452945
3.039999999999887 12.551669507274294
3.0499999999998857 10.440150577316295
3.0599999999998846 8.629149784646433
3.0699999999998835 7.426273566578153
3.0799999999998824 7.090691682424833
3.0899999999998813 7.792104813182892
3.09999999999988 9.577326826381046
3.109999999999879 12.350647952006398
3.119999999999878 15.87265214382861
3.129999999999877 19.780088184276295
3.139999999999876 23.624781719171054
3.1499999999998747 26.926787705441303
3.1599999999998736 29.234511796248942
3.1699999999998725 30.185208081926827
3.1799999999998714 29.55934961567005
3.1899999999998703 27.32252663110456
3.199999999999869 23.647501663481968
3.209999999999868 18.910331774928956
3.219999999999867 13.658208779457794
3.229999999999866 8.55303095348938
3.2399999999998648 4.298743421683302
3.2499999999998637 1.560711510929206
3.2599999999998626 0.8821757562160606
3.2699999999998615 2.6021475073563067
3.2799999999998604 6.783703983448394
3.2899999999998593 13.169258065298251
3.299999999999858 21.18113078108652
3.309999999999857 29.975071385939778
3.319999999999856 38.5355217650464
3.329999999999855 45.78954115883954
3.3399999999998538 50.72169291262994
3.3499999999998527 52.48936876027511
3.3599999999998515 50.546341800266916
3.3699999999998504 44.7680091281554
3.3799999999998493 35.54212609574782
3.3899999999998482 23.77598040039866
3.399999999999847 10.79976578483895
3.409999999999846 -1.7994330694034986
3.419999999999845 -12.35115989694065
3.429999999999844 -19.251287178589973
3.4399999999998427 -21.117215140162138
3.4499999999998416 -17.004319604261944
3.4599999999998405 -6.685637535798863
3.4699999999998394 9.11890857096914
3.4799999999998383 28.741508334353895
3.4899999999998372 49.861075476743956
3.499999999999836 69.93468352953624
3.509999999999835 86.51087599999066
3.519999999999834 97.33055431228152
3.529999999999833 100.38095517502451
3.5399999999998317 94.18015440917428
3.5499999999998306 78.37628142648353
3.5599999999998295 54.296533417801
3.5699999999998284 24.854217890563625
3.5799999999998273 -6.270152632626662
3.589999999999826 -35.49933619562019
3.599999999999825 -59.615195172668265
3.609999999999824 -75.42492016212529
3.619999999999823 -79.43716853451366
3.629999999999822 -68.404891995038
3.6399999999998207 -41.21432491317495
3.6499999999998196 -0.8614329944473553
3.6599999999998185 46.0832925562009
3.6699999999998174 92.68696954129527
3.6799999999998163 134.2273870471831
3.689999999999815 167.89502169732438
3.699999999999814 190.6488132545765
3.709999999999813 197.13323846201519
3.719999999999812 180.3745905448077
3.729999999999811 137.8149696918157
3.7399999999998097 76.77755152929208
3.7499999999998086 9.906742433902778
3.7599999999998075 -53.575014743384614
3.7699999999998064 -109.33272308160682
3.7799999999998053 -154.5425482268699
3.789999999999804 -186.23030241754037
3.799999999999803 -194.121875278986
3.809999999999802 -159.83333101198855
3.819999999999801 -82.80845724769252
3.8299999999998 9.532633474484484
3.8399999999997987 93.1114778485009
3.8499999999997976 163.23575331065467
3.8599999999997965 216.24259838877765
3.8699999999997954 256.7442142595987
3.8799999999997943 290.1215611421204
3.889999999999793 286.66985044842585
3.899999999999792 224.44148805709216
3.909999999999791 136.35771942428357
3.91999999999979 46.81736196303963
3.9299999999997888 -42.85215079726345
3.9399999999997877 -104.74317359528024
3.9499999999997866 -136.90591332335998
3.9599999999997855 -165.20097456287297
3.9699999999997844 -173.98777336311426
3.9799999999997833 -139.7144151981452
3.989999999999782 -97.39304401403172
3.999999999999781 -55.4345955416062
4.00999999999978 7.089548837135538
4.019999999999779 63.57456600036181
4.029999999999778 108.60886238214738
4.039999999999777 147.15556698831494
4.049999999999776 162.50866840992484
4.059999999999775 152.5189247567945
4.069999999999774 149.51361311903895
4.079999999999773 142.73723882153564
4.089999999999772 114.598652748885
4.0999999999997705 74.27834330252975
4.109999999999769 15.269284942279569
4.119999999999768 -57.09023453303604
4.129999999999767 -108.10815883689236
4.139999999999766 -117.14718523591057
4.149999999999765 -106.0476096654028
4.159999999999764 -88.82817396053893
4.169999999999763 -76.14166256393848
4.179999999999762 -72.17429640710368
4.189999999999761 -57.90631955994219
4.1999999999997595 -10.288539705465809
4.209999999999758 61.0950916390577
4.219999999999757 127.47374227191901
4.229999999999756 163.52189992816776
4.239999999999755 157.21790667760015
4.249999999999754 128.49393129505876
4.259999999999753 106.48658017632935
4.269999999999752 97.8794854644986
4.279999999999751 89.22723660129307
4.28999999999975 63.581997496496996
4.2999999999997485 6.19661088636731
4.309999999999747 -70.43567552627326
4.319999999999746 -127.29817027313365
4.329999999999745 -139.74659297688476
4.339999999999744 -114.50388186444707
4.349999999999743 -75.522105139449
4.359999999999742 -46.261618532790834
4.369999999999741 -36.01842287843047
4.37999999999974 -27.35579299685014
4.3899999999997386 3.729715454909382
4.3999999999997375 61.113556949473065
4.409999999999736 124.48030169025964
4.419999999999735 164.33784707246434
4.429999999999734 164.25322380786852
4.439999999999733 132.574481391998
4.449999999999732 92.57199752450703
4.459999999999731 60.816429460909674
4.46999999999973 39.11783158933092
4.479999999999729 14.01013221583375
4.4899999999997275 -29.6036625782571
4.499999999999726 -88.01025138310578
4.509999999999725 -137.23073078652263
4.519999999999724 -155.56007592446306
4.529999999999723 -137.3889808592003
4.539999999999722 -94.73300446194662
4.549999999999721 -48.779821908128866
4.55999999999972 -13.439111247298456
4.569999999999719 14.827618013044571
4.579999999999718 48.75987447538705
4.5899999999997165 92.59283824543172
4.599999999999715 135.85157515724782
4.609999999999714 161.9821725839041
4.619999999999713 160.43483030385053
4.629999999999712 132.42432684885767
4.639999999999711 89.20240519850087
4.64999999999971 43.98323270313202
4.659999999999709 1.7681036517078326
4.669999999999708 -41.05174902882857
4.679999999999707 -85.9959430046145
4.6899999999997055 -124.8511903253233
4.699999999999704 -146.01711605891867
4.709999999999703 -142.8878119406075
4.719999999999702 -117.53119381905121
4.729999999999701 -78.89128892267124
4.7399999999997 -36.93126744000378
4.749999999999699 4.7774111090078435
4.759999999999698 49.043115950887085
4.769999999999697 95.43621369309267
4.779999999999696 134.5797589245818
4.7899999999996945 155.3567122789629
4.799999999999693 154.24047797800324
4.809999999999692 134.32441554611316
4.819999999999691 101.8764765782932
4.82999999999969 63.65624328231525
4.839999999999689 21.6092520828242
4.849999999999688 -27.82839940017091
4.859999999999687 -82.48475550626472
4.869999999999686 -129.144605861454
4.879999999999685 -152.929078196625
4.8899999999996835 -148.06520222878032
4.899999999999682 -120.71295666358485
4.909999999999681 -83.85310905966625
4.91999999999968 -47.40509504565328
4.929999999999679 -11.849919602426567
4.939999999999678 29.618068276982
4.949999999999677 79.73141391701384
4.959999999999676 127.90374155439045
4.969999999999675 156.97975281933498
4.979999999999674 159.17346407760732
4.9899999999996725 138.54584270012037
4.999999999999671 104.78655375966667
5.00999999999967 67.70392059019281
5.019999999999669 30.857963229851947
5.029999999999668 -12.028906917398785
5.039999999999667 -64.47231488994666
5.049999999999666 -116.04617157680178
5.059999999999665 -149.21430379630692
5.069999999999664 -153.49946981796228
5.079999999999663 -130.63057677475047
5.0899999999996615 -93.23276949217939
5.09999999999966 -54.80743571171761
5.109999999999659 -19.693350741322988
5.119999999999658 17.907490149256517
5.129999999999657 63.95529367435793
5.139999999999656 112.8177695698171
5.149999999999655 148.34281260158983
5.159999999999654 159.17500250515698
5.169999999999653 145.67951622936988
5.1799999999996515 115.60850669038051
5.1899999999996504 78.60606954971769
5.199999999999649 41.16287302033081
5.209999999999648 0.021852730117274177
5.219999999999647 -50.092894483481246
5.229999999999646 -102.6954218983712
5.239999999999645 -141.2139498655473
5.249999999999644 -153.42840873718103
5.259999999999643 -137.94956009396137
5.269999999999642 -104.5630903049067
5.2799999999996405 -66.64817853260251
5.289999999999639 -31.094187769551723
5.299999999999638 5.650193082659129
5.309999999999637 50.230960582472676
5.319999999999636 99.98850955185537
5.329999999999635 140.29277496806648
5.339999999999634 157.51037857346466
5.349999999999633 149.677010573247
5.359999999999632 123.65426981880594
5.369999999999631 88.72970719940389
5.3799999999996295 52.35452069150796
5.389999999999628 13.47530807736888
5.399999999999627 -34.395765539568345
5.409999999999626 -88.43803927236797
5.419999999999625 -133.07599217772105
5.429999999999624 -153.3056234564227
5.439999999999623 -144.53538612153653
5.449999999999622 -114.3244021005548
5.459999999999621 -76.50742122336906
5.46999999999962 -40.73178083332614
5.4799999999996185 -5.842461205971787
5.489999999999617 35.7019195828436
5.499999999999616 85.1399806640332
5.509999999999615 130.5148668383829
5.519999999999614 155.7067867412589
5.529999999999613 154.7887173562286
5.539999999999612 132.65398158905845
5.549999999999611 98.73245299236564
5.55999999999961 62.05278505168176
5.569999999999609 24.733314348273368
5.5799999999996075 -19.678586781052914
5.589999999999606 -72.66992101631467
5.599999999999605 -121.93698545938875
5.609999999999604 -150.69044154281573
5.619999999999603 -150.54857526224887
5.629999999999602 -125.2577209881361
5.639999999999601 -87.7923199532168
5.6499999999996 -50.36977354919991
5.659999999999599 -15.456233225100064
5.669999999999598 23.473661494088688
5.6799999999995965 70.83870153314624
5.689999999999595 118.75609135261467
5.699999999999594 150.84702702344615
5.709999999999593 157.59171991672684
5.719999999999592 141.00116461596502
5.729999999999591 109.5201653325698
5.73999999999959 72.64764003475095
5.749999999999589 35.465343338162114
5.759999999999588 -6.5710352820026685
5.769999999999587 -57.74541792589983
5.7799999999995855 -109.6092355306198
5.789999999999584 -145.2000465528543
5.799999999999583 -153.37367831031366
5.809999999999582 -134.31442172644347
5.819999999999581 -99.04847460403715
5.82999999999958 -60.91148564613835
5.839999999999579 -25.518790582050272
5.849999999999578 11.758468040184226
5.859999999999577 57.14246486700068
5.869999999999576 106.46292014467411
5.8799999999995745 144.345754852823
5.889999999999573 158.29314351754297
5.899999999999572 147.51300763232234
5.909999999999571 119.35927282385249
5.91999999999957 83.29472449207051
5.929999999999569 46.33969402892484
5.939999999999568 6.361753447813172
5.949999999999567 -42.64743383376879
5.959999999999566 -96.12595047847049
5.9699999999995645 -137.8868836882959
5.979999999999563 -154.18242586392145
5.989999999999562 -141.8575753733338
5.999999999999561 -109.60731928263925
6.00999999999956 -71.26181419530334
6.019999999999559 -35.31911882174454
6.029999999999558 0.5103439818889655
6.039999999999557 43.45168592234566
6.049999999999556 92.98498389227592
6.059999999999555 135.87747271623104
6.0699999999995535 157.1445151339744
6.079999999999552 152.7328461580073
6.089999999999551 128.44316835824196
6.09999999999955 93.63086258858159
6.109999999999549 56.72229019809269
6.119999999999548 18.41877196831784
6.129999999999547 -27.811701705130034
6.139999999999546 -81.35702564020261
6.149999999999545 -128.2271318653484
6.159999999999544 -152.57102117073183
6.1699999999995425 -147.9062434340255
6.179999999999541 -119.86861447391416
6.18999999999954 -81.92070601218242
6.199999999999539 -45.07226529487848
6.209999999999538 -9.971168959621266
6.219999999999537 30.433180828795315
6.229999999999536 78.91174755115091
6.239999999999535 125.45663747636189
6.249999999999534 153.7909187378847
6.259999999999533 156.38468314123608
6.2699999999995315 136.82646168525469
6.27999999999953 104.00887829119247
6.289999999999529 67.13180475458616
6.299999999999528 29.76020288790862
6.309999999999527 -13.728907285662814
6.319999999999526 -66.11197702083305
6.329999999999525 -116.69647275994018
6.339999999999524 -148.50408964918844
6.349999999999523 -151.98465358742533
6.359999999999522 -129.35226510183188
6.3699999999995205 -92.79771132069729
6.379999999999519 -55.09257157834054
6.389999999999518 -20.045026574208222
6.399999999999517 18.148914048310317
6.409999999999516 64.78320319680262
6.419999999999515 113.55681026002276
6.429999999999514 148.32450004596618
6.439999999999513 158.20318766293155
6.449999999999512 144.09028313091784
6.459999999999511 114.05477851094255
6.4699999999995095 77.5770932236708
6.479999999999508 40.625776164839195
6.489999999999507 -0.409749557699044
6.499999999999506 -50.76070551421111
6.509999999999505 -103.63874389491235
6.519999999999504 -142.16680428195065
6.529999999999503 -153.9645469315161
6.539999999999502 -137.74210688185235
6.549999999999501 -103.63645924880456
6.5599999999995 -65.36722680961313
6.5699999999994985 -29.86317011805214
6.579999999999497 6.596895826850371
6.589999999999496 50.8749018446544
6.599999999999495 100.47835579253518
6.609999999999494 140.81695035911443
6.619999999999493 158.1100081663973
6.629999999999492 150.12670518382492
6.639999999999491 123.61642110077065
6.64999999999949 88.0411721514069
6.6599999999994886 51.14899693801549
6.6699999999994874 12.052289722939548
6.679999999999486 -35.697171041617196
6.689999999999485 -89.37802416682686
6.699999999999484 -133.62612305037
6.709999999999483 -153.64033530950414
6.719999999999482 -144.71827858741557
6.729999999999481 -114.2251540929118
6.73999999999948 -75.95119897726009
6.749999999999479 -39.62332614643515
6.7599999999994775 -4.2347044894943195
6.769999999999476 37.5059111849298
6.779999999999475 86.65527163960786
6.789999999999474 131.37291828079336
6.799999999999473 155.92216736551978
6.809999999999472 154.6683220665049
6.819999999999471 132.46433592567374
6.82999999999947 98.47954755090372
6.839999999999469 61.5564545950026
6.849999999999468 23.74433859025146
6.8599999999994665 -21.224743462838575
6.869999999999465 -74.3730135867163
6.879999999999464 -123.10320997044192
6.889999999999463 -150.92262897331975
6.899999999999462 -149.92765975379024
6.909999999999461 -124.2177876358811
6.91999999999946 -86.77914507836027
6.929999999999459 -49.525451116184996
6.939999999999458 -14.52790316458561
6.949999999999457 24.813344682511783
6.9599999999994555 72.52274765756525
6.969999999999454 120.25489903060424
6.979999999999453 151.6147458971142
6.989999999999452 157.5081669216644
6.999999999999451 140.35306929228165
7.00999999999945 108.71537745688599
7.019999999999449 71.96283381081906
7.029999999999448 34.83179778357723
7.039999999999447 -7.493333079459461
7.049999999999446 -59.045623093763936
7.0599999999994445 -110.86352304080879
7.069999999999443 -145.84508431432783
7.079999999999442 -153.11266794056715
7.089999999999441 -133.27546352513372
7.09999999999944 -97.68544696207638
7.109999999999439 -59.663101759825494
7.119999999999438 -24.4632702012575
7.129999999999437 12.860532743705079
7.139999999999436 58.45203958474997
7.149999999999435 107.76608591336449
7.1599999999994335 145.20493150234378
7.169999999999432 158.47327581262587
7.179999999999431 147.0814391664228
7.18999999999943 118.55947855284401
7.199999999999429 82.40791276514116
7.209999999999428 45.49809726746483
7.219999999999427 5.411455804238614
7.229999999999426 -43.803845761486116
7.239999999999425 -97.22491058781026
7.249999999999424 -138.49455628984376
7.2599999999994225 -154.06723045369517
7.269999999999421 -141.07379091042003
7.27999999999942 -108.46270334556837
7.289999999999419 -70.09848885788071
7.299999999999418 -34.245436444055315
7.309999999999417 1.6424985485336805
7.319999999999416 44.76360416049039
7.329999999999415 94.29539086470032
7.339999999999414 136.78388075080673
7.349999999999413 157.41790573312562
7.3599999999994115 152.43989915814177
7.36999999999941 127.80338682594623
7.379999999999409 92.86335143233826
7.389999999999408 55.94409400184393
7.399999999999407 17.503735656322647
7.409999999999406 -28.99114238531719
7.419999999999405 -82.5856999825917
7.429999999999404 -129.03603205204467
7.439999999999403 -152.66325894902
7.4499999999994015 -147.2835494363916
7.4599999999994 -118.82274353006459
7.469999999999399 -80.8134715986193
7.479999999999398 -44.065819755890644
7.489999999999397 -8.939350786360933
7.499999999999396 31.675082906487347
7.509999999999395 80.27226463471527
7.519999999999394 126.5382256842594
7.529999999999393 154.25916795259522
7.539999999999392 156.21727531629517
7.5499999999993905 136.2227603832048
7.559999999999389 103.2137825716047
7.569999999999388 66.32858882180157
7.579999999999387 28.893265552039182
7.589999999999386 -14.841566961219868
7.599999999999385 -67.38200889960666
7.609999999999384 -117.70115446939892
7.619999999999383 -148.8730118622251
7.629999999999382 -151.611251283885
7.639999999999381 -128.44010249130721
7.6499999999993795 -91.7059397434899
7.659999999999378 -54.06946631707796
7.669999999999377 -19.051183253990374
7.679999999999376 19.30605159859168
7.689999999999375 66.11272106414401
7.699999999999374 114.74146729996662
7.709999999999373 148.97926772397363
7.719999999999372 158.2168315414062
7.729999999999371 143.60125268745645
7.73999999999937 113.28771696975552
7.7499999999993685 76.74216139756986
7.759999999999367 39.754818519375874
7.769999999999366 -1.48879940482
7.779999999999365 -52.049620755754404
7.789999999999364 -104.78285639451894
7.799999999999363 -142.749195137706
7.809999999999362 -153.80957698778067
7.819999999999361 -136.97593823036763
7.82999999999936 -102.5955955198019
7.839999999999359 -64.34816287260475
7.8499999999993575 -28.897476296667932
7.859999999999356 7.689661256646389
7.869999999999355 52.17781933610323
7.879999999999354 101.74800150715456
7.889999999999353 141.62991650069225
7.899999999999352 158.26969784530547
7.909999999999351 149.72576568490226
7.91999999999935 122.88015507137406
7.929999999999349 87.19621487280733
7.939999999999348 50.292514823407
7.9499999999993465 11.032719459348783
7.959999999999345 -36.97235759549139
7.969999999999344 -90.64164308244901
7.979999999999343 -134.41977343987503
7.989999999999342 -153.70575011052307
7.999999999999341 -144.09655498230927
8.009999999999344 -113.22869728960825
8.019999999999348 -74.92477078383737
8.029999999999351 -38.68159966002899
8.039999999999354 -3.2267909739451
8.049999999999358 38.7378051485706
8.059999999999361 87.96871268667635
8.069999999999364 132.3458312333145
8.079999999999368 156.25868027204513
8.089999999999371 154.3847843599438
8.099999999999374 131.7703776374692
8.109999999999378 97.61688658971802
8.119999999999381 60.68996178030831
8.129999999999384 22.782773418497527
8.139999999999388 -22.442375101901504
8.149999999999391 -75.69404773513426
8.159999999999394 -124.07919130381703
8.169999999999398 -151.21869457737583
8.179999999999401 -149.48903559085903
8.189999999999404 -123.29781286086552
8.199999999999408 -85.74281477473612
8.209999999999411 -48.574408892073414
8.219999999999414 -13.574435269955742
8.229999999999418 25.964149917515982
8.239999999999421 73.83118221904311
8.249999999999424 121.35157177856621
8.259999999999428 152.1289629789281
8.269999999999431 157.3721416736136
8.279999999999434 139.7381598578871
8.289999999999438 107.86108305584214
8.299999999999441 71.07723935124432
8.309999999999444 33.90387697860376
8.319999999999448 -8.648290639965595
8.329999999999451 -60.38270417300785
8.339999999999455 -111.98616848901068
8.349999999999458 -146.35794878897684
8.359999999999461 -152.87751551301352
8.369999999999465 -132.46874389923147
8.379999999999468 -96.66495440928519
8.389999999999471 -58.699227893632475
8.399999999999475 -23.542285051965308
8.409999999999478 13.93629211239653
8.419999999999481 59.7319644528541
8.429999999999485 108.95953999547424
8.439999999999488 145.8929446315934
8.449999999999491 158.50031956401048
8.459999999999495 146.5683485274147
8.469999999999498 117.73907725183601
8.479999999999501 81.510243101526
8.489999999999505 44.590531326420205
8.499999999999508 4.3223169135545305
8.509999999999511 -45.126009485931036
8.519999999999515 -98.46512261080963
8.529999999999518 -139.21261804908846
8.539999999999521 -154.04646860297325
8.549999999999525 -140.40346576403226
8.559999999999528 -107.47588452457481
8.569999999999531 -69.11799067039732
8.579999999999535 -33.33908713963875
8.589999999999538 2.6476809413371
8.599999999999541 45.99284566498244
8.609999999999545 95.55342013371691
8.619999999999548 137.63873410924435
8.629999999999551 157.62216450350215
8.639999999999555 152.04903490688287
8.649999999999558 127.03650746976007
8.659999999999561 91.96037112051765
8.669999999999565 55.04213065004835
8.679999999999568 16.47805201124973
8.689999999999571 -30.26936998608886
8.699999999999575 -83.90418521473336
8.709999999999578 -129.94148710573498
8.719999999999581 -152.86410758625803
8.729999999999585 -146.77661053797823
8.739999999999588 -117.89489723900562
8.749999999999591 -79.81845168808566
8.759999999999595 -43.1559216865429
8.769999999999598 -7.991080452325463
8.779999999999601 32.839073439271885
8.789999999999605 81.55716066022472
8.799999999999608 127.54105601815073
8.809999999999611 154.6476977205393
8.819999999999615 155.96999163010008
8.829999999999618 135.53173317650578
8.839999999999621 102.31988192984518
8.849999999999625 65.42120838691173
8.859999999999628 27.918476710047912
8.869999999999632 -16.058552650135823
8.879999999999635 -68.7375074341735
8.889999999999638 -118.76846324304915
8.899999999999642 -149.2916443117184
8.909999999999645 -151.289646432452
8.919999999999648 -127.59911990609572
8.929999999999652 -90.70753990423157
8.939999999999655 -53.143967833262735
8.949999999999658 -18.141563496496744
8.959999999999662 20.399163913826
8.969999999999665 67.39048075807551
8.979999999999668 115.86565140573376
8.989999999999672 149.55189175603692
8.999999999999675 158.1307875290935
9.009999999999678 143.00641394217791
9.019999999999682 112.42132303019022
9.029999999999685 75.82607094300117
9.039999999999688 38.81508913348807
9.049999999999692 -2.6354279477746303
9.059999999999695 -53.40360815537056
9.069999999999698 -105.98219307878799
9.079999999999702 -143.37657078870555
9.089999999999705 -153.69105274522886
9.099999999999708 -136.25011566592065
9.109999999999712 -101.61149423241022
9.119999999999715 -63.40037646151742
9.129999999999718 -28.007125462919717
9.139999999999722 8.712741061175493
9.149999999999725 53.420042712988476
9.159999999999728 102.96017848516479
9.169999999999732 142.38019908941337
9.179999999999735 158.35956827136292
9.189999999999738 149.24723645400545
9.199999999999742 122.06114491467045
9.209999999999745 86.27443336247283
9.219999999999748 49.370499854544654
9.229999999999752 9.956645458653014
9.239999999999755 -38.292636887264166
9.249999999999758 -91.9369518975295
9.259999999999762 -135.24068507672595
9.269999999999765 -153.80126551424064
9.279999999999768 -143.51408181926035
9.289999999999772 -112.28307315570015
9.299999999999775 -73.9546648963631
9.309999999999778 -37.79225876892812
9.319999999999782 -2.2649190797155683
9.329999999999785 39.924781627265645
9.339999999999788 89.23124681410297
9.349999999999792 133.25881189587253
9.359999999999795 156.53358596772972
9.369999999999798 154.04274515932534
9.379999999999802 131.0198393591237
9.389999999999805 96.69995398264311
9.399999999999809 59.77155051500414
9.409999999999812 21.76868074764134
9.419999999999815 -23.70647715996303
9.429999999999819 -77.04554071173857
9.439999999999822 -125.07273486255528
9.449999999999825 -151.5308340181761
9.459999999999829 -149.0759304262159
9.469999999999832 -122.41906425310378
9.479999999999835 -84.75824951688605
9.489999999999839 -47.6719257884602
9.499999999999842 -12.65853636073274
9.509999999999845 27.085043501062472
9.519999999999849 75.10698677619447
9.529999999999852 122.40405722375073
9.539999999999855 152.59178869290534
9.549999999999859 157.18533384053296
9.559999999999862 139.07641947927073
9.569999999999865 106.96474524008676
9.579999999999869 70.15417207457888
9.589999999999872 32.93673748315297
9.599999999999875 -9.843197969737076
9.609999999999879 -61.75053630653363
9.619999999999882 -113.12603503726444
9.629999999999885 -146.88181287887969
9.639999999999889 -152.65565106065966
9.649999999999892 -131.6864918073506
9.659999999999895 -95.68095694546037
9.669999999999899 -57.77440791252027
9.679999999999902 -22.65361540059922
9.689999999999905 14.987922976735774
9.699999999999909 60.988531368134176
9.709999999999912 110.12089020729402
9.719999999999915 146.5402547153621
9.729999999999919 158.48482360464706
9.739999999999922 146.01507635133646
9.749999999999925 116.88207553095081
9.759999999999929 80.58131750806558
9.769999999999932 43.652419576347356
9.779999999999935 3.2008363094155072
9.789999999999939 -46.474742331850194
9.799999999999942 -99.71917497366252
9.809999999999945 -139.9368745541332
9.819999999999949 -154.0315157123323
9.829999999999952 -139.74709746263494
9.839999999999955 -106.51418166806528
9.849999999999959 -68.16773508390087
9.859999999999962 -32.458858188821466
9.869999999999965 3.634366557851962
9.879999999999969 47.20545608799145
9.889999999999972 96.7874645951226
9.899999999999975 138.45966181922518
9.909999999999979 157.78945813892554
9.919999999999982 151.6236402720964
9.929999999999986 126.2389376452415
9.939999999999989 91.031881558399
9.949999999999992 54.116471618301595
9.959999999999996 15.425658113182479
9.969999999999999 -31.571683714621457
9.980000000000002 -85.23504165805855
9.990000000000006 -130.84888342036373
10.000000000000009 -153.06367554277807
10.010000000000012 -146.27395287509387
10.020000000000016 -116.98235748445722
10.030000000000019 -78.84680317753217
10.040000000000022 -42.26814661674844
10.050000000000026 -7.057865124216107
10.060000000000029 33.99183495070656
10.070000000000032 82.82567680577847
10.080000000000036 128.51653287802046
10.090000000000039 155.00358425815747
10.100000000000042 155.69146195858235
10.110000000000046 134.81372807375578
10.120000000000049 101.4045191205053
10.130000000000052 64.4960006865288
10.140000000000056 26.92310487390057
10.150000000000059 -17.2965427484246
10.160000000000062 -70.10513316514385
10.170000000000066 -119.83608429906457
10.180000000000069 -149.70522005973208
10.190000000000072 -150.96552077975696
10.200000000000076 -126.76531618636612
10.210000000000079 -89.72591011411092
10.220000000000082 -52.2368968024522
10.230000000000086 -17.24488078444155
10.240000000000089 21.484467880007145
10.250000000000092 68.65758735639486
10.260000000000096 116.96855663369729
10.270000000000099 150.09610397094497
10.280000000000102 158.01649969791606
10.290000000000106 142.38754304488253
10.300000000000109 111.5360805092796
10.310000000000112 74.89581242911618
10.320000000000116 37.85957671259209
10.330000000000119 -3.8003360623764877
10.340000000000122 -54.769794003680516
10.350000000000126 -107.18132948956318
10.360000000000129 -143.99650992410963
10.370000000000132 -153.56516459375263
10.380000000000136 -135.52513440601783
10.39000000000014 -100.63839462634971
10.400000000000142 -62.46769188211463
10.410000000000146 -27.12798987851737
10.42000000000015 9.730640339641937
10.430000000000152 54.65628795863262
10.440000000000156 104.15672871410138
10.45000000000016 143.10574692412808
10.460000000000163 158.42338432160213
10.470000000000166 148.7466997796058
10.48000000000017 121.22532873147478
10.490000000000173 85.34116959811146
10.500000000000176 48.436846481199154
10.51000000000018 8.864922061748246
10.520000000000183 -39.625516827998865
10.530000000000186 -93.23313240180227
10.54000000000019 -136.05313341019533
10.550000000000193 -153.8859958788123
10.560000000000196 -142.9270375680769
10.5700000000002 -111.34309106282822
10.580000000000203 -72.99666096478882
10.590000000000206 -36.9131099431587
10.60000000000021 -1.3069264069011268
10.610000000000213 41.10931921705259
10.620000000000216 90.4836505997944
10.63000000000022 134.15095198211066
10.640000000000223 156.7842478020767
10.650000000000226 153.6795880213206
10.66000000000023 130.2534722014239
10.670000000000233 95.77294330405878
10.680000000000236 58.84480371431382
10.69000000000024 20.74196004896828
10.700000000000243 -24.98311337778611
10.710000000000246 -78.39988730783787
10.72000000000025 -126.05804299645649
10.730000000000253 -151.83022255714695
10.740000000000256 -148.65373165320943
10.75000000000026 -121.54082031294797
10.760000000000263 -83.7824880559779
10.770000000000266 -46.77870851896365
10.78000000000027 -11.746283733306768
10.790000000000273 28.205740423207033
10.800000000000276 76.37737737370361
10.81000000000028 123.43980530611401
10.820000000000283 153.0322115921083
10.830000000000286 156.9778370283305
10.84000000000029 138.39922120755082
10.850000000000293 106.05877107730169
10.860000000000296 69.22497060779264
10.8700000000003 31.9600514832444
10.880000000000303 -11.050034050846975
10.890000000000306 -63.123354523657014
10.90000000000031 -114.25880822944612
10.910000000000313 -147.3921007036029
10.920000000000316 -152.42125014067526
10.93000000000032 -130.90019174658914
10.940000000000323 -94.70228629402041
10.950000000000326 -56.85781013248737
10.96000000000033 -21.768855738867657
10.970000000000333 16.040624628020353
10.980000000000336 62.24344607866536
10.99000000000034 111.26973077081868
11.000000000000343 147.16709834203752
11.010000000000346 158.44886046369356
11.02000000000035 145.4462523201554
11.030000000000353 116.01529887300671
11.040000000000356 79.6474451141809
11.05000000000036 42.7075865606045
11.060000000000363 2.068494924391487
11.070000000000366 -47.83033190601407
11.08000000000037 -100.96814090980547
11.090000000000373 -140.64761632852648
11.100000000000376 -154.00163094255964
11.11000000000038 -139.08265937502296
11.120000000000383 -105.55417208244035
11.130000000000386 -67.22441834209161
11.14000000000039 -31.582986943317493
11.150000000000393 4.6224634003765175
11.160000000000396 48.41916571927058
11.1700000000004 98.01329598774026
11.180000000000403 139.26243389100847
11.190000000000406 157.9365948719277
11.20000000000041 151.18220661981226
11.210000000000413 125.43105912486587
11.220000000000416 90.09872490579362
11.23000000000042 53.18641127291667
11.240000000000423 14.364009240895626
11.250000000000426 -32.88212650543633
11.26000000000043 -86.56350358317775
11.270000000000433 -131.74364295114967
11.280000000000436 -153.24700485884998
11.29000000000044 -145.7597572048347
11.300000000000443 -116.0678218920176
11.310000000000446 -77.88040081954098
11.32000000000045 -41.38508703213721
11.330000000000453 -6.12370868321463
11.340000000000456 35.14747882306423
11.35000000000046 84.09005386154075
11.360000000000463 129.47666080951072
11.370000000000466 155.33987687504003
11.38000000000047 155.3961740175069
11.390000000000473 134.08463380005134
11.400000000000476 100.4840520258168
11.41000000000048 63.568002762002294
11.420000000000483 25.92051304223358
11.430000000000486 -18.543254690883757
11.44000000000049 -71.47333056366568
11.450000000000493 -120.89266798403759
11.460000000000496 -150.10218608767897
11.4700000000005 -150.62701294279674
11.480000000000503 -125.92595589305472
11.490000000000506 -88.74738868290014
11.50000000000051 -51.334659709732136
11.510000000000513 -16.34825355024759
11.520000000000516 22.573595958707344
11.53000000000052 69.92407353143588
11.540000000000523 118.05940887432979
11.550000000000527 150.62163364693825
11.56000000000053 157.88471978472347
11.570000000000533 141.7566299057446
11.580000000000537 110.64483170065844
11.59000000000054 73.96358628658832
11.600000000000543 36.8990306447937
11.610000000000547 -4.973899783907356
11.62000000000055 -56.13930806620351
11.630000000000553 -108.37172513972888
11.640000000000557 -144.60023562567446
11.65000000000056 -153.42280047145874
11.660000000000563 -134.7912651997516
11.670000000000567 -99.6658246961716
11.68000000000057 -61.53957454209196
11.690000000000573 -26.250069387201506
11.700000000000577 10.752521541482167
11.71000000000058 55.89462297290197
11.720000000000583 105.34489031751113
11.730000000000587 143.81401130148828
11.74000000000059 158.46918465175455
11.750000000000593 148.23299369102827
11.760000000000597 120.38231797519236
11.7700000000006 84.40595525632244
11.780000000000603 47.50013761814549
11.790000000000607 7.765274396690714
11.80000000000061 -40.96387748303772
11.810000000000613 -94.52349149949464
11.820000000000617 -136.85043139237214
11.83000000000062 -153.9530277928689
11.840000000000623 -142.32806787236404
11.850000000000627 -110.40071813275755
11.86000000000063 -72.0424426738575
11.870000000000633 -36.03620975319977
11.880000000000637 -0.3455437571536919
11.89000000000064 42.29777260720573
11.900000000000643 91.73143849579944
11.910000000000647 135.02782237813855
11.92000000000065 157.01673882066663
11.930000000000653 153.30201245790724
11.940000000000657 129.478584166377
11.95000000000066 94.84330833325185
11.960000000000663 57.91649645719799
11.970000000000667 19.708676334393587
11.98000000000067 -26.266612716682488
11.990000000000673 -79.75170750343469
12.000000000000677 -127.02987477914999
12.01000000000068 -152.1115451633673
12.020000000000683 -148.21695196833477
12.030000000000687 -120.65711952130363
12.04000000000069 -82.80916108531717
12.050000000000693 -45.88848886851446
12.060000000000697 -10.831827621726404
12.0700000000007 29.33136423159567
12.080000000000704 77.6466672199875
12.090000000000707 124.46293576946621
12.10000000000071 153.45474469510043
12.110000000000714 156.7546864544909
12.120000000000717 137.71212107750097
12.13000000000072 105.14901511101118
12.140000000000724 68.29505805355656
12.150000000000727 30.978589673191095
12.16000000000073 -12.26435089561339
12.170000000000734 -64.49689049856323
12.180000000000737 -115.38037452737692
12.19000000000074 -147.8846886351413
12.200000000000744 -152.17014995979054
12.210000000000747 -130.1054098084203
12.22000000000075 -93.72413377390744
12.230000000000754 -55.944552959977116
12.240000000000757 -20.88335487136338
12.25000000000076 17.098526810902882
12.260000000000764 63.50016116841536
12.270000000000767 112.40915170554379
12.28000000000077 147.77684844970014
12.290000000000774 158.39622245573196
12.300000000000777 144.86609627996842
12.31000000000078 115.14329805334755
12.320000000000784 78.71297815246487
12.330000000000787 41.759821839262315
12.34000000000079 0.9287831627084842
12.350000000000794 -49.18939219671563
12.360000000000797 -102.2087548058891
12.3700000000008 -141.34164726914372
12.380000000000804 -153.95364635896038
12.390000000000807 -138.40687042131907
12.40000000000081 -104.59226690484364
12.410000000000814 -66.28425491238669
12.420000000000817 -30.707776198959692
12.43000000000082 5.615323644570779
12.440000000000824 49.63676656022085
12.450000000000827 99.23324314630989
12.46000000000083 140.04953974338727
12.470000000000834 158.06642267254418
12.480000000000837 150.72795139566858
12.49000000000084 124.61638461369849
12.500000000000844 89.16438585611624
12.510000000000847 52.2549704184658
12.52000000000085 13.295812843828557
12.530000000000854 -34.19803484454391
12.540000000000857 -87.88693860878797
12.55000000000086 -132.62324857517817
12.560000000000864 -153.41164017253044
12.570000000000867 -145.23158644989246
12.58000000000087 -115.14864657463067
12.590000000000874 -76.91635737335224
12.600000000000877 -40.503824347923526
12.61000000000088 -5.185876892057479
12.620000000000884 36.3082869663275
12.630000000000887 85.35208804258792
12.64000000000089 130.42324966773555
12.650000000000894 155.65869776664098
12.660000000000897 155.0865764795774
12.6700000000009 133.34714911962965
12.680000000000904 99.56126533467467
12.690000000000907 62.6396552666608
12.70000000000091 24.912802461982267
12.710000000000914 -19.796608871805816
12.720000000000917 -72.83997645114079
12.73000000000092 -121.93620409052198
12.740000000000924 -150.48061362906958
12.750000000000927 -150.27228647980957
12.76000000000093 -125.07909722296739
12.770000000000934 -87.76981011157366
12.780000000000937 -50.43497313243634
12.79000000000094 -15.449465038594624
12.800000000000944 23.668419850929524
12.810000000000947 71.19136592161772
12.82000000000095 119.13950528932367
12.830000000000954 151.13004514313556
12.840000000000957 157.7372999056883
12.85000000000096 141.1157422121011
12.860000000000964 109.74977906140478
12.870000000000967 73.03138160776757
12.88000000000097 35.935096624510436
12.890000000000974 -6.15450744674726
12.900000000000977 -57.51044808467179
12.91000000000098 -109.55173503011162
12.920000000000984 -145.18621336859317
12.930000000000987 -153.2625497576514
12.94000000000099 -134.04709113426156
12.950000000000994 -98.69219729140646
12.960000000000997 -60.614261233288616
12.970000000001 -25.371582059456202
12.980000000001004 11.7799361281306
12.990000000001007 57.13621132510042
13.00000000000101 106.52557924829219
13.010000000001014 144.5061145877469
13.020000000001017 158.49835847250492
13.03000000000102 147.7077150417702
13.040000000001024 119.53384522745543
13.050000000001027 83.4704248792816
13.06000000000103 46.561682036721976
13.070000000001034 6.6589265240526885
13.080000000001037 -42.306376818050694
13.09000000000104 -95.80665058826219
13.100000000001044 -137.6313326102473
13.110000000001047 -154.0012455955718
13.12000000000105 -141.71614285671285
13.130000000001054 -109.45482162534374
13.140000000001058 -71.09068114606336
13.15000000000106 -35.1601406682086
13.160000000001064 0.6205342563969225
13.170000000001068 43.491113407211685
13.18000000000107 92.97526351031516
13.190000000001074 135.89019036280075
13.200000000001078 157.23208402390296
13.21000000000108 152.91125618563035
13.220000000001084 128.69653178038246
13.230000000001088 93.91239641070142
13.240000000001091 56.98769380321344
13.250000000001094 18.669740588638746
13.260000000001098 -27.55593861491498
13.270000000001101 -81.09984105909257
13.280000000001104 -127.98719315889952
13.290000000001108 -152.37389555557743
13.300000000001111 -147.76483473196663
13.310000000001114 -119.76717007579387
13.320000000001118 -81.83730152983071
13.330000000001121 -45.000155627102004
13.340000000001124 -9.914068859835098
13.350000000001128 30.462738841317105
13.360000000001131 78.91534721991101
13.370000000001134 125.47393794180539
13.380000000001138 153.86012652367322
13.390000000001141 156.51683605666457
13.400000000001144 137.01618132982836
13.410000000001148 104.23658263155023
13.420000000001151 67.36532507203427
13.430000000001154 29.993029783634114
13.440000000001158 -13.485365936557429
13.450000000001161 -65.87018652183045
13.460000000001164 -116.48984309387728
13.470000000001168 -148.3588235288625
13.480000000001171 -151.90177325289838
13.490000000001174 -129.3016031643764
13.500000000001178 -92.74583012500615
13.510000000001181 -55.033786601795974
13.520000000001184 -19.996202260497682
13.530000000001188 18.162342429982388
13.540000000001191 64.7590783615774
13.550000000001194 113.53943278082255
13.560000000001198 148.37000855962026
13.570000000001201 158.32763005973337
13.580000000001204 144.27544770543648
13.590000000001208 114.26697385156685
13.600000000001211 77.77868226945122
13.610000000001214 40.80964635853188
13.620000000001218 -0.21773096233727074
13.630000000001221 -50.55116101425773
13.640000000001224 -103.44022552421072
13.650000000001228 -142.0183236082549
13.660000000001231 -153.887091673523
13.670000000001234 -137.71936673905384
13.680000000001238 -103.62803480136793
13.690000000001241 -65.34662269274054
13.700000000001245 -29.83248989524479
13.710000000001248 6.613581656192764
13.720000000001251 50.858612911495044
13.730000000001255 100.4474419783997
13.740000000001258 140.82128286559202
13.750000000001261 158.17946783270548
13.760000000001265 150.2615453438875
13.770000000001268 123.79564349633537
13.780000000001271 88.22953296635649
13.790000000001275 51.322572632599595
13.800000000001278 12.221455069857427
13.810000000001281 -35.51882739644955
13.820000000001285 -89.2046357099544
13.830000000001288 -133.4871306592867
13.840000000001291 -153.55717268563313
13.850000000001295 -144.68919836956906
13.860000000001298 -114.22457740111871
13.870000000001301 -75.95424807484267
13.880000000001305 -39.62377822059955
13.890000000001308 -4.243797214782688
13.900000000001311 37.4745853387538
13.910000000001315 86.61183641178135
13.920000000001318 131.3564349937625
13.930000000001321 155.96041309020626
13.940000000001325 154.76320416413384
13.950000000001328 132.60186312232454
13.960000000001331 98.63674211826084
13.970000000001335 61.71132655748561
13.980000000001338 23.900218818267433
13.990000000001341 -21.056181853698277
14.000000000001345 -74.20444839041974
14.010000000001348 -122.96616812968398
14.020000000001351 -150.8401323639971
14.030000000001355 -149.90116930009083
14.040000000001358 -124.22460980861825
14.050000000001361 -86.79291877377484
14.060000000001365 -49.53739677719433
14.070000000001368 -14.548009531802549
14.080000000001371 24.769248911364784
14.090000000001375 72.45949939848092
14.100000000001378 120.20884789724556
14.110000000001381 151.62156814703908
14.120000000001385 157.5746546332494
14.130000000001388 140.4653608224438
14.140000000001391 108.85142642699287
14.150000000001395 72.09954173881769
14.160000000001398 34.967932562525604
14.170000000001401 -7.341872109003106
14.180000000001405 -58.88270003259191
14.190000000001408 -110.72085619366695
14.200000000001411 -145.7540965335016
14.210000000001415 -153.084264929116
14.220000000001418 -133.29256556999647
14.230000000001422 -97.71739757829137
14.240000000001425 -59.69144230603376
14.250000000001428 -24.492101571026808
14.260000000001432 12.813190104012193
14.270000000001435 58.38110162900037
14.280000000001438 107.69870217541757
14.290000000001442 145.1821616952264
14.300000000001445 158.5112092047393
14.310000000001448 147.1712645549146
14.320000000001452 118.68034143375303
14.330000000001455 82.53491268392837
14.340000000001458 45.62159791047536
14.350000000001462 5.546043938585299
14.360000000001465 -43.65262014623556
14.370000000001468 -97.08211818309039
14.380000000001472 -138.39550046282451
14.390000000001475 -154.03049544845382
14.400000000001478 -141.09126874604897
14.410000000001482 -108.50539400991312
14.420000000001485 -70.14118843101613
14.430000000001488 -34.28455996390723
14.440000000001492 1.5916193078143692
14.450000000001495 44.689417359313325
14.460000000001498 94.21498138959547
14.470000000001502 136.7380455966926
14.480000000001505 157.43048680516117
14.490000000001508 152.50765596363618
14.500000000001512 127.90768048754813
14.510000000001515 92.98053284904354
14.520000000001518 56.05850771155454
14.530000000001522 17.625215803750194
14.540000000001525 -28.850811294131333
14.550000000001528 -82.44382121071624
14.560000000001532 -128.92965910673468
14.570000000001535 -152.61710181388563
14.580000000001538 -147.29740943278455
14.590000000001542 -118.87103576771656
14.600000000001545 -80.8668317457348
14.610000000001548 -44.11344796713168
14.620000000001552 -8.992698258106515
14.630000000001555 31.599968881625955
14.640000000001558 80.18326981871095
14.650000000001562 126.4727019339152
14.660000000001565 154.2484712086163
14.670000000001568 156.2645610199823
14.680000000001572 136.3117130544399
14.690000000001575 103.32178272040709
14.700000000001578 66.43590035807014
14.710000000001582 29.003367517066266
14.720000000001585 -14.712902032890582
14.730000000001588 -67.24283094878004
14.740000000001592 -117.58686076844134
14.750000000001595 -148.81431401768032
14.760000000001599 -151.61614163443863
14.770000000001602 -128.48887783247363
14.780000000001605 -91.76739480299308
14.790000000001609 -54.125332940734545
14.800000000001612 -19.107114131020225
14.810000000001615 19.232207293628576
14.820000000001619 66.02008443976482
14.830000000001622 114.66038733145365
14.840000000001625 148.94660678515478
14.850000000001629 158.24329176132443
14.860000000001632 143.6745778702833
14.870000000001635 113.38661241598143
14.880000000001639 76.8447163157532
14.890000000001642 39.85703164449781
14.900000000001645 -1.3709635908494562
14.910000000001649 -51.915309179221566
14.920000000001652 -104.66217864351421
14.930000000001655 -142.67743260033768
14.940000000001659 -153.8019543720524
14.950000000001662 -137.02027642540142
14.960000000001665 -102.6615739456985
14.970000000001669 -64.41142821487264
14.980000000001672 -28.95688890205477
14.990000000001675 7.6174092784200695
15.000000000001679 52.084643058979225
15.010000000001682 101.65565986502293
15.020000000001685 141.57760383073247
15.030000000001689 158.27586941768283
15.040000000001692 149.78323020308437
15.050000000001695 122.96909478080724
15.060000000001699 87.29435495595553
15.070000000001702 50.389198938768594
15.080000000001705 11.14093417241483
15.090000000001709 -36.84426817534046
15.100000000001712 -90.5162080993108
15.110000000001715 -134.33505105174692
15.120000000001719 -153.68354415675216
15.130000000001722 -144.13272517932236
15.140000000001725 -113.29576560384976
15.150000000001729 -74.994062231173
15.160000000001732 -38.74476199597869
15.170000000001735 -3.297266009713482
15.180000000001739 38.646364433369655
15.190000000001742 87.86905997357323
15.200000000001745 132.2760735770005
15.210000000001749 156.24509520417504
15.220000000001752 154.42626871720333
15.230000000001755 131.84900729168237
15.240000000001759 97.71068949657355
15.250000000001762 60.783028982396566
15.260000000001765 22.882694823849832
15.270000000001769 -22.321826557944647
15.280000000001772 -75.5663769561838
15.290000000001776 -123.9822914701457
15.300000000001779 -151.18064073327483
15.310000000001782 -149.5137759134249
15.320000000001786 -123.3626725320511
15.330000000001789 -85.81678107710398
15.340000000001792 -48.64180150118097
15.350000000001796 -13.643673523916917
15.360000000001799 25.876122230322636
15.370000000001802 73.7282683335545
15.380000000001806 121.26722249797538
15.390000000001809 152.09620936197948
15.400000000001812 157.39695556229123
15.410000000001816 139.8056953751733
15.420000000001819 107.94998592779748
15.430000000001822 71.16812447037762
15.440000000001826 33.99744219554481
15.450000000001829 -8.535927745379567
15.460000000001832 -60.25574820623385
15.470000000001836 -111.878784304139
15.480000000001839 -146.3037452182077
15.490000000001842 -152.88801918153624
15.500000000001846 -132.52787724987846
15.510000000001849 -96.74155956413139
15.520000000001852 -58.771052918938
15.530000000001856 -23.61143243482114
15.540000000001859 13.85237172087811
15.550000000001862 59.6291466383033
15.560000000001866 108.86399538571357
15.570000000001869 145.84208844567758
15.580000000001872 158.50785755524447
15.590000000001876 146.62383754330847
15.600000000001879 117.82201348815309
15.610000000001882 81.59952535618207
15.620000000001886 44.67979681973273
15.630000000001889 4.426615625110031
15.640000000001892 -45.00236934400422
15.650000000001896 -98.34955720031385
15.660000000001899 -139.14275788282407
15.670000000001902 -154.04079374634318
15.680000000001906 -140.45363138641568
15.690000000001909 -107.55261941435363
15.700000000001912 -69.1939683225377
15.710000000001916 -33.409307346853566
15.720000000001919 2.567848443185511
15.730000000001922 45.89260128675778
15.740000000001926 95.45031045356112
15.75000000000193 137.5712490389868
15.760000000001932 157.61201264157344
15.770000000001936 152.09139379971242
15.78000000000194 127.11222494737233
15.790000000001942 92.04786381409852
15.800000000001946 55.128882364237235
15.81000000000195 16.575022816496983
15.820000000001953 -30.151075561491922
15.830000000001956 -83.78330025724307
15.84000000000196 -129.857057206779
15.850000000001963 -152.84112301906424
15.860000000001966 -146.81484384245928
15.87000000000197 -117.96892772006694
15.880000000001973 -79.89782338292905
15.890000000001976 -43.22824883123667
15.90000000000198 -8.067544826052
15.910000000001983 32.74303040585713
15.920000000001986 81.45017419776815
15.93000000000199 127.45901880672776
15.940000000001993 154.619788833667
15.950000000001996 155.99802081165709
15.960000000002 135.59889757540248
15.970000000002003 102.40478499264218
15.980000000002006 65.50677653809423
15.99000000000201 28.00948206678713
16.00000000000201 -15.94688137122003
16.010000000002005 -68.61450312799928
16.020000000002 -118.6711708438784
16.030000000001994 -149.25106965689025
16.04000000000199 -151.3133844799434
16.050000000001983 -127.66745276065379
16.060000000001978 -90.78896270538785
16.070000000001972 -53.21912636400489
16.080000000001966 -18.215914709204398
16.09000000000196 20.30815297504347
16.100000000001955 67.2829721677438
16.11000000000195 115.77175102729095
16.120000000001944 149.50659330508512
16.13000000000194 158.1433301362438
16.140000000001933 143.06365940208667
16.150000000001928 112.50239255868411
16.160000000001922 75.91112945822006
16.170000000001917 38.90185273462629
16.18000000000191 -2.530909616277455
16.190000000001906 -53.281577257198336
16.2000000000019 -105.87431508073195
16.210000000001894 -143.31883973568895
16.22000000000189 -153.6983064466625
16.230000000001883 -136.30981417255725
16.240000000001878 -101.69307175906886
16.250000000001872 -63.478665466961374
16.260000000001867 -28.08081840431028
16.27000000000186 8.626893873466045
16.280000000001856 53.31471790160916
16.29000000000185 102.85760119024903
16.300000000001845 142.31838513132828
16.31000000000184 158.35570260444823
16.320000000001833 149.29317319982312
16.330000000001828 122.13691573622987
16.340000000001822 86.35895346931302
16.350000000001817 49.45475057366474
16.36000000000181 10.054185637280938
16.370000000001806 -38.17417537472852
16.3800000000018 -91.82132669196096
16.390000000001795 -135.166832591181
16.40000000000179 -153.79076223227818
16.410000000001784 -143.5623662379435
16.420000000001778 -112.36243181535087
16.430000000001773 -74.0358567860302
16.440000000001767 -37.86665490388205
16.45000000000176 -2.346146806644896
16.460000000001756 39.82355163881016
16.47000000000175 89.12346645694197
16.480000000001745 133.18197843754484
16.49000000000174 156.51276886522825
16.500000000001734 154.07592646120787
16.510000000001728 131.08875109138995
16.520000000001723 96.78324677327757
16.530000000001717 59.85470890439711
16.54000000000171 21.860111522725774
16.550000000001706 -23.59343860352635
16.5600000000017 -76.9254351203513
16.570000000001695 -124.98435354686848
16.58000000000169 -151.50208812161253
16.590000000001684 -149.11027416898105
16.60000000000168 -122.49351822694979
16.610000000001673 -84.84151545186786
16.620000000001667 -47.74810898701648
16.63000000000166 -12.736295216488799
16.640000000001656 26.989027465918014
16.65000000000165 74.99742093380164
16.660000000001645 122.3143810731369
16.67000000000164 152.5539405397504
16.680000000001634 157.20433419757487
16.69000000000163 139.1369081720211
16.700000000001623 107.0456176902708
16.710000000001617 70.2371331360304
16.720000000001612 33.02348506370737
16.730000000001606 -9.736641802658525
16.7400000000016 -61.62930710316721
16.750000000001595 -113.02525322986412
16.76000000000159 -146.83505916409695
16.770000000001584 -152.6739289484612
16.78000000000158 -131.75325677316692
16.790000000001573 -95.76485726446691
16.800000000001567 -57.85306686306257
16.810000000001562 -22.729418199408173
16.820000000001556 14.89752687369112
16.83000000000155 60.88015963874943
16.840000000001545 110.02116761277469
16.85000000000154 146.4858058061784
16.860000000001534 158.488395487485
16.87000000000153 146.06559334500932
16.880000000001523 116.95902883050127
16.890000000001518 80.66432561218576
16.900000000001512 43.73615210866279
16.910000000001506 3.3006047315072493
16.9200000000015 -46.35540799679043
16.930000000001495 -99.60866008576795
16.94000000000149 -139.87295908250402
16.950000000001484 -154.03219176194
16.96000000000148 -139.80344948172905
16.970000000001473 -106.59671336209807
16.980000000001468 -68.2490537606538
16.990000000001462 -32.5342521044777
17.000000000001457 3.549324272479126
17.01000000000145 47.10054917507003
17.020000000001446 96.68094466727865
17.03000000000144 138.38964407559567
17.040000000001434 157.77670635577348
17.05000000000143 151.66262504381783
17.060000000001423 126.31033020850447
17.070000000001418 91.11450106709661
17.080000000001412 54.19872909987879
17.090000000001407 15.519061590297568
17.1000000000014 -31.456592412090657
17.110000000001396 -85.11795138035802
17.12000000000139 -130.7691970893609
17.130000000001385 -153.04594571236316
17.14000000000138 -146.3173325003302
17.150000000001373 -117.06108223524741
17.160000000001368 -78.93036991491675
17.170000000001362 -42.344463364536765
17.180000000001357 -7.138463869418686
17.19000000000135 33.89187244242379
17.200000000001346 82.71577660572328
17.21000000000134 128.43266669643629
17.220000000001335 154.97407492637046
17.23000000000133 155.717356218982
17.240000000001324 134.87789375082986
17.250000000001318 101.48573289382782
17.260000000001313 64.57791804341178
17.270000000001307 27.011233771805024
17.2800000000013 -17.1872383384095
17.290000000001296 -69.98489537621637
17.30000000000129 -119.74253703880419
17.310000000001285 -149.6690215044732
17.32000000000128 -150.99365403277932
17.330000000001274 -126.83756708295115
17.340000000001268 -89.8106850077629
17.350000000001263 -52.315117274993206
17.360000000001257 -17.32244684263692
17.37000000000125 21.39018838218317
17.380000000001246 68.54751295175902
17.39000000000124 116.87324904577426
17.400000000001235 150.04990900295277
17.41000000000123 158.02785541746368
17.420000000001224 142.4428476701534
17.43000000000122 111.61447351830034
17.440000000001213 74.97794711691756
17.450000000001207 37.94396663890906
17.4600000000012 -3.6975726699680393
17.470000000001196 -54.64971296252679
17.48000000000119 -107.07635220444087
17.490000000001185 -143.94242769710482
17.50000000000118 -153.57623970679032
17.510000000001174 -135.58821088599382
17.52000000000117 -100.72272835847494
17.530000000001163 -62.548339518909906
17.540000000001157 -27.20413652672252
17.550000000001152 9.642103663730538
17.560000000001146 54.5486794708047
17.57000000000114 104.05296038511707
17.580000000001135 143.04350397772532
17.59000000000113 158.41903473561618
17.600000000001124 148.79152858302916
17.61000000000112 121.29926932376263
17.620000000001113 85.423411123482
17.630000000001107 48.51911189230222
17.640000000001102 8.96113864752678
17.650000000001096 -39.508371003521034
17.66000000000109 -93.11967410824258
17.670000000001085 -135.98231220132195
17.68000000000108 -153.87885104640856
17.690000000001074 -142.97833454429207
17.70000000000107 -111.4248074412497
17.710000000001063 -73.07969615991905
17.720000000001058 -36.98934517277466
17.730000000001052 -1.3903181858063505
17.740000000001046 41.006058442766374
17.75000000000104 90.37475257129103
17.760000000001035 134.07395971631848
17.77000000000103 156.76345397985497
17.780000000001024 153.7123249431022
17.79000000000102 130.32125344645758
17.800000000001013 95.85453891035554
17.810000000001008 58.926297135264576
17.820000000001002 20.832343856480918
17.830000000000997 -24.870915709379176
17.84000000000099 -78.28130199129538
17.850000000000986 -125.97214567516392
17.86000000000098 -151.80443704178805
17.870000000000974 -148.69084445775485
17.88000000000097 -121.61738911060608
17.890000000000963 -83.86724525302881
17.900000000000958 -46.85624659230739
17.910000000000952 -11.825722865658989
17.920000000000947 28.107938778396232
17.93000000000094 76.26669321804866
17.940000000000936 123.35007352819213
17.95000000000093 152.99473127813275
17.960000000000925 156.99691711008666
17.97000000000092 138.4591534254983
17.980000000000913 106.13847140007113
17.990000000000908 69.30655698757053
18.000000000000902 32.04591312764012
18.010000000000897 -10.94398248212299
18.02000000000089 -63.00309250213448
18.030000000000886 -114.16000700499549
18.04000000000088 -147.3479487475433
18.050000000000875 -152.44212275293845
18.06000000000087 -130.96894281483705
18.070000000000864 -94.78746809913625
18.080000000000858 -56.93746074741885
18.090000000000853 -21.84590814031128
18.100000000000847 15.948689577130239
18.11000000000084 62.13394172868519
18.120000000000836 111.16992503037184
18.13000000000083 147.11322506276497
18.140000000000825 158.45291300928344
18.15000000000082 145.4966849719265
18.160000000000814 116.09154762678745
18.170000000000808 79.72936411840993
18.180000000000803 42.790528373021814
18.190000000000797 2.167974822013065
18.20000000000079 -47.71151798113118
18.210000000000786 -100.859127182592
18.22000000000078 -140.5859671775028
18.230000000000775 -154.0047519996021
18.24000000000077 -139.14094883460905
18.250000000000764 -105.63789464063844
18.26000000000076 -67.30647840827837
18.270000000000753 -31.65926657921436
18.280000000000747 4.536139378398531
18.29000000000074 48.313134029400686
18.300000000000736 97.9065736295394
18.31000000000073 139.1930759265756
18.320000000000725 157.92461261601107
18.33000000000072 151.22150073785446
18.340000000000714 125.50215639744329
18.35000000000071 90.18054710314765
18.360000000000703 53.267950072610596
18.370000000000697 14.457232468010204
18.380000000000692 -32.76722005366875
18.390000000000686 -86.44745183169843
18.40000000000068 -131.6658961500146
18.410000000000675 -153.23156588719107
18.42000000000067 -145.8050770421629
18.430000000000664 -116.1477393058908
18.44000000000066 -77.96456430619054
18.450000000000653 -41.46199779887891
18.460000000000647 -6.205317616764447
18.470000000000642 35.04643461177213
18.480000000000636 83.97978638071189
18.49000000000063 129.39342591593922
18.500000000000625 155.31132610505767
18.51000000000062 155.4227062307665
18.520000000000614 134.14885680020737
18.53000000000061 100.5647634156875
18.540000000000603 63.64928000072446
18.550000000000598 26.00848140076579
18.560000000000592 -18.43390427822817
18.570000000000586 -71.35369962873747
18.58000000000058 -120.80073017324258
18.590000000000575 -150.06810827144236
18.60000000000057 -150.65711040428823
18.610000000000564 -125.99946377721504
18.62000000000056 -88.83271176864208
18.630000000000553 -51.41325526725868
18.640000000000548 -16.426556620542158
18.650000000000542 22.478314048066636
18.660000000000537 69.81346956449619
18.67000000000053 117.96460801875236
18.680000000000526 150.57649735906196
18.69000000000052 157.8969783725874
18.700000000000514 141.8122950199421
18.71000000000051 110.72301031404152
18.720000000000503 74.04518591749653
18.730000000000498 36.983226276560345
18.740000000000492 -4.870952904440145
18.750000000000487 -56.01946035738504
18.76000000000048 -108.26801358913764
18.770000000000476 -144.5480856944198
18.78000000000047 -153.43585437196325
18.790000000000465 -134.85570128661396
18.80000000000046 -99.75074301252826
18.810000000000453 -61.620453186451186
18.820000000000448 -26.326701962413253
18.830000000000442 10.663099127731073
18.840000000000437 55.786361135671115
18.85000000000043 105.24143140644065
18.860000000000426 143.75284155425805
18.87000000000042 158.4659350866717
18.880000000000415 148.27844842783102
18.89000000000041 120.45631594547463
18.900000000000404 84.4878033283266
18.910000000000398 47.58216148005984
18.920000000000393 7.861726024361246
18.930000000000387 -40.84667209249449
18.94000000000038 -94.41093682583772
18.950000000000376 -136.78133269393823
18.96000000000037 -153.94784255666679
18.970000000000365 -142.3808473119286
18.98000000000036 -110.48312415933381
18.990000000000354 -72.1256417745799
19.000000000000348 -36.11272008983761
19.010000000000343 -0.42966483598959826
19.020000000000337 42.19378862055072
19.03000000000033 91.62261167387612
19.040000000000326 134.95183185454815
19.05000000000032 156.99717312459603
19.060000000000315 153.33561098838175
19.07000000000031 129.54667179300927
19.080000000000304 94.9246857791247
19.0900000000003 57.99771781967969
19.100000000000293 19.799268873469074
19.110000000000287 -26.154150590842065
19.12000000000028 -79.63365671933508
19.130000000000276 -126.94546470966722
19.14000000000027 -152.08765656275818
19.150000000000265 -148.25567240776888
19.16000000000026 -120.73452887230991
19.170000000000254 -82.8940904669304
19.18000000000025 -45.9661395103536
19.190000000000243 -10.91180774117558
19.200000000000237 29.232823486506902
19.210000000000232 77.53581507855779
19.220000000000226 124.37405342338354
19.23000000000022 153.41855465717353
19.240000000000215 156.7748320663652
19.25000000000021 137.77258412444303
19.260000000000204 105.22869356203984
19.2700000000002 68.37637821707222
19.280000000000193 31.064577492184185
19.290000000000187 -12.157913088942337
19.300000000000182 -64.3768165121329
19.310000000000176 -115.28279503084875
19.32000000000017 -147.84232981477592
19.330000000000165 -152.1927357303153
19.34000000000016 -130.1751760573141
19.350000000000154 -93.80956643149625
19.36000000000015 -56.02420776058128
19.370000000000143 -20.96075158666288
19.380000000000138 17.0058873089784
19.390000000000132 63.390286606768
19.400000000000126 112.30997584970433
19.41000000000012 147.72426213009203
19.420000000000115 158.40150286554223
19.43000000000011 144.91726430088164
19.440000000000104 115.21972833519499
19.4500000000001 78.79468506356827
19.460000000000093 41.84278671528715
19.470000000000088 1.028694567536931
19.480000000000082 -49.070475510201305
19.490000000000077 -102.10066300369147
19.50000000000007 -141.28165032626777
19.510000000000066 -153.9585439815579
19.52000000000006 -138.4663578172124
19.530000000000054 -104.67638013096386
19.54000000000005 -66.3662717917943
19.550000000000043 -30.784221468418153
19.560000000000038 5.528380384143986
19.570000000000032 49.530221766028006
19.580000000000027 99.12688622530433
19.59000000000002 139.98139513716313
19.600000000000016 158.05577945962227
19.61000000000001 150.7681715423127
19.620000000000005 124.68786295636623
19.63 89.24609951102506
19.639999999999993 52.336442418077894
19.649999999999988 13.389440105230989
19.659999999999982 -34.08281062849045
19.669999999999977 -87.77148018663812
19.67999999999997 -132.54697655863512
19.689999999999966 -153.39798585204733
19.69999999999996 -145.27828266425794
19.709999999999955 -115.22913867192506
19.71999999999995 -77.00049512633649
19.729999999999944 -40.58075576431331
19.739999999999938 -5.267972084820229
19.749999999999932 36.206650217115765
19.759999999999927 85.24190895408714
19.76999999999992 130.34108168985347
19.779999999999916 155.63154280735955
19.78999999999991 155.11421086984475
19.799999999999905 133.41194166182018
19.8099999999999 99.64201042244213
19.819999999999894 62.7208116039712
19.829999999999888 25.001085441893366
19.839999999999883 -19.686804822018274
19.849999999999877 -72.72060532498605
19.85999999999987 -121.84552584653505
19.869999999999866 -150.44827392566907
19.87999999999986 -150.30391880765103
19.889999999999855 -125.15338673396616
19.89999999999985 -87.85518880268833
19.909999999999844 -50.513486275030075
19.91999999999984 -15.528090847596886
19.929999999999833 23.57252459489031
19.939999999999827 71.08059852625584
19.94999999999982 119.04555822285784
19.959999999999816 151.08630651777332
19.96999999999981 157.75081243260377
19.979999999999805 141.17215333865977
19.9899999999998 109.82815633210652
19.999999999999794 73.11285630676402
