t val
0.01 -8.9485084030147e-10
0.020000000000000004 -4.178930087848176e-09
0.030000000000000013 -1.1645888912351782e-08
0.04000000000000002 -2.643016745847644e-08
0.05000000000000003 -4.884002291617681e-08
0.06000000000000004 -8.41791427246135e-08
0.07000000000000005 -1.3776005004084497e-07
0.08000000000000006 -2.2091324332298808e-07
0.09000000000000007 -3.43098965793154e-07
0.10000000000000007 -5.153205329116758e-07
0.11000000000000008 -7.46070178344426e-07
0.12000000000000009 -1.0452080791668398e-06
0.1300000000000001 -1.4241710639275606e-06
0.1400000000000001 -1.895128099403001e-06
0.1500000000000001 -2.471168881613412e-06
0.16000000000000011 -3.1622403886107806e-06
0.17000000000000012 -3.978028689333155e-06
0.18000000000000013 -4.924751687065998e-06
0.19000000000000014 -6.009381689461782e-06
0.20000000000000015 -7.2366960513879875e-06
0.21000000000000016 -8.611972377290196e-06
0.22000000000000017 -1.0138823539729285e-05
0.23000000000000018 -1.181995540596148e-05
0.24000000000000019 -1.3656635700995422e-05
0.25000000000000017 -1.5648517672071124e-05
0.2600000000000002 -1.7795418323711637e-05
0.2700000000000002 -2.009666921304488e-05
0.2800000000000002 -2.2553379563893475e-05
0.2900000000000002 -2.516614001416918e-05
0.3000000000000002 -2.793613724194235e-05
0.3100000000000002 -3.086330847881631e-05
0.32000000000000023 -3.394783616388894e-05
0.33000000000000024 -3.718991907174624e-05
0.34000000000000025 -4.059038183153845e-05
0.35000000000000026 -4.4150415157711746e-05
0.36000000000000026 -4.787032464624222e-05
0.3700000000000003 -5.17497333549834e-05
0.3800000000000003 -5.5786372165323906e-05
0.3900000000000003 -5.9977200969135856e-05
0.4000000000000003 -6.431747834215018e-05
0.4100000000000003 -6.880181277539281e-05
0.4200000000000003 -7.34232388468592e-05
0.4300000000000003 -7.817356501165913e-05
0.44000000000000034 -8.304287580114464e-05
0.45000000000000034 -8.801957194012086e-05
0.46000000000000035 -9.309084060210022e-05
0.47000000000000036 -9.824284799388892e-05
0.48000000000000037 -0.00010346175827888763
0.4900000000000004 -0.00010873340001141435
0.5000000000000003 -0.00011404388503833337
0.5100000000000003 -0.00011937898814780999
0.5200000000000004 -0.00012472482891541831
0.5300000000000004 -0.00013006793091014588
0.5400000000000004 -0.00013539594248735727
0.5500000000000004 -0.00014069779852280394
0.5600000000000004 -0.00014596367594236386
0.5700000000000004 -0.00015118495800340762
0.5800000000000004 -0.000156353832763951
0.5900000000000004 -0.0001614636133246907
0.6000000000000004 -0.00016650854214888844
0.6100000000000004 -0.00017148426715537124
0.6200000000000004 -0.00017638761083581128
0.6300000000000004 -0.00018121672543891618
0.6400000000000005 -0.00018597072813424464
0.6500000000000005 -0.00019064963593682052
0.6600000000000005 -0.00019525433609248111
0.6700000000000005 -0.00019978663761575178
0.6800000000000005 -0.00020424953627772323
0.6900000000000005 -0.00020864707506871655
0.7000000000000005 -0.00021298431061596662
0.7100000000000005 -0.00021726676058297434
0.7200000000000005 -0.00022150020432596393
0.7300000000000005 -0.00022569025077254283
0.7400000000000005 -0.00022984222885897305
0.7500000000000006 -0.00023396086834905368
0.7600000000000006 -0.00023804992908794864
0.7700000000000006 -0.00024211171862923534
0.7800000000000006 -0.00024614655701001926
0.7900000000000006 -0.00025015253207436077
0.8000000000000006 -0.0002541252865029222
0.8100000000000006 -0.00025805819015974226
0.8200000000000006 -0.0002619423891567314
0.8300000000000006 -0.0002657670533205522
0.8400000000000006 -0.0002695194854165027
0.8500000000000006 -0.00027318542247655125
0.8600000000000007 -0.0002767494160006823
0.8700000000000007 -0.0002801953922393065
0.8800000000000007 -0.00028350731579492494
0.8900000000000007 -0.00028666972742650713
0.9000000000000007 -0.00028966820643634207
0.9100000000000007 -0.00029248950989866593
0.9200000000000007 -0.0002951216403105126
0.9300000000000007 -0.0002975536613168377
0.9400000000000007 -0.00029977545358850775
0.9500000000000007 -0.00030177716822325025
0.9600000000000007 -0.0003035484229186622
0.9700000000000008 -0.00030507713706985444
0.9800000000000008 -0.00030634803651147886
0.9900000000000008 -0.000307340899323891
1.0000000000000007 -0.0003080284607906867
1.0100000000000007 -0.00030837400332710995
1.0200000000000007 -0.0003083284374911385
1.0300000000000007 -0.0003078270507134232
1.0400000000000007 -0.0003067861170571214
1.0500000000000007 -0.0003051001303643084
1.0600000000000007 -0.00030264055092289114
1.0700000000000007 -0.00029925714529924864
1.0800000000000007 -0.00029478263194904653
1.0900000000000007 -0.0002890406537987913
1.1000000000000008 -0.00028185624996031707
1.1100000000000008 -0.00027306722741748805
1.1200000000000008 -0.00026253481721870355
1.1300000000000008 -0.0002501522958252302
1.1400000000000008 -0.00023585101926687485
1.1500000000000008 -0.00021960356140496247
1.1600000000000008 -0.0002014237039564374
1.1700000000000008 -0.00018136280552396919
1.1800000000000008 -0.0001595023648363783
1.1900000000000008 -0.00013594336870038944
1.2000000000000008 -0.0001107939839690046
1.2100000000000009 -8.415776650568515e-05
1.2200000000000009 -5.612427272563156e-05
1.2300000000000009 -2.6763171277356692e-05
1.2400000000000009 3.8780552535289445e-06
1.2500000000000009 3.577315275759058e-05
1.260000000000001 6.891324986425365e-05
1.270000000000001 0.00010330023416152078
1.280000000000001 0.00013893757630730518
1.290000000000001 0.00017581936242655753
1.300000000000001 0.00021391903509229696
1.310000000000001 0.0002531798063581744
1.320000000000001 0.00029350848151374445
1.330000000000001 0.00033477369533106086
1.340000000000001 0.0003768085747412332
1.350000000000001 0.0004194171986610258
1.360000000000001 0.0004623839174362809
1.370000000000001 0.0005054845915079707
1.380000000000001 0.0005484986964104915
1.390000000000001 0.0005912209727933117
1.400000000000001 0.0006334709945751324
1.410000000000001 0.0006750990308749734
1.420000000000001 0.0007159871321632179
1.430000000000001 0.0007560453405120196
1.440000000000001 0.0007952040265956934
1.450000000000001 0.0008334041030436357
1.460000000000001 0.0008705871387544001
1.470000000000001 0.0009066871947789459
1.480000000000001 0.0009416258155794978
1.490000000000001 0.0009753111550743659
1.500000000000001 0.0010076417307012281
1.5100000000000011 0.001038514656022287
1.5200000000000011 0.0010678373507848884
1.5300000000000011 0.0010955408411774151
1.5400000000000011 0.0011215921193018328
1.5500000000000012 0.0011460029727040704
1.5600000000000012 0.0011688332714312267
1.5700000000000012 0.0011901877884161359
1.5800000000000012 0.00121020685078519
1.5900000000000012 0.0012290521953241846
1.6000000000000012 0.0012468901417550932
1.6100000000000012 0.0012638745950441152
1.6200000000000012 0.0012801324672924253
1.6300000000000012 0.0012957538435884187
1.6400000000000012 0.0013107885591369
1.6500000000000012 0.0013252497793538385
1.6600000000000013 0.001339123857232609
1.6700000000000013 0.0013523844666349656
1.6800000000000013 0.001365008161355997
1.6900000000000013 0.001376988313026692
1.7000000000000013 0.001388344876663495
1.7100000000000013 0.001399128424241335
1.7200000000000013 0.0014094180931619798
1.7300000000000013 0.0014193142548912573
1.7400000000000013 0.0014289276319274886
1.7500000000000013 0.0014383671766340516
1.7600000000000013 0.0014477291740981058
1.7700000000000014 0.001457089693268672
1.7800000000000014 0.0014665016807132848
1.7900000000000014 0.0014759968254202272
1.8000000000000014 0.0014855910957336917
1.8100000000000014 0.0014952919205743996
1.8200000000000014 0.0015051046361191614
1.8300000000000014 0.001515036149258856
1.8400000000000014 0.0015250946684706695
1.8500000000000014 0.0015352855464804904
1.8600000000000014 0.001545604451381501
1.8700000000000014 0.0015560299484011098
1.8800000000000014 0.0015665179531463088
1.8900000000000015 0.0015770003106423424
1.9000000000000015 0.0015873889768855483
1.9100000000000015 0.0015975860424005239
1.9200000000000015 0.0016074983811039945
1.9300000000000015 0.0016170543667944242
1.9400000000000015 0.001626219236107721
1.9500000000000015 0.0016350055680463443
1.9600000000000015 0.001643476082904574
1.9700000000000015 0.0016517374026094414
1.9800000000000015 0.001659925228680808
1.9900000000000015 0.0016681831712878571
2.0000000000000013 0.001676638809833432
2.0100000000000002 0.0016853769999864764
2.019999999999999 0.0016944233260967469
2.029999999999998 0.0017037392515346572
2.039999999999997 0.0017132177978565284
2.049999999999996 0.0017227142543316662
2.0599999999999947 0.0017320342207481582
2.0699999999999936 0.0017409905854301436
2.0799999999999925 0.0017494017404724744
2.0899999999999914 0.0017571412486714108
2.0999999999999903 0.0017641335829552925
2.109999999999989 0.0017703723970013746
2.119999999999988 0.0017758921844493345
2.129999999999987 0.0017807418957615426
2.139999999999986 0.0017849371203062451
2.149999999999985 0.0017883927571697694
2.1599999999999837 0.0017908985658452036
2.1699999999999826 0.0017921223820213119
2.1799999999999815 0.001791717310421567
2.1899999999999804 0.0017894575723762375
2.1999999999999793 0.0017854151179674473
2.209999999999978 0.0017800455718568222
2.219999999999977 0.0017741981917458525
2.229999999999976 0.0017690031992269614
2.239999999999975 0.0017656917878096842
2.249999999999974 0.0017653796383687807
2.2599999999999727 0.0017688514685958842
2.2699999999999716 0.0017763788211044474
2.2799999999999705 0.0017875785815158962
2.2899999999999694 0.0018013772232215997
2.2999999999999683 0.0018160850971051024
2.309999999999967 0.0018296331100734662
2.319999999999966 0.0018399217745685042
2.329999999999965 0.0018452334872390095
2.339999999999964 0.001844589624847404
2.349999999999963 0.0018379752891179036
2.3599999999999617 0.0018263763833135816
2.3699999999999606 0.001811630427431413
2.3799999999999595 0.001796148734536876
2.3899999999999584 0.0017825564070280712
2.3999999999999573 0.001773322870446636
2.409999999999956 0.0017704123151170666
2.419999999999955 0.0017750116732523813
2.429999999999954 0.0017873555118283384
2.439999999999953 0.0018066928945405722
2.4499999999999518 0.001831393716881733
2.4599999999999507 0.0018591758612696073
2.4699999999999496 0.0018874017606912948
2.4799999999999485 0.0019133827955253552
2.4899999999999474 0.0019346487808996064
2.4999999999999463 0.0019491568427755415
2.509999999999945 0.0019554567378275048
2.519999999999944 0.0019528182314864494
2.529999999999943 0.0019413397921915006
2.539999999999942 0.0019220216838301417
2.5499999999999408 0.0018967857613290306
2.5599999999999397 0.0018684091253120783
2.5699999999999386 0.0018403550864814512
2.5799999999999375 0.0018164927277079226
2.5899999999999364 0.0018007101441243104
2.5999999999999353 0.0017964470603768748
2.609999999999934 0.0018061816292751294
2.619999999999933 0.001830938755516295
2.629999999999932 0.0018698989453628512
2.639999999999931 0.0019202061935984604
2.6499999999999297 0.001977050284251613
2.6599999999999286 0.0020340704803092375
2.6699999999999275 0.002084063470417532
2.6799999999999264 0.0021199205771434346
2.6899999999999253 0.002135668521419665
2.6999999999999242 0.0021274583652081775
2.709999999999923 0.0020943465092989385
2.719999999999922 0.0020387288130933536
2.729999999999921 0.001966335457327813
2.73999999999992 0.0018857446537611693
2.7499999999999187 0.0018074483194206235
2.7599999999999176 0.0017425682736533592
2.7699999999999165 0.0017013863047700313
2.7799999999999154 0.00169188684451818
2.7899999999999143 0.0017185197378047367
2.7999999999999132 0.0017813626216779067
2.809999999999912 0.001875808563889812
2.819999999999911 0.001992838365798564
2.82999999999991 0.002119861946764571
2.839999999999909 0.0022420500097169696
2.8499999999999077 0.0023440182334124623
2.8599999999999066 0.002411686543652452
2.8699999999999055 0.0024341068093171113
2.8799999999999044 0.002405048478419729
2.8899999999999033 0.0023241444611826877
2.899999999999902 0.0021974358756916197
2.909999999999901 0.0020372076982876682
2.9199999999999 0.0018610729659692044
2.929999999999899 0.0016903389243304913
2.939999999999898 0.001547766797347468
2.9499999999998967 0.0014549179599695232
2.9599999999998956 0.0014293494921032708
2.9699999999998945 0.0014819798555549006
2.9799999999998934 0.0016149714405249162
2.9899999999998923 0.0018204659475269556
2.999999999999891 0.002080449035386297
3.00999999999989 0.002367913382879222
3.019999999999889 0.002649338202102504
3.029999999999888 0.0028883243209024806
3.039999999999887 0.0030500421629523085
3.0499999999998857 0.0031059913538939413
3.0599999999998846 0.0030384670572717824
3.0699999999998835 0.002844095523730163
3.0799999999998824 0.002535853077983669
3.0899999999998813 0.00214311729094486
3.09999999999988 0.001709515649483336
3.109999999999879 0.0012886185515770046
3.119999999999878 0.0009378395607077778
3.129999999999877 0.0007112030227157819
3.139999999999876 0.0006518572718597
3.1499999999998747 0.0007853103836438687
3.1599999999998736 0.00111433621301325
3.1699999999998725 0.0016163606212560278
3.1799999999998714 0.0022439059724622215
3.1899999999998703 0.002928349868126678
3.199999999999869 0.0035868420410636323
3.209999999999868 0.00413176239845973
3.219999999999867 0.004481681249976579
3.229999999999866 0.004572503325441964
3.2399999999998648 0.004367394060830956
3.2499999999998637 0.003864173860864372
3.2599999999998626 0.0030990570568779755
3.2699999999998615 0.0021458805850387555
3.2799999999998604 0.001110370152192088
3.2899999999998593 0.00011959781989644933
3.299999999999858 -0.0006924481752203017
3.309999999999857 -0.0012015432972026462
3.319999999999856 -0.0013101065376119995
3.329999999999855 -0.0009622212237415772
3.3399999999998538 -0.00015497371043561605
3.3499999999998527 0.0010554861606205986
3.3599999999998515 0.0025545977339477242
3.3699999999998504 0.004177821736838167
3.3799999999998493 0.005726976856096949
3.3899999999998482 0.006993090354093084
3.399999999999847 0.007782858245280903
3.409999999999846 0.007945098473609895
3.419999999999845 0.007393977218983828
3.429999999999844 0.006126676017175475
3.4399999999998427 0.004233466266163521
3.4499999999998416 0.0018975508232973507
3.4599999999998405 -0.0006182581794981232
3.4699999999998394 -0.0029991344084725636
3.4799999999998383 -0.00491713179047937
3.4899999999998372 -0.006074517075473553
3.499999999999836 -0.006244070616886475
3.509999999999835 -0.005302013087469438
3.519999999999834 -0.0032528040177950334
3.529999999999833 -0.0002449459513892486
3.5399999999998317 0.0034272140809399557
3.5499999999998306 0.007343812568719385
3.5599999999998295 0.011006321877456022
3.5699999999998284 0.01390473325999977
3.5799999999998273 0.015588701393178922
3.589999999999826 0.015725968347104977
3.599999999999825 0.014143396886879166
3.609999999999824 0.010859392911743577
3.619999999999823 0.006114644229309759
3.629999999999822 0.0003877860644968111
3.6399999999998207 -0.005634554893204803
3.6499999999998196 -0.01115073984455732
3.6599999999998185 -0.015377418620982016
3.6699999999998174 -0.01766971930674536
3.6799999999998163 -0.01758814700007312
3.689999999999815 -0.014923594710798538
3.699999999999814 -0.009729661978434303
3.709999999999813 -0.0023882130205539827
3.719999999999812 0.006331859141982658
3.729999999999811 0.015304149577119048
3.7399999999998097 0.02322329433910512
3.7499999999998086 0.028894344604876516
3.7599999999998075 0.0314658999425843
3.7699999999998064 0.030463900390837448
3.7799999999998053 0.02571411950161084
3.789999999999804 0.017366460964034245
3.799999999999803 0.006073404320042306
3.809999999999802 -0.00682459515686573
3.819999999999801 -0.019353235714358104
3.8299999999998 -0.029424651533716394
3.8399999999997987 -0.03555330328357944
3.8499999999997976 -0.03705991525939063
3.8599999999997965 -0.033752248559903615
3.8699999999997954 -0.025758245383060027
3.8799999999997943 -0.01358500178551074
3.889999999999793 0.0016489834880987983
3.899999999999792 0.01773178116150466
3.909999999999791 0.03162022609973849
3.91999999999979 0.04096862659020304
3.9299999999997888 0.044886504393171295
3.9399999999997877 0.04336409328443448
3.9499999999997866 0.03690243674582926
3.9599999999997855 0.026264970293683153
3.9699999999997844 0.012214097754027898
3.9799999999997833 -0.003831418423054796
3.989999999999782 -0.01935747023811163
3.999999999999781 -0.03175296675997784
4.00999999999978 -0.03932339607076735
4.019999999999779 -0.04159541827330678
4.029999999999778 -0.03912460816049893
4.039999999999777 -0.032748209901103525
4.049999999999776 -0.022947853662467828
4.059999999999775 -0.010258836693647808
4.069999999999774 0.004273297908433299
4.079999999999773 0.018896529662159687
4.089999999999772 0.031188125817280178
4.0999999999997705 0.039102637152008804
4.109999999999769 0.04209373916829489
4.119999999999768 0.04068094853180405
4.129999999999767 0.03554636802586298
4.139999999999766 0.027283977645308106
4.149999999999765 0.016360306133291733
4.159999999999764 0.0033270129868706584
4.169999999999763 -0.01056529550749305
4.179999999999762 -0.023135222407648627
4.189999999999761 -0.03219091252654247
4.1999999999997595 -0.03663562523581874
4.209999999999758 -0.036598281042692186
4.219999999999757 -0.032851810666953175
4.229999999999756 -0.026130045107524667
4.239999999999755 -0.016860211077294657
4.249999999999754 -0.005426520517264309
4.259999999999753 0.007329376613126764
4.269999999999752 0.019776588105637906
4.279999999999751 0.02972720927092631
4.28999999999975 0.03551448025829039
4.2999999999997485 0.0367683150353773
4.309999999999747 0.03405647248230737
4.319999999999746 0.028196641891044184
4.329999999999745 0.01989289209187754
4.339999999999744 0.009671252470783364
4.349999999999743 -0.0018778272887575713
4.359999999999742 -0.013617350564853074
4.369999999999741 -0.023781533549905493
4.37999999999974 -0.030645520375269242
4.3899999999997386 -0.03333630644334896
4.3999999999997375 -0.03196180309705179
4.409999999999736 -0.027179649849463285
4.419999999999735 -0.019729987402989726
4.429999999999734 -0.01023105350817621
4.439999999999733 0.0007077123948106107
4.449999999999732 0.012174238143771266
4.459999999999731 0.022728893771157332
4.46999999999973 0.03066703885948025
4.479999999999729 0.034748292797099574
4.4899999999997275 0.034645937468879444
4.499999999999726 0.030737423529260868
4.509999999999725 0.0237125556760622
4.519999999999724 0.014349595825207171
4.529999999999723 0.003461884807264489
4.539999999999722 -0.007970552467136923
4.549999999999721 -0.01862037881736039
4.55999999999972 -0.02695143974006007
4.569999999999719 -0.03174228712192588
4.579999999999718 -0.032494747793722425
4.5899999999997165 -0.02937529803379526
4.599999999999715 -0.022912575492409187
4.609999999999714 -0.013794391314556129
4.619999999999713 -0.002845836107218745
4.629999999999712 0.008862971573405801
4.639999999999711 0.019920888473680044
4.64999999999971 0.0287483544337598
4.659999999999709 0.03408951707959853
4.669999999999708 0.03539545710037155
4.679999999999707 0.032761891448218464
4.6899999999997055 0.026643649096879288
4.699999999999704 0.017674129774171026
4.709999999999703 0.006666198150331199
4.719999999999702 -0.005273836896999751
4.729999999999701 -0.01666632955126672
4.7399999999997 -0.02586663890746169
4.749999999999699 -0.03158719355267646
4.759999999999698 -0.03328638087598431
4.769999999999697 -0.03107770889970343
4.779999999999696 -0.02539673575511292
4.7899999999996945 -0.016796262767583874
4.799999999999693 -0.0059633682102425405
4.809999999999692 0.006110489039979924
4.819999999999691 0.017962577214656415
4.82999999999969 0.027812975054831334
4.839999999999689 0.03416994908277036
4.849999999999688 0.03635843204322745
4.859999999999687 0.03446692232623177
4.869999999999686 0.028977282110964737
4.879999999999685 0.02050149128317546
4.8899999999996835 0.00974468214189664
4.899999999999682 -0.0023397517448129415
4.909999999999681 -0.014350123297773966
4.91999999999968 -0.024530216914160553
4.929999999999679 -0.03132353278577784
4.939999999999678 -0.03395883489749994
4.949999999999677 -0.03248452898402108
4.959999999999676 -0.02738341746486912
4.969999999999675 -0.01925677128616519
4.979999999999674 -0.00876852657436551
4.9899999999996725 0.0032132030733662024
4.999999999999671 0.015388679056683468
5.00999999999967 0.02601492341816574
5.019999999999669 0.033416978229467244
5.029999999999668 0.03666038275634647
5.039999999999667 0.03567763348598841
5.049999999999666 0.030918490441425927
5.059999999999665 0.02301954559383507
5.069999999999664 0.012690683900308206
5.079999999999663 0.0008065395897101418
5.0899999999996615 -0.011377876875900323
5.09999999999966 -0.022194262990630584
5.109999999999659 -0.029987077929208412
5.119999999999658 -0.03374918212892284
5.129999999999657 -0.03333067263120336
5.139999999999656 -0.029132499813794226
5.149999999999655 -0.02174091698490722
5.159999999999654 -0.01180287073786214
5.169999999999653 -0.00011954540329650543
5.1799999999996515 0.0121403103562941
5.1899999999996504 0.023337700216131314
5.199999999999649 0.031725692877587634
5.209999999999648 0.03614238363475455
5.219999999999647 0.03631064350645294
5.229999999999646 0.032570478646655555
5.239999999999645 0.025514435099713597
5.249999999999644 0.015819485378160948
5.259999999999643 0.004289634291382391
5.269999999999642 -0.00794204564616414
5.2799999999996405 -0.019295411209374627
5.289999999999639 -0.02804613592031831
5.299999999999638 -0.032968656383249896
5.309999999999637 -0.03369941702184169
5.319999999999636 -0.03053189945748374
5.329999999999635 -0.024020969751219257
5.339999999999634 -0.014784752473770153
5.349999999999633 -0.0035492720192016563
5.359999999999632 0.008652760963881016
5.369999999999631 0.02030733921310591
5.3799999999996295 0.02962921868337655
5.389999999999628 0.0352289721198426
5.399999999999627 0.036588873494705174
5.409999999999626 0.03391924227289621
5.419999999999625 0.02777103333287186
5.429999999999624 0.01880041121726669
5.439999999999623 0.007752172700077305
5.449999999999622 -0.0043711288597315665
5.459999999999621 -0.016122963727001487
5.46999999999962 -0.02576703470955959
5.4799999999996185 -0.031867719208275386
5.489999999999617 -0.033803878768734384
5.499999999999616 -0.03171697093912922
5.509999999999615 -0.02611978935026125
5.519999999999614 -0.017620888430375972
5.529999999999613 -0.006902432299239391
5.539999999999612 0.005119536229911787
5.549999999999611 0.01708277835018517
5.55999999999961 0.02723619845499657
5.569999999999609 0.03400478920039297
5.5799999999996075 0.03660054510366719
5.589999999999606 0.0350535261325359
5.599999999999605 0.029845866582333277
5.609999999999604 0.02161579077027087
5.619999999999603 0.0110788190814666
5.629999999999602 -0.0008551823089713352
5.639999999999601 -0.012872424708536214
5.6499999999996 -0.023280850568402737
5.659999999999599 -0.030495258417944798
5.669999999999598 -0.03363968772981327
5.6799999999995965 -0.03266605692363435
5.689999999999595 -0.02801391662973575
5.699999999999594 -0.020274568474306736
5.709999999999593 -0.01010189445890313
5.719999999999592 0.0016715332259314216
5.729999999999591 0.013818514216036751
5.73999999999959 0.024661862216294496
5.749999999999589 0.032505426694391756
5.759999999999588 0.03630982433544634
5.769999999999587 0.035903197432365835
5.7799999999995855 0.03167471720259291
5.789999999999584 0.024231627655801117
5.799999999999583 0.01426189646808744
5.809999999999582 0.002600623325583015
5.819999999999581 -0.009562675051964249
5.82999999999958 -0.02060880361530234
5.839999999999579 -0.028852584433558714
5.849999999999578 -0.03318090127133853
5.859999999999577 -0.03333702817203024
5.869999999999576 -0.02966559829007221
5.8799999999995745 -0.02273379188375484
5.889999999999573 -0.013170981068425071
5.899999999999572 -0.0017379101396714255
5.909999999999571 0.010467807702076119
5.91999999999957 0.021872188585046037
5.929999999999569 0.03070910383825993
5.939999999999568 0.035702196036201325
5.949999999999567 0.03645439671447309
5.959999999999566 0.03324049637357339
5.9699999999995645 0.026631244239292223
5.979999999999563 0.01729329863773543
5.989999999999562 0.006001805479432518
5.999999999999561 -0.006174718115523707
6.00999999999956 -0.01772149050230034
6.019999999999559 -0.026906152818856065
6.029999999999558 -0.03239818845111088
6.039999999999557 -0.03370798594221026
6.049999999999556 -0.031055417497800785
6.059999999999555 -0.024974937560296354
6.0699999999995535 -0.016080677539139183
6.079999999999552 -0.005079463792714778
6.089999999999551 0.007049900405066012
6.09999999999955 0.018863544903566728
6.109999999999549 0.028587960896049952
6.119999999999548 0.03474192828479441
6.129999999999547 0.03668036125112795
6.139999999999546 0.034529922985837416
6.149999999999545 0.02880904995818545
6.159999999999544 0.020165509315603666
6.1699999999995425 0.009331780082222536
6.179999999999541 -0.0027300894007414923
6.18999999999954 -0.014629983899642646
6.199999999999539 -0.024645014202081615
6.209999999999538 -0.03126591188274775
6.219999999999537 -0.03375550490212436
6.229999999999536 -0.03217210390116704
6.239999999999535 -0.026996841743413567
6.249999999999534 -0.018829693435021486
6.259999999999533 -0.008338965928582234
6.2699999999995315 0.0035967211345874286
6.27999999999953 0.0156725366583959
6.289999999999529 0.026162172852137882
6.299999999999528 0.0334277991408774
6.309999999999527 0.03656838385177068
6.319999999999526 0.03552847249997352
6.329999999999525 0.030751953666520945
6.339999999999524 0.02286345829168219
6.349999999999523 0.012564464294372602
6.359999999999522 0.0007291586868803489
6.3699999999995205 -0.011382708386915522
6.379999999999519 -0.022103838635395015
6.389999999999518 -0.029795055441193402
6.399999999999517 -0.03347244312967743
6.409999999999516 -0.0329997985139586
6.419999999999515 -0.02877968340761345
6.429999999999514 -0.021394188002196
6.439999999999513 -0.01148436198818651
6.449999999999512 0.00015279473803204955
6.459999999999511 0.012349621868859396
6.4699999999995095 0.023469868189108168
6.479999999999508 0.03177585548333163
6.489999999999507 0.03611769901559396
6.499999999999506 0.0362265214445701
6.509999999999505 0.03244551415509063
6.519999999999504 0.02536830373582062
6.529999999999503 0.015673098078199377
6.539999999999502 0.004165087174677905
6.549999999999501 -0.00802300876688934
6.5599999999995 -0.019315912159333905
6.5699999999994985 -0.027999222558372446
6.579999999999497 -0.03285714741478263
6.589999999999496 -0.0335304311132597
6.599999999999495 -0.03031253750211979
6.609999999999494 -0.023758726108809452
6.619999999999493 -0.014491341384901876
6.629999999999492 -0.0032444137578866127
6.639999999999491 0.008941015249673237
6.64999999999949 0.020548664732815507
6.6599999999994886 0.029801960633062338
6.6699999999994874 0.035326308960977666
6.679999999999486 0.03661385962682729
6.689999999999485 0.03387640726456669
6.699999999999484 0.027663536225022583
6.709999999999483 0.018633805503325333
6.719999999999482 0.007541315332101236
6.729999999999481 -0.004596222580261738
6.73999999999948 -0.016319764567952227
6.749999999999479 -0.025895553119166012
6.7599999999994775 -0.0319066896236868
6.769999999999476 -0.03375174552953991
6.779999999999475 -0.03158118715641102
6.789999999999474 -0.025907833465763315
6.799999999999473 -0.017339370644030277
6.809999999999472 -0.006563347520041806
6.819999999999471 0.005489502772563151
6.82999999999947 0.01743857735790179
6.839999999999469 0.027526213351966058
6.849999999999468 0.0341935179770826
6.8599999999994665 0.03667889572778688
6.869999999999465 0.0350299002021111
6.879999999999464 0.029733709541351287
6.889999999999463 0.021428138758779434
6.899999999999462 0.010830305345464001
6.909999999999461 -0.001140202372819013
6.91999999999946 -0.013152685855629747
6.929999999999459 -0.02350469842835675
6.939999999999458 -0.030621547561628108
6.949999999999457 -0.03365271553182608
6.9599999999994555 -0.03257158902159876
6.969999999999454 -0.02782679181858069
6.979999999999453 -0.020010755060071123
6.989999999999452 -0.009777986689162134
6.999999999999451 0.0020325250641741767
7.00999999999945 0.014179441129646564
7.019999999999449 0.02497313546402149
7.029999999999448 0.03272289824915078
7.039999999999447 0.03641226317930029
7.049999999999446 0.03589193888723663
7.0599999999994445 0.03156328812727407
7.069999999999443 0.02403804023930783
7.079999999999442 0.014006424832698643
7.089999999999441 0.002308909467499685
7.09999999999944 -0.009853662841462048
7.109999999999439 -0.020852259601830313
7.119999999999438 -0.029006590582000287
7.129999999999437 -0.03322424192511318
7.139999999999436 -0.03327026945550008
7.149999999999435 -0.02950143516819731
7.1599999999994335 -0.02248904076351513
7.169999999999432 -0.012864809174992511
7.179999999999431 -0.0013949194769901
7.18999999999943 0.010812317652297154
7.199999999999429 0.022172492940742465
7.209999999999428 0.030922735492808516
7.219999999999427 0.035806754163092064
7.229999999999426 0.036449352824327895
7.239999999999425 0.0331377431206476
7.249999999999424 0.02644736409210372
7.2599999999994225 0.017047365636825695
7.269999999999421 0.005717781745969376
7.27999999999942 -0.006462743904773515
7.289999999999419 -0.01796951717802707
7.299999999999418 -0.027072649986761038
7.309999999999417 -0.03246024434453328
7.319999999999416 -0.03366451277712042
7.329999999999415 -0.03091807835563594
7.339999999999414 -0.02475913426377977
7.349999999999413 -0.0158030539193277
7.3599999999994115 -0.004760834812608019
7.36999999999941 0.007378832688479647
7.379999999999409 0.01916015807805067
7.389999999999408 0.028808341607035923
7.399999999999407 0.03485903992956842
7.409999999999406 0.036690031754838086
7.419999999999405 0.034442508508243076
7.429999999999404 0.028640226719051243
7.439999999999403 0.019932691702409373
7.4499999999994015 0.009055671034701592
7.4599999999994 -0.003020027994590272
7.469999999999399 -0.014892858819931465
7.479999999999398 -0.0248374092559783
7.489999999999397 -0.03135896346172184
7.499999999999396 -0.03374282606790904
7.509999999999395 -0.032063071657991216
7.519999999999394 -0.02680640978714917
7.529999999999393 -0.018573936728851482
7.539999999999392 -0.008036630473835278
7.5499999999993905 0.003918923729893313
7.559999999999389 0.015975701109520526
7.569999999999388 0.02640150614867941
7.579999999999387 0.03357029730249756
7.589999999999386 0.03660367277376534
7.599999999999385 0.03546355048233494
7.609999999999384 0.03060130222092064
7.619999999999383 0.02264385364966004
7.629999999999382 0.012295116027466945
7.639999999999381 0.0004362684894404774
7.6499999999993795 -0.011661508276640968
7.659999999999378 -0.022324595194689184
7.669999999999377 -0.02992341433099347
7.679999999999376 -0.03349555157578915
7.689999999999375 -0.03292314306682741
7.699999999999374 -0.028616776006468808
7.709999999999373 -0.021160352036858097
7.719999999999372 -0.011196936771455817
7.729999999999371 0.0004699425123117614
7.73999999999937 0.012660797606111782
7.7499999999993685 0.02373011616866371
7.759999999999367 0.03194673629511906
7.769999999999366 0.036182111926465706
7.779999999999365 0.03618733670205212
7.789999999999364 0.03231557099178756
7.799999999999363 0.02516360732535609
7.809999999999362 0.015411650880353142
7.819999999999361 0.0038704683423958796
7.82999999999936 -0.008316139567763439
7.839999999999359 -0.01956354506436642
7.8499999999993575 -0.028161960625728046
7.859999999999356 -0.03291539945855278
7.869999999999355 -0.03348540625886075
7.879999999999354 -0.03017642260504329
7.889999999999353 -0.023546534962760744
7.899999999999352 -0.014219455642924738
7.909999999999351 -0.0029341767285969633
7.91999999999935 0.009257428998433641
7.929999999999349 0.02082744156439414
7.939999999999348 0.030000301383811063
7.9499999999993465 0.035420100483515723
7.959999999999345 0.03660116607983501
7.969999999999344 0.033768317725777014
7.979999999999343 0.027475688063531418
7.989999999999342 0.018383577982818828
7.999999999999341 0.00725008508884678
8.009999999999344 -0.004897313288084485
8.019999999999348 -0.01658837617449152
8.029999999999351 -0.02608887918929672
8.039999999999354 -0.03199840545748948
8.049999999999358 -0.0337377667253398
8.059999999999361 -0.031471688498179225
8.069999999999364 -0.025717584395194032
8.079999999999368 -0.0170843398110274
8.089999999999371 -0.006263012717793524
8.099999999999374 0.005806513366371463
8.109999999999378 0.01773111009495414
8.119999999999381 0.02774915126386597
8.129999999999384 0.0343161806031205
8.139999999999388 0.036693621169085526
8.149999999999391 0.034945143413981035
8.159999999999394 0.02956442969436129
8.169999999999398 0.0211913475103861
8.179999999999401 0.010545887803168244
8.189999999999404 -0.001444320515435476
8.199999999999408 -0.013436837955189263
8.209999999999411 -0.023724525084251775
8.219999999999414 -0.03074481551876263
8.229999999999418 -0.03366946689860315
8.239999999999421 -0.03248911342994567
8.249999999999424 -0.02765921578753969
8.259999999999428 -0.019773723236523856
8.269999999999431 -0.009489599365273573
8.279999999999434 0.002346753946227008
8.289999999999438 0.014481670628975617
8.299999999999441 0.025217707405505302
8.309999999999444 0.032873541857608164
8.319999999999448 0.03645514343139749
8.329999999999451 0.03583211844621956
8.339999999999455 0.0314146099619122
8.349999999999458 0.02381705545525137
8.359999999999461 0.0137318370983143
8.369999999999465 0.0020057438296243787
8.379999999999468 -0.010148938584335175
8.389999999999471 -0.021095183689287273
8.399999999999475 -0.029159934966448763
8.409999999999478 -0.03327177817966601
8.419999999999481 -0.03321555091120571
8.429999999999485 -0.02935750582034417
8.439999999999488 -0.022271220878108303
8.449999999999491 -0.012590110942134835
8.459999999999495 -0.0010861147686735244
8.469999999999498 0.01112101801004641
8.479999999999501 0.022436308829996036
8.489999999999505 0.031100843717301326
8.499999999999508 0.035878731048984994
8.509999999999511 0.03641599936116409
8.519999999999515 0.033011324226286706
8.529999999999518 0.026243942748224464
8.539999999999521 0.016784794151547572
8.549999999999525 0.005418635373653559
8.559999999999528 -0.006765446620339535
8.569999999999531 -0.01823247787585786
8.579999999999535 -0.02725477707080176
8.589999999999538 -0.032538829969431464
8.599999999999541 -0.03363844549940723
8.609999999999545 -0.030798745374607753
8.619999999999548 -0.024561528344118934
8.629999999999551 -0.015543452419418128
8.639999999999555 -0.0044597759582913335
8.649999999999558 0.00769078464373454
8.659999999999561 0.019440337512086354
8.669999999999565 0.02901280004301444
8.679999999999568 0.03496073431135228
8.689999999999571 0.03668459305500264
8.699999999999575 0.0343399771513152
8.709999999999578 0.028456027649770173
8.719999999999581 0.019684077152818703
8.729999999999585 0.00876330774531575
8.739999999999588 -0.003326518981747815
8.749999999999591 -0.015172375975592435
8.759999999999595 -0.025046415077108173
8.769999999999598 -0.03146849416667081
8.779999999999601 -0.03374626453562712
8.789999999999605 -0.031969385441006616
8.799999999999608 -0.026630083422948408
8.809999999999611 -0.018330757814631917
8.819999999999615 -0.007745412285151868
8.829999999999618 0.004231002423067701
8.839999999999621 0.016268947752861126
8.849999999999625 0.026630439165666472
8.859999999999628 0.03370170072401895
8.869999999999632 0.03662724241795695
8.879999999999635 0.03538635269638372
8.889999999999638 0.030437852830672907
8.899999999999642 0.022410934173751732
8.909999999999645 0.012011981315573256
8.919999999999648 0.00012941988703587366
8.929999999999652 -0.011953878549781404
8.939999999999655 -0.022557987163519526
8.949999999999658 -0.030063255724249685
8.959999999999662 -0.0335291018462256
8.969999999999665 -0.03285610108943084
8.979999999999668 -0.0284628031430377
8.989999999999672 -0.020934900351075262
8.999999999999675 -0.010917538805780426
9.009999999999678 0.0007790972616790159
9.019999999999682 0.01296350721506249
9.029999999999685 0.023980955442583017
9.039999999999688 0.03210721938889904
9.049999999999692 0.036235454003090584
9.059999999999695 0.036136786716363646
9.069999999999698 0.03217433362689838
9.079999999999702 0.02494802020902831
9.089999999999705 0.015139966957953678
9.099999999999708 0.0035664934013896615
9.109999999999712 -0.008617539663196241
9.119999999999715 -0.01981832482599687
9.129999999999718 -0.02833097142420728
9.139999999999722 -0.03297943749696429
9.149999999999725 -0.03344598413619543
9.159999999999728 -0.030045885000433547
9.169999999999732 -0.023340042269486518
9.179999999999735 -0.013953641162549954
9.189999999999738 -0.0026307318309019196
9.199999999999742 0.009565965337445217
9.209999999999745 0.02109710591862385
9.219999999999748 0.030188639909971997
9.229999999999752 0.03550364002556898
9.239999999999755 0.03657845318509067
9.249999999999758 0.033650694309746425
9.259999999999762 0.027278959906016313
9.269999999999765 0.018125298130767912
9.279999999999768 0.006951879881474366
9.289999999999772 -0.005204012996180208
9.299999999999775 -0.016861179883649765
9.309999999999778 -0.026285395272582716
9.319999999999782 -0.032093000001957105
9.329999999999785 -0.033726887741786345
9.339999999999788 -0.03136570015630379
9.349999999999792 -0.025531262339111477
9.359999999999795 -0.016833710402648715
9.369999999999798 -0.005967776918999955
9.379999999999802 0.006117363261915013
9.389999999999805 0.018016158207061716
9.399999999999809 0.027963530720937064
9.409999999999812 0.03442994421654856
9.419999999999815 0.03669978002979382
9.429999999999819 0.03485248992344871
9.439999999999822 0.02938802862142669
9.449999999999825 0.020948233492621413
9.459999999999829 0.010256022605490814
9.469999999999832 -0.001752792318837052
9.479999999999835 -0.013724082397507779
9.489999999999839 -0.023946387001528915
9.499999999999842 -0.030869661708798193
9.509999999999845 -0.03368793931417766
9.519999999999849 -0.032408791783088406
9.529999999999852 -0.02749425203101883
9.539999999999855 -0.01953973899186838
9.549999999999859 -0.009204780091040327
9.559999999999862 0.0026566398132295984
9.569999999999865 0.014778469264389615
9.579999999999869 0.02545576510850223
9.589999999999872 0.03301710222582987
9.599999999999875 0.0364910038064725
9.609999999999879 0.035765722433535464
9.619999999999882 0.031259947045616826
9.629999999999885 0.023590718066253537
9.639999999999889 0.013452579119584458
9.649999999999892 0.0016987709942192881
9.659999999999895 -0.010446931016724174
9.669999999999899 -0.021339751286517435
9.679999999999902 -0.0293142752037211
9.689999999999905 -0.03332022190385774
9.699999999999909 -0.03316199674992981
9.709999999999912 -0.02921508013505793
9.719999999999915 -0.022055242694601688
9.729999999999919 -0.012317665936765903
9.739999999999922 -0.0007801980540952871
9.749999999999925 0.01142586532640187
9.759999999999929 0.02269516787479388
9.769999999999932 0.031273244657030914
9.779999999999935 0.03594485190590784
9.789999999999939 0.03637706257046522
9.799999999999942 0.03287977036576228
9.809999999999945 0.026035891834649737
9.819999999999949 0.016518150932677576
9.829999999999952 0.00511614244229561
9.839999999999955 -0.007070501006507861
9.849999999999959 -0.018496683181125333
9.859999999999962 -0.027437338398175682
9.869999999999965 -0.03261758770624118
9.879999999999969 -0.03361270490864432
9.889999999999972 -0.030680034447154468
9.899999999999975 -0.024364846698324047
9.909999999999979 -0.015285125849347745
9.919999999999982 -0.004160531197820517
9.929999999999986 0.008000048718094942
9.939999999999989 0.019716702100904825
9.949999999999992 0.029212512743460588
9.959999999999996 0.035057326319614335
9.969999999999999 0.03667419235469359
9.980000000000002 0.03423286244078637
9.990000000000006 0.028267705041243367
10.000000000000009 0.019431847810465745
10.010000000000012 0.00846797386691202
10.020000000000016 -0.0036350623689409304
10.030000000000019 -0.01545281949411218
10.040000000000022 -0.025255384022034987
10.050000000000026 -0.03157754505913948
10.060000000000029 -0.033749278292810055
10.070000000000032 -0.03187556026530736
10.080000000000036 -0.02645394498420958
10.090000000000039 -0.018088126835955325
10.100000000000042 -0.007455245458669168
10.110000000000046 0.0045412279784102115
10.120000000000049 0.0165592326654608
10.130000000000052 0.026855357725885282
10.140000000000056 0.03382855305283946
10.150000000000059 0.03664628386266133
10.160000000000062 0.03530495901131439
10.170000000000066 0.030270652828921628
10.180000000000069 0.02217475965202267
10.190000000000072 0.011726190038919277
10.200000000000076 -0.00017923955460701137
10.210000000000079 -0.01224695567412098
10.220000000000082 -0.022791023992040867
10.230000000000086 -0.03020213992350508
10.240000000000089 -0.03356164333986815
10.250000000000092 -0.03278831372178738
10.260000000000096 -0.028308427859753252
10.270000000000099 -0.020709412905688295
10.280000000000102 -0.010638577710203913
10.290000000000106 0.001087085110872303
10.300000000000109 0.013263987913170103
10.310000000000112 0.024228431859093992
10.320000000000116 0.032263630326822876
10.330000000000119 0.0362846143699322
10.340000000000122 0.036082330356708096
10.350000000000126 0.03202961497621358
10.360000000000129 0.02472942902839096
10.370000000000132 0.014865831811847276
10.380000000000136 0.003260831591638988
10.39000000000014 -0.008919573705115027
10.400000000000142 -0.020072611688467086
10.410000000000146 -0.028498728696992354
10.42000000000015 -0.03304203859231448
10.430000000000152 -0.033405343846980975
10.440000000000156 -0.02991447974964003
10.45000000000016 -0.02313305338150954
10.460000000000163 -0.013687771509769981
10.470000000000166 -0.0023278820146126057
10.48000000000017 0.009872923828632457
10.490000000000173 0.021364025514342053
10.500000000000176 0.030373363497816774
10.51000000000018 0.03558329831961706
10.520000000000183 0.036552055764584965
10.530000000000186 0.03352978389573278
10.54000000000019 0.027079403850143083
10.550000000000193 0.017864702875496512
10.560000000000196 0.006652037767356334
10.5700000000002 -0.005511379119418895
10.580000000000203 -0.017133505751761854
10.590000000000206 -0.026480529317698422
10.60000000000021 -0.03218587027388016
10.610000000000213 -0.03371442199105098
10.620000000000216 -0.03125846248252587
10.63000000000022 -0.025344062764294684
10.640000000000223 -0.016582618398435202
10.650000000000226 -0.00567265484627095
10.66000000000023 0.0064272126006086035
10.670000000000233 0.018299052233827717
10.680000000000236 0.02817475109322689
10.69000000000024 0.03454010667430811
10.700000000000243 0.03670242666083716
10.710000000000246 0.034756678105385845
10.72000000000025 0.02920890747337537
10.730000000000253 0.02070288106275409
10.740000000000256 0.009964524682679679
10.75000000000026 -0.002062018020680517
10.760000000000263 -0.014010956869833432
10.770000000000266 -0.02416686004484701
10.78000000000027 -0.03099260813878706
10.790000000000273 -0.033704539802981784
10.800000000000276 -0.0323269042959153
10.81000000000028 -0.027328091747887095
10.820000000000283 -0.01930495533248014
10.830000000000286 -0.008919678194976561
10.84000000000029 0.0029660172609894454
10.850000000000293 0.015073653901188148
10.860000000000296 0.025691106712309494
10.8700000000003 0.03315732671596706
10.880000000000303 0.036523488751515426
10.890000000000306 0.03569624932628841
10.90000000000031 0.031102623639473123
10.910000000000313 0.023362178820236223
10.920000000000316 0.01317166732872246
10.93000000000032 0.0013909313024935168
10.940000000000323 -0.010744715848393914
10.950000000000326 -0.021583013194806846
10.96000000000033 -0.02946663156876814
10.970000000000333 -0.033366576565150345
10.980000000000336 -0.033106610070129563
10.99000000000034 -0.029071185716880117
11.000000000000343 -0.021838182347903145
11.010000000000346 -0.012044609752018352
11.02000000000035 -0.00047437156163555617
11.030000000000353 0.011729589503190453
11.040000000000356 0.02295174634855328
11.05000000000036 0.031442574885118334
11.060000000000363 0.036007713472536604
11.070000000000366 0.0363350941307742
11.08000000000037 0.03274557771951246
11.090000000000373 0.025825644494287394
11.100000000000376 0.01624981733107491
11.11000000000038 0.004812660548905859
11.120000000000383 -0.007375540889302538
11.130000000000386 -0.018759736668763585
11.14000000000039 -0.027617914912820753
11.150000000000393 -0.032694103258495144
11.160000000000396 -0.03358490768481682
11.1700000000004 -0.030559619007823124
11.180000000000403 -0.024166842361290228
11.190000000000406 -0.015025914775851973
11.20000000000041 -0.0038610242635329674
11.210000000000413 0.008308630555828832
11.220000000000416 0.019991215932291855
11.23000000000042 0.029409434899318677
11.240000000000423 0.03515077389881987
11.250000000000426 0.03666078482129371
11.26000000000043 0.03412310303290724
11.270000000000433 0.02807716662476117
11.280000000000436 0.019177879069456664
11.29000000000044 0.008171527192170906
11.300000000000443 -0.003943799615503821
11.310000000000446 -0.015732319656590485
11.32000000000045 -0.02546244533408172
11.330000000000453 -0.03168426607177171
11.340000000000456 -0.03375005221112515
11.35000000000046 -0.031779824038613895
11.360000000000463 -0.026276274238288832
11.370000000000466 -0.017844378886626554
11.38000000000047 -0.007164517470839917
11.390000000000473 0.00485116516541273
11.400000000000476 0.01684808905602465
11.41000000000048 0.027077789743715535
11.420000000000483 0.03395239026568685
11.430000000000486 0.03666233559746699
11.44000000000049 0.0352208956319163
11.450000000000493 0.030101198215640817
11.460000000000496 0.02193678608867308
11.4700000000005 0.011439164865090154
11.480000000000503 -0.0004883040423402462
11.490000000000506 -0.0125393348671953
11.50000000000051 -0.02302230002236077
11.510000000000513 -0.030338672333590975
11.520000000000516 -0.033591802951155186
11.53000000000052 -0.03271843391666279
11.540000000000523 -0.028152334468603567
11.550000000000527 -0.020482607678668344
11.56000000000053 -0.010358801179930155
11.570000000000533 0.0013951325760332492
11.580000000000537 0.01356344820116371
11.59000000000054 0.024473751658187385
11.600000000000543 0.03241718212330205
11.610000000000547 0.03633080596771611
11.62000000000055 0.03602516749866564
11.630000000000553 0.03188258776896102
11.640000000000557 0.024508969747891265
11.65000000000056 0.014590346367953179
11.660000000000563 0.0029545598784314515
11.670000000000567 -0.0092211756087743
11.68000000000057 -0.020325343726809914
11.690000000000573 -0.02866417779373753
11.700000000000577 -0.033102158874348385
11.71000000000058 -0.0333624524177975
11.720000000000583 -0.02978118829089314
11.730000000000587 -0.0229245694307849
11.74000000000059 -0.013420868344459201
11.750000000000593 -0.0020246682307422464
11.760000000000597 0.010179248109002571
11.7700000000006 0.021629140471827683
11.780000000000603 0.030555418798886416
11.790000000000607 0.03566002328615925
11.80000000000061 0.03652291030364747
11.810000000000613 0.033406499678913924
11.820000000000617 0.02687790244058101
11.83000000000062 0.017602645776133432
11.840000000000623 0.006351393653882263
11.850000000000627 -0.005818584111281063
11.86000000000063 -0.01740452822173301
11.870000000000633 -0.026673461856934623
11.880000000000637 -0.032276207078042934
11.89000000000064 -0.03369956932949488
11.900000000000643 -0.03114918454824749
11.910000000000647 -0.02515520840484016
11.92000000000065 -0.016330303546609453
11.930000000000653 -0.005376904635636154
11.940000000000657 0.006736785293628053
11.95000000000066 0.018580507380548887
11.960000000000663 0.028383532915897434
11.970000000000667 0.03464739571824174
11.98000000000067 0.036702286319122306
11.990000000000673 0.03465841975126387
12.000000000000677 0.029027756791575363
12.01000000000068 0.020455958695946325
12.020000000000683 0.009672048263385864
12.030000000000687 -0.0023713474508700134
12.04000000000069 -0.014296810223742176
12.050000000000693 -0.024385297022202695
12.060000000000697 -0.031113018360202166
12.0700000000007 -0.033718642883438045
12.080000000000704 -0.03224283456414409
12.090000000000707 -0.027160129800813837
12.10000000000071 -0.01906878162366441
12.110000000000714 -0.0086337194198882
12.120000000000717 0.003275442758891119
12.13000000000072 0.015367768742911474
12.140000000000724 0.025924278400018007
12.150000000000727 0.03329477122260128
12.16000000000073 0.03655315815855488
12.170000000000734 0.035624253460958856
12.180000000000737 0.03094318099719285
12.19000000000074 0.023131963356945985
12.200000000000744 0.012889616546043186
12.210000000000747 0.001082737322549714
12.22000000000075 -0.0110417781039195
12.230000000000754 -0.02182445670130443
12.240000000000757 -0.029616502125481666
12.25000000000076 -0.033410352831186145
12.260000000000764 -0.0330489110330475
12.270000000000767 -0.028925352128566496
12.28000000000077 -0.02161958138913477
12.290000000000774 -0.011770497967699132
12.300000000000777 -0.0001682069317794805
12.31000000000078 0.012032605467808936
12.320000000000784 0.023206458351595596
12.330000000000787 0.03160925935243863
12.34000000000079 0.03606774950854372
12.350000000000794 0.036290527698811595
12.360000000000797 0.032609172097676976
12.3700000000008 0.025613615021667556
12.380000000000804 0.015980198535573906
12.390000000000807 0.0045085930593313775
12.40000000000081 -0.007680159893392811
12.410000000000814 -0.01902123251432348
12.420000000000817 -0.027796110809217876
12.43000000000082 -0.032767994356184056
12.440000000000824 -0.03355468142519041
12.450000000000827 -0.03043713403058387
12.46000000000083 -0.023967159037909837
12.470000000000834 -0.014765473781485704
12.480000000000837 -0.0035609231422799367
12.49000000000084 0.008616848685538065
12.500000000000844 0.020264193483352393
12.510000000000847 0.029603890624865452
12.52000000000085 0.03524141287757445
12.530000000000854 0.03664471023640085
12.540000000000857 0.034011034702997094
12.55000000000086 0.027884739715584306
12.560000000000864 0.018922490347824197
12.570000000000867 0.007874285141053424
12.58000000000087 -0.004252410024158502
12.590000000000874 -0.01601055444832194
12.600000000000877 -0.025667285269040812
12.61000000000088 -0.03178835730741096
12.620000000000884 -0.033748297176396685
12.630000000000887 -0.031681894101851106
12.64000000000089 -0.02609679480602782
12.650000000000894 -0.017599245764478775
12.660000000000897 -0.00687297086895004
12.6700000000009 0.005161058819575924
12.680000000000904 0.017135755086109684
12.690000000000907 0.027297980483181477
12.70000000000091 0.03407347082860339
12.710000000000914 0.03667566336859421
12.720000000000917 0.03513442746434061
12.73000000000092 0.029929748018119817
12.740000000000924 0.02169726591509197
12.750000000000927 0.011151156020446066
12.76000000000093 -0.0007975199749319448
12.770000000000934 -0.012830759501554687
12.780000000000937 -0.02325156447175071
12.79000000000094 -0.0304726156918276
12.800000000000944 -0.03361935533655128
12.810000000000947 -0.032646242766116995
12.82000000000095 -0.02799430867920341
12.830000000000954 -0.020254276422461644
12.840000000000957 -0.010078009552666679
12.85000000000096 0.0017034278076745225
12.860000000000964 0.013862067485149817
12.870000000000967 0.024717097922662627
12.88000000000097 0.03256807127199955
12.890000000000974 0.036374235527506245
12.900000000000977 0.03596550700918392
12.91000000000098 0.031733457346910236
12.920000000000984 0.02428684253072541
12.930000000000987 0.014313708551642117
12.94000000000099 0.0026478795740722573
12.950000000000994 -0.009522139502755916
12.960000000000997 -0.02057631805019337
12.970000000001 -0.02882712843426595
12.980000000001004 -0.03315962132292628
12.990000000001007 -0.03331714026683821
13.00000000000101 -0.029645844916483387
13.010000000001014 -0.02271442911758746
13.020000000001017 -0.01315277711480654
13.03000000000102 -0.0017209460659777143
13.040000000001024 0.010485072568387991
13.050000000001027 0.02189258511025713
13.06000000000103 0.03073495242065718
13.070000000001034 0.03573397421090389
13.080000000001037 0.03649118117218233
13.09000000000104 0.033281004757167935
13.100000000001044 0.026674614986845174
13.110000000001047 0.01733928394704331
13.12000000000105 0.006050107695142822
13.130000000001054 -0.006125462177109852
13.140000000001058 -0.017674081508160112
13.15000000000106 -0.026864037934573228
13.160000000001064 -0.03236386969042382
13.170000000001068 -0.033682198070481985
13.18000000000107 -0.031037738593792368
13.190000000001074 -0.02496457475238245
13.200000000001078 -0.016076646524905307
13.21000000000108 -0.005080415539622378
13.220000000001084 0.007046181664673876
13.230000000001088 0.018860620429784196
13.240000000001091 0.02858998287347047
13.250000000001094 0.03475193227062664
13.260000000001098 0.036699487842528265
13.270000000001101 0.03455784462567031
13.280000000001104 0.028844703894585134
13.290000000001108 0.02020759170971552
13.300000000001111 0.009378721068412914
13.310000000001114 -0.0026806467293194873
13.320000000001118 -0.014581505943849634
13.330000000001121 -0.024601569697257488
13.340000000001124 -0.031230778698250607
13.350000000001128 -0.03373014575830885
13.360000000001131 -0.0321564844336066
13.370000000001134 -0.026990270574572244
13.380000000001138 -0.01883112610889925
13.390000000001141 -0.008346818980068718
13.400000000001144 0.003584991026290352
13.410000000001148 0.015660882203107674
13.420000000001151 0.0261553551698483
13.430000000001154 0.0334295254460108
13.440000000001158 0.036580112263677605
13.450000000001161 0.035549838181894826
13.460000000001164 0.030781721288260778
13.470000000001168 0.022900172147088206
13.480000000001171 0.012606528868394416
13.490000000001174 0.000774297289314033
13.500000000001178 -0.011338004792621544
13.510000000001181 -0.022063973969661987
13.520000000001184 -0.029763793096129417
13.530000000001188 -0.033451469566182335
13.540000000001191 -0.03298882443113601
13.550000000001194 -0.028777506454061116
13.560000000001198 -0.02139936966966624
13.570000000001201 -0.011495265895865876
13.580000000001204 0.00013835135813085173
13.590000000001208 0.01233496055046029
13.600000000001211 0.023459353995727763
13.610000000001214 0.03177336211813951
13.620000000001218 0.03612503686958833
13.630000000001221 0.03624344549190282
13.640000000001224 0.03247063584758909
13.650000000001228 0.02539988447582891
13.660000000001231 0.01570937650688437
13.670000000001234 0.004204027572283931
13.680000000001238 -0.00798426417548032
13.690000000001241 -0.01928107870345343
13.700000000001245 -0.027971846714642725
13.710000000001248 -0.032839195670063166
13.720000000001251 -0.0335219684614001
13.730000000001255 -0.030312524399597612
13.740000000001258 -0.023765743570672498
13.750000000001261 -0.014503753839281756
13.760000000001265 -0.00326018673513966
13.770000000001268 0.008924735034859577
13.780000000001271 0.02053566570763731
13.790000000001275 0.029795922853610282
13.800000000001278 0.03532930063504656
13.810000000001281 0.03662603367088201
13.820000000001285 0.033896724074706605
13.830000000001288 0.027690490161634065
13.840000000001291 0.018665747860106656
13.850000000001295 0.00757631870796241
13.860000000001298 -0.0045608155147723855
13.870000000001301 -0.016287444485202692
13.880000000001305 -0.025869834767565884
13.890000000001308 -0.03188976453191727
13.900000000001311 -0.03374396860280745
13.910000000001315 -0.03158172920867962
13.920000000001318 -0.025915466920651258
13.930000000001321 -0.017352690717872564
13.940000000001325 -0.006580575454570464
13.950000000001328 0.005470929796416547
13.960000000001331 0.017422247385065672
13.970000000001335 0.02751595554715732
13.980000000001338 0.03419183557488129
13.990000000001341 0.036686318053032255
14.000000000001345 0.035045608550661814
14.010000000001348 0.029756356134089074
14.020000000001351 0.021456253092751933
14.030000000001355 0.01086222119483471
14.040000000001358 -0.001106822356660546
14.050000000001361 -0.01312116064127821
14.060000000001365 -0.023478755681474325
14.070000000001368 -0.030603923141927884
14.080000000001371 -0.03364426529186669
14.090000000001375 -0.0325717097021464
14.100000000001378 -0.027834321293293426
14.110000000001381 -0.02002439205089695
14.120000000001385 -0.00979618093297857
14.130000000001388 0.0020119838354058224
14.140000000001391 0.014159852112001171
14.150000000001395 0.024958482273648715
14.160000000001398 0.032716324339966664
14.170000000001401 0.03641494187518646
14.180000000001405 0.03590339271056787
14.190000000001408 0.0315822681751265
14.200000000001411 0.024063091815210883
14.210000000001415 0.014035965472286383
14.220000000001418 0.002340844754178158
14.230000000001422 -0.009822405397965327
14.240000000001425 -0.020825478496585295
14.250000000001428 -0.02898753831338495
14.260000000001432 -0.03321439702761276
14.270000000001435 -0.03326938485163187
14.280000000001438 -0.029508428750078416
14.290000000001442 -0.02250261300008034
14.300000000001445 -0.012883482328694946
14.310000000001448 -0.0014167079586662498
14.320000000001452 0.010790396538556816
14.330000000001455 0.022154360129244294
14.340000000001458 0.030911978563648117
14.350000000001462 0.03580517938220369
14.360000000001465 0.03645690369179768
14.370000000001468 0.03315333608848922
14.380000000001472 0.026469578514244474
14.390000000001475 0.01707465618430518
14.400000000001478 0.005748224858843436
14.410000000001482 -0.006431961178976615
14.420000000001485 -0.01794211386579432
14.430000000001488 -0.027052217763908523
14.440000000001492 -0.03244883293085071
14.450000000001495 -0.03366229142841063
14.460000000001498 -0.030924110234486223
14.470000000001502 -0.024772148436079576
14.480000000001505 -0.015821636847759123
14.490000000001508 -0.004783183803163744
14.500000000001512 0.007355396568822203
14.510000000001515 0.019139383987368214
14.520000000001518 0.02879410452106147
14.530000000001522 0.03485373512696021
14.540000000001525 0.03669405923840387
14.550000000001528 0.03445498361961889
14.560000000001532 0.028659780011673082
14.570000000001535 0.019957812448603174
14.580000000001538 0.009084580519586034
14.590000000001542 -0.002989870703747174
14.600000000001545 -0.01486499622426728
14.610000000001548 -0.024815639465596034
14.620000000001552 -0.03134586561733365
14.630000000001555 -0.03373903541141012
14.640000000001558 -0.032067844479706745
14.650000000001562 -0.026818505536835156
14.660000000001565 -0.0185919822677061
14.670000000001568 -0.008058975797069956
14.680000000001572 0.0038946543215628575
14.690000000001575 0.01595298134339428
14.700000000001578 0.026384331609011866
14.710000000001582 0.03356159943443732
14.720000000001585 0.03660437251644984
14.730000000001588 0.03547302934998008
14.740000000001592 0.030618271178615503
14.750000000001595 0.022666832571082762
14.760000000001599 0.012322435552802826
14.770000000001602 0.0004656501163280559
14.780000000001605 -0.011633351930228197
14.790000000001609 -0.02230152686027148
14.800000000001612 -0.029908480975812047
14.810000000001615 -0.033489915763325266
14.820000000001619 -0.032926344469509476
14.830000000001622 -0.028627644010101382
14.840000000001625 -0.021177543840920188
14.850000000001629 -0.011218914393943116
14.860000000001632 0.00044529428209910666
14.870000000001635 0.012636638452839482
14.880000000001639 0.02371042062165611
14.890000000001642 0.03193488510836084
14.900000000001645 0.03617959086509666
14.910000000001649 0.036193869030541614
14.920000000001652 0.03232999199461112
14.930000000001655 0.025184476424075175
14.940000000001659 0.015437377573517272
14.950000000001662 0.0038989974634528117
14.960000000001665 -0.008287813603865645
14.970000000001669 -0.019539237386868042
14.980000000001672 -0.028145098013773722
14.990000000001675 -0.032907696649487346
15.000000000001679 -0.03348676541596968
15.010000000001682 -0.030185788451934314
15.020000000001685 -0.023562595172897455
15.030000000001689 -0.014240757274960044
15.040000000001692 -0.002958824508592
15.050000000001695 0.009232271699062027
15.060000000001699 0.020805614488568002
15.070000000001702 0.029985526045885526
15.080000000001705 0.03541444650389524
15.090000000001709 0.03660477269096121
15.100000000001712 0.0337801911947307
15.110000000001715 0.027494438587215602
15.120000000001719 0.018407674096427153
15.130000000001722 0.0072776564247081735
15.140000000001725 -0.004868979852863011
15.150000000001729 -0.0165629524647085
15.160000000001732 -0.026070067421504094
15.170000000001735 -0.03198847631299945
15.180000000001739 -0.03373706437895293
15.190000000001742 -0.03147932998511556
15.200000000001745 -0.025732291883427
15.210000000001749 -0.017104717245858325
15.220000000001752 -0.006287340651052357
15.230000000001755 0.00578075989698058
15.240000000001759 0.01770754417814586
15.250000000001762 0.027731702722222282
15.260000000001765 0.03430748787035296
15.270000000001769 0.036694313392153725
15.280000000001772 0.034954456394624425
15.290000000001776 0.029581040892323437
15.300000000001779 0.021213767190625763
15.310000000001782 0.010572384779250129
15.320000000001786 -0.0014161788371272225
15.330000000001789 -0.013410502049587198
15.340000000001792 -0.023703845204509577
15.350000000001796 -0.030732581285754623
15.360000000001799 -0.033666530862045685
15.370000000001802 -0.032494836957120396
15.380000000001806 -0.02767237531769186
15.390000000001809 -0.01979295903941686
15.400000000001812 -0.00951332447858206
15.410000000001816 0.0023207830633026933
15.420000000001819 0.014456778332072559
15.430000000001822 0.02519788681337758
15.440000000001826 0.03286193870984442
15.450000000001829 0.036452934851247384
15.460000000001832 0.035838839796232064
15.470000000001836 0.03142903675608745
15.480000000001839 0.023837734975059675
15.490000000001842 0.013757138093912897
15.500000000001846 0.0020334839947278804
15.510000000001849 -0.010121938719437376
15.520000000001852 -0.02107279474646574
15.530000000001856 -0.029145391285988552
15.540000000001859 -0.03326648312976243
15.550000000001862 -0.033219189330495044
15.560000000001866 -0.029368944167378053
15.570000000001869 -0.022289126389874913
15.580000000001872 -0.012612992833073551
15.590000000001876 -0.0011119703704963065
15.600000000001879 0.011095195733767486
15.610000000001882 0.022414443152395793
15.620000000001886 0.03108648871374603
15.630000000001889 0.03587364450610662
15.640000000001892 0.03642009078682092
15.650000000001896 0.03302350866434236
15.660000000001899 0.02626280874560728
15.670000000001902 0.01680878073018895
15.680000000001906 0.0054457701692092264
15.690000000001909 -0.006738048737295838
15.700000000001912 -0.018208593631078893
15.710000000001916 -0.02723798200654296
15.720000000001919 -0.03253109205385354
15.730000000001922 -0.03363985276953856
15.740000000001926 -0.03080830488475961
15.75000000000193 -0.02457793550085832
15.760000000001932 -0.015565283109390489
15.770000000001936 -0.004485224519355651
15.78000000000194 0.007664406303494524
15.790000000001942 0.019416772575513212
15.800000000001946 0.02899588373518644
15.81000000000195 0.03495280552629116
15.820000000001953 0.03668601102654933
15.830000000001956 0.03434985038742238
15.84000000000196 0.028472999607526205
15.850000000001963 0.019706637083691195
15.860000000001966 0.008789648420595054
15.87000000000197 -0.0032989895895188266
15.880000000001973 -0.01514724883813289
15.890000000001976 -0.025027483692947303
15.90000000000198 -0.031458271628897284
15.910000000001983 -0.03374531464800709
15.920000000001986 -0.03197692080378135
15.93000000000199 -0.026644841383099815
15.940000000001993 -0.01835135853915158
15.950000000001996 -0.007770203579450296
15.960000000002 0.004204410307037164
15.970000000002003 0.016244039013018352
15.980000000002006 0.02661118853129777
15.99000000000201 0.03369098961802582
16.00000000000201 0.036625946747837645
16.010000000002005 0.03539383932261817
16.020000000002 0.030452844147025194
16.030000000001994 0.022431959274760997
16.04000000000199 0.012037355607030476
16.050000000001983 0.00015682275689504847
16.060000000001978 -0.011927787598554658
16.070000000001972 -0.022537089684459544
16.080000000001966 -0.03005055487254851
16.09000000000196 -0.03352569286303159
16.100000000001955 -0.032861477537119176
16.11000000000195 -0.028475772055894504
16.120000000001944 -0.0209541122852253
16.13000000000194 -0.010941455917489476
16.140000000001933 0.0007526013279966851
16.150000000001928 0.012937611674480083
16.160000000001922 0.023959634810315957
16.170000000001917 0.03209381970659053
16.18000000000191 0.036231416236130944
16.190000000001906 0.03614180928187575
16.2000000000019 0.03218725320076066
16.210000000001894 0.02496740440458233
16.22000000000189 0.015164218440218086
16.230000000001883 0.003593526790954849
16.240000000001878 -0.008590777379632632
16.250000000001872 -0.01979568039342665
16.260000000001867 -0.02831585000842573
16.27000000000186 -0.0329734965644457
16.280000000001856 -0.03344907848923752
16.29000000000185 -0.030056933892138014
16.300000000001845 -0.02335772225692904
16.31000000000184 -0.013976495507938535
16.320000000001833 -0.00265685496759181
16.330000000001828 0.009539431921962526
16.340000000001822 0.021074013265437334
16.350000000001817 0.03017268650800073
16.36000000000181 0.035496851653312025
16.370000000001806 0.036580936644079555
16.3800000000018 0.03366144797834236
16.390000000001795 0.027296597719459064
16.40000000000179 0.01814828397307186
16.410000000001784 0.006978319553954349
16.420000000001778 -0.005176874015092489
16.430000000001773 -0.01683704857481668
16.440000000001767 -0.02626796461510729
16.45000000000176 -0.032084488992816046
16.460000000001756 -0.03372758994618553
16.47000000000175 -0.03137470440993044
16.480000000001745 -0.025547278208181874
16.49000000000174 -0.016855335975704412
16.500000000001734 -0.005993282990648165
16.510000000001728 0.006090523914999295
16.520000000001723 0.01799161702336484
16.530000000001717 0.02794520348187594
16.54000000000171 0.03442042480967435
16.550000000001706 0.03669965675846095
16.5600000000017 0.034860982135461335
16.570000000001695 0.029403814406663183
16.58000000000169 0.0209698218097582
16.590000000001684 0.0102816654820051
16.60000000000168 -0.0017255626340830954
16.610000000001673 -0.013698753257695682
16.620000000001667 -0.023926810701890403
16.63000000000166 -0.030858582899506746
16.640000000001656 -0.033686156076036554
16.65000000000165 -0.032415632544578944
16.660000000001645 -0.027508479413810957
16.67000000000164 -0.019559987450131017
16.680000000001634 -0.009229454933180087
16.69000000000163 0.0026298023424687375
16.700000000001623 0.014752817097374648
16.710000000001617 0.025435288735020666
16.720000000001612 0.0330049069731414
16.730000000001606 0.03648821939523834
16.7400000000016 0.035771858497375936
16.750000000001595 0.03127377470694895
16.76000000000159 0.023610784678958347
16.770000000001584 0.013477242925410355
16.78000000000158 0.001725821572116835
16.790000000001573 -0.010420709310988435
16.800000000001567 -0.02131824124281565
16.810000000001562 -0.02930067612108592
16.820000000001556 -0.033315881542183325
16.83000000000155 -0.033166561423568046
16.840000000001545 -0.02922739997917249
16.85000000000154 -0.022073978976106873
16.860000000001534 -0.012341321858568498
16.87000000000153 -0.0008067541632202752
16.880000000001523 0.011399441633452016
16.890000000001518 0.02267280795196939
16.900000000001512 0.031258470711073266
16.910000000001506 0.03593937155415431
16.9200000000015 0.0363807515365698
16.930000000001495 0.03289153364448462
16.94000000000149 0.02605431769494027
16.950000000001484 0.016541672322395954
16.96000000000148 0.0051427653268483415
16.970000000001473 -0.0070436958411450555
16.980000000001468 -0.018473492820940463
16.990000000001462 -0.027421315236209137
17.000000000001457 -0.032610646148072436
17.01000000000145 -0.033614889082859166
17.020000000001446 -0.030690331442837674
17.03000000000144 -0.02438194542032599
17.040000000001434 -0.015307597339698036
17.05000000000143 -0.004186556263805181
17.060000000001423 0.007973183766269074
17.070000000001418 0.019692757654662295
17.080000000001412 0.029195303619389806
17.090000000001407 0.03504914189893872
17.1000000000014 0.03667535077560484
17.110000000001396 0.034242455589528854
17.12000000000139 0.028284374225493538
17.130000000001385 0.019454079021108874
17.14000000000138 0.008493943999331958
17.150000000001373 -0.0036079761584991354
17.160000000001368 -0.015428234368682238
17.170000000001362 -0.025237082850598915
17.180000000001357 -0.03156799234965263
17.19000000000135 -0.033748989178324
17.200000000001346 -0.03188372225286998
17.21000000000134 -0.02646928749350331
17.220000000001335 -0.01810926605235442
17.23000000000133 -0.007480518786245831
17.240000000001324 0.0045142339084548325
17.250000000001318 0.01653402558996024
17.260000000001313 0.026835904628184977
17.270000000001307 0.03381769034696257
17.2800000000013 0.036644840555644834
17.290000000001296 0.035312278133010355
17.30000000000129 0.03028545137480767
17.310000000001285 0.02219556471896165
17.32000000000128 0.01175130603317277
17.330000000001274 -0.0001521597689614183
17.340000000001268 -0.012221281995299618
17.350000000001263 -0.022770639199100735
17.360000000001257 -0.030190006424812267
17.37000000000125 -0.033558804665569895
17.380000000001246 -0.03279423220139688
17.39000000000124 -0.028321899953880285
17.400000000001235 -0.020729085489451064
17.41000000000123 -0.010662905087767058
17.420000000001224 0.0010602497805161444
17.43000000000122 0.0132378506925502
17.440000000001213 0.024206971490787488
17.450000000001207 0.03225015577952454
17.4600000000012 0.03628051606977904
17.470000000001196 0.036087275428499314
17.48000000000119 0.03204243032702238
17.490000000001185 0.024748680228643318
17.50000000000118 0.014889914239129413
17.510000000001174 0.0032876381530277617
17.52000000000117 -0.008893126273676735
17.530000000001163 -0.0200503814480806
17.540000000001157 -0.02848409006784899
17.550000000001152 -0.033036596632212686
17.560000000001146 -0.03340891563093727
17.57000000000114 -0.02992597007680056
17.580000000001135 -0.023151134879909534
17.59000000000113 -0.013710981656823827
17.600000000001124 -0.002354298386905083
17.61000000000112 0.009846187275219855
17.620000000001113 0.021340834153931027
17.630000000001107 0.030357389451803243
17.640000000001102 0.035576516066630745
17.650000000001096 0.036554533532553286
17.66000000000109 0.03354050493757849
17.670000000001085 0.027096978922225276
17.68000000000108 0.017887591163983904
17.690000000001074 0.006678328253852046
17.70000000000107 -0.005484470124630672
17.710000000001063 -0.017109704438519224
17.720000000001058 -0.026463509417296204
17.730000000001052 -0.03217780054657589
17.740000000001046 -0.03371555217704181
17.75000000000104 -0.031267861767426505
17.760000000001035 -0.0253604356928375
17.77000000000103 -0.01660455886362126
17.780000000001024 -0.005698420421244499
17.79000000000102 0.006400195253354768
17.800000000001013 0.018274436378821455
17.810000000001008 0.028156438507739766
17.820000000001002 0.034530642676786495
17.830000000000997 0.03670235454059795
17.84000000000099 0.034765195831079315
17.850000000000986 0.02922468771728226
17.86000000000098 0.020724429564472447
17.870000000000974 0.009990081169802677
17.88000000000097 -0.0020349477889465865
17.890000000000963 -0.013985884848767149
17.900000000000958 -0.024147631192689357
17.910000000000952 -0.0309819221467767
17.920000000000947 -0.03370314616269492
17.93000000000094 -0.032334105522000375
17.940000000000936 -0.027342643245647145
17.95000000000093 -0.019325488382004232
17.960000000000925 -0.00894458816582585
17.97000000000092 0.0029390173661187776
17.980000000000913 0.015047938414854559
17.990000000000908 0.025670664641082742
18.000000000000902 0.0331452212030026
18.010000000000897 0.036520799762469566
18.02000000000089 0.03570245822831747
18.030000000000886 0.03111649280330963
18.04000000000088 0.023382252810522287
18.050000000000875 0.013196295825232213
18.06000000000087 0.001417881179883363
18.070000000000864 -0.010718687758077142
18.080000000000858 -0.021561793498152473
18.090000000000853 -0.02945338277370576
18.100000000000847 -0.033362595212528406
18.11000000000084 -0.03311150970371642
18.120000000000836 -0.029083805781919186
18.13000000000083 -0.021857181254953686
18.140000000000825 -0.012068483523407817
18.15000000000082 -0.000501081158402443
18.160000000000814 0.011703104886563601
18.170000000000808 0.022929427827141774
18.180000000000803 0.03142791209343411
18.190000000000797 0.03600236206397218
18.20000000000079 0.036338894425380776
18.210000000000786 0.03275742153556687
18.22000000000078 0.02584411675257749
18.230000000000775 0.01627334518602925
18.24000000000077 0.00483923162398069
18.250000000000764 -0.0073488739773025745
18.26000000000076 -0.01873678426144946
18.270000000000753 -0.027602203037836205
18.280000000000747 -0.03268749521977923
18.29000000000074 -0.03358740807750551
18.300000000000736 -0.030570199428936795
18.31000000000073 -0.024184188294486694
18.320000000000725 -0.01504859226304925
18.33000000000072 -0.0038871984010555795
18.340000000000714 0.008281701117503776
18.35000000000071 0.019967310266658087
18.360000000000703 0.02939234712086256
18.370000000000697 0.035142742449454374
18.380000000000692 0.03666208564933072
18.390000000000686 0.034132809389189826
18.40000000000068 0.02809391491548207
18.410000000000675 0.01920015125576471
18.42000000000067 0.008197486196976063
18.430000000000664 -0.00391680349426024
18.44000000000066 -0.015707923975339128
18.450000000000653 -0.025444418260086085
18.460000000000647 -0.03167502422720696
18.470000000000642 -0.0337500653472952
18.480000000000636 -0.03178825817651318
18.49000000000063 -0.02629185373348289
18.500000000000625 -0.017865716476242292
18.51000000000062 -0.0071899385174632605
18.520000000000614 0.004824099397704601
18.53000000000061 0.016822911048820822
18.540000000000603 0.027058458517328115
18.550000000000598 0.03394169591293475
18.560000000000592 0.03666105929816715
18.570000000000586 0.0352283554494875
18.58000000000058 0.03011610365583143
18.590000000000575 0.02195766103158969
18.60000000000057 0.011464303626802832
18.610000000000564 -0.00046127261662351634
18.62000000000056 -0.012513805693989386
18.630000000000553 -0.023002152854694667
18.640000000000548 -0.03032682802984414
18.650000000000542 -0.03358925555637829
18.660000000000537 -0.03272461745058625
18.67000000000053 -0.02816603744380845
18.680000000000526 -0.020502474357773217
18.69000000000052 -0.010383277039178717
18.700000000000514 0.001368216350438372
18.71000000000051 0.013537325579294957
18.720000000000503 0.024452405544843226
18.730000000000498 0.032403883259610695
18.740000000000492 0.03632689335925163
18.750000000000487 0.036030276404592776
18.76000000000048 0.03189553393500559
18.770000000000476 0.02452831543814357
18.78000000000047 0.014614479944865897
18.790000000000465 0.0029813540666549635
18.80000000000046 -0.009194831269253812
18.810000000000453 -0.020303314811726845
18.820000000000448 -0.02864980625035699
18.830000000000442 -0.03309699863096039
18.840000000000437 -0.03336628516335507
18.85000000000043 -0.02979290666042409
18.860000000000426 -0.022942843419593403
18.87000000000042 -0.013444229244281592
18.880000000000415 -0.0020511755364338185
18.89000000000041 0.010152508923122958
18.900000000000404 0.021606049203488725
18.910000000000398 0.030539620234345987
18.920000000000393 0.035653439761737765
18.930000000000387 0.03652557121674747
18.94000000000038 0.033417372360875455
18.950000000000376 0.026895593343033923
18.96000000000037 0.017625609214149563
18.970000000000365 0.0063777026607175396
18.98000000000036 -0.005791740390391962
18.990000000000354 -0.017380892057656215
19.000000000000348 -0.02665668551080084
19.010000000000343 -0.03226840950054126
19.020000000000337 -0.03370095829702835
19.03000000000033 -0.031158811585253996
19.040000000000326 -0.02517177438005485
19.05000000000032 -0.016352398179218713
19.060000000000315 -0.005402771308947422
19.07000000000031 0.006709746912824146
19.080000000000304 0.01855597258791848
19.0900000000003 0.028365388661546528
19.100000000000293 0.03463813789975919
19.110000000000287 0.03670241308488525
19.12000000000028 0.0346671073837825
19.130000000000276 0.029043671693004047
19.14000000000027 0.020477602958428223
19.150000000000265 0.00969764971905924
19.16000000000026 -0.0023443083363547538
19.170000000000254 -0.014271867636810119
19.18000000000025 -0.02436628622343471
19.190000000000243 -0.031102593735373735
19.200000000000237 -0.03371750670673561
19.210000000000232 -0.032250265157713995
19.220000000000226 -0.027174876663927122
19.23000000000022 -0.019089473174169685
19.240000000000215 -0.008658740390307635
19.25000000000021 0.003248403442243473
19.260000000000204 0.015342112117815514
19.2700000000002 0.025903991306531562
19.280000000000193 0.0332828737019369
19.290000000000187 0.03655068026017882
19.300000000000182 0.03563064831202672
19.310000000000176 0.030957201688650883
19.32000000000017 0.02315215115757367
19.330000000000165 0.01291431267148637
19.34000000000016 0.0011096865801256542
19.350000000000154 -0.011015844748175666
19.36000000000015 -0.021803427451416807
19.370000000000143 -0.029603501729133973
19.380000000000138 -0.03340662746289157
19.390000000000132 -0.03305404294300426
19.400000000000126 -0.028938171317262378
19.41000000000012 -0.021638743904456335
19.420000000000115 -0.011794492222260323
19.43000000000011 -0.00019497353380965683
19.440000000000104 0.012006155914944094
19.4500000000001 0.023184276203993735
19.460000000000093 0.031594800682775565
19.470000000000088 0.03606261771447643
19.480000000000082 0.03629452791039651
19.490000000000077 0.032621182748373515
19.50000000000007 0.025632217227451223
19.510000000000066 0.016003813561265
19.52000000000006 0.004535190456388458
19.530000000000054 -0.007653554630839028
19.54000000000005 -0.018998441090368513
19.550000000000043 -0.02778063149877013
19.560000000000038 -0.03276163967667277
19.570000000000032 -0.03355741766991411
19.580000000000027 -0.03044791848239437
19.59000000000002 -0.023984674359057167
19.600000000000016 -0.014788280819463488
19.61000000000001 -0.0035871706131108488
19.620000000000005 0.008589930251712688
19.63 0.020240401506700575
19.639999999999993 0.029586997491451376
19.649999999999988 0.035233605606107894
19.659999999999982 0.036646222850297824
19.669999999999977 0.0340209218895802
19.67999999999997 0.02790163266048689
19.689999999999966 0.018944866786750874
19.69999999999996 0.007900294071062013
19.709999999999955 -0.004225444601178097
19.71999999999995 -0.015986289008645647
19.729999999999944 -0.025649471699655677
19.739999999999938 -0.03177936413738518
19.749999999999932 -0.03374854973205874
19.759999999999927 -0.03169053803178989
19.76999999999992 -0.026112550068543447
19.779999999999916 -0.017620721644120783
19.78999999999991 -0.006898480145823097
19.799999999999905 0.005133980760587636
19.8099999999999 0.01711066533162934
19.819999999999894 0.027278829106064446
19.829999999999888 0.03406300090094452
19.839999999999883 0.036674608440418116
19.849999999999877 0.035142080917792806
19.85999999999987 0.029944811731807044
19.869999999999866 0.02171826033443376
19.87999999999986 0.01117636529484633
19.889999999999855 -0.0007704908100234943
19.89999999999985 -0.012805329345073705
19.909999999999844 -0.023231608492161215
19.91999999999984 -0.030461012530569567
19.929999999999833 -0.03361705019017544
19.939999999999827 -0.03265264238322297
19.94999999999982 -0.028008194340120356
19.959999999999816 -0.020274289917146845
19.96999999999981 -0.01010258713158413
19.979999999999805 0.0016764774611459296
19.9899999999998 0.01383600629261274
19.999999999999794 0.02469591209461638
