t val
0.01 0.602020529482312
0.020000000000000004 1.3546820717767745
0.030000000000000013 2.1178228371510746
0.04000000000000002 2.988562421025414
0.05000000000000003 3.854963876154091
0.06000000000000004 4.824007033882799
0.07000000000000005 5.756225409053148
0.08000000000000006 6.769869209667753
0.09000000000000007 7.740712365515652
0.10000000000000007 8.805913283169119
0.11000000000000008 9.843074401976692
0.12000000000000009 10.974344897656273
0.1300000000000001 12.066332581242788
0.1400000000000001 13.23112793179641
0.1500000000000001 14.349527240963676
0.16000000000000011 15.54368482859896
0.17000000000000012 16.709080517768392
0.18000000000000013 17.954152191253673
0.19000000000000014 19.167965768858387
0.20000000000000015 20.443488770347702
0.21000000000000016 21.679618010214426
0.22000000000000017 22.97423673994878
0.23000000000000018 24.242990224509157
0.24000000000000019 25.57633565163163
0.25000000000000017 26.887152737328375
0.2600000000000002 28.250351177124514
0.2700000000000002 29.58340920617227
0.2800000000000002 30.961957731543276
0.2900000000000002 32.31868026879418
0.3000000000000002 33.72731185011523
0.3100000000000002 35.12116559095816
0.32000000000000023 36.56046345111148
0.33000000000000024 37.97936807335099
0.34000000000000025 39.43607862483052
0.35000000000000026 40.87661537876045
0.36000000000000026 42.359874909781375
0.3700000000000003 43.835635192008986
0.3800000000000003 45.3532317885699
0.3900000000000003 46.8609100343847
0.4000000000000003 48.40347534661405
0.4100000000000003 49.937766204224246
0.4200000000000003 51.510564183971546
0.4300000000000003 53.08391088717607
0.44000000000000034 54.698658670935366
0.45000000000000034 56.3151533759393
0.46000000000000035 57.96838898837472
0.47000000000000036 59.62368788416556
0.48000000000000037 61.31804317732527
0.4900000000000004 63.02278989986611
0.5000000000000003 64.77164789922908
0.5100000000000003 66.53479769301293
0.5200000000000004 68.34019438752144
0.5300000000000004 70.16008474606235
0.5400000000000004 72.02328204856818
0.5500000000000004 73.90790136759964
0.5600000000000004 75.84169454549996
0.5700000000000004 77.80237406972275
0.5800000000000004 79.81236771991072
0.5900000000000004 81.849698881292
0.6000000000000004 83.936609694316
0.6100000000000004 86.05570736635042
0.6200000000000004 88.22932575864277
0.6300000000000004 90.44072131862544
0.6400000000000005 92.70782528190924
0.6500000000000005 95.01285733589685
0.6600000000000005 97.37240988133394
0.6700000000000005 99.77187076034652
0.6800000000000005 102.22812776539406
0.6900000000000005 104.72747604020503
0.7000000000000005 107.28334371652858
0.7100000000000005 109.88037012146945
0.7200000000000005 112.52953180366836
0.7300000000000005 115.2170830257669
0.7400000000000005 117.95423393992817
0.7500000000000006 120.72850321858647
0.7600000000000006 123.54896577021479
0.7700000000000006 126.40212556212003
0.7800000000000006 129.29507821591702
0.7900000000000006 132.21559194864253
0.8000000000000006 135.17161770344612
0.8100000000000006 138.15326941507072
0.8200000000000006 141.168179701974
0.8300000000000006 144.20641441741475
0.8400000000000006 147.27416646157025
0.8500000000000006 150.362238198974
0.8600000000000007 153.47724793100065
0.8700000000000007 156.61184724237052
0.8800000000000007 159.77268450167094
0.8900000000000007 162.95249003731664
0.9000000000000007 166.1563412046474
0.9100000000000007 169.37685262954824
0.9200000000000007 172.61895318101503
0.9300000000000007 175.8766662872618
0.9400000000000007 179.15525561203674
0.9500000000000007 182.4492650576894
0.9600000000000007 185.7629735998176
0.9700000000000008 189.09076638206966
0.9800000000000008 192.4366070048399
0.9900000000000008 195.79596895048306
1.0000000000000007 199.17328941148992
1.0100000000000007 202.5646524377269
1.0200000000000007 205.9736993410792
1.0300000000000007 209.39603567086544
1.0400000000000007 212.83445509473663
1.0500000000000007 216.28481320057057
1.0600000000000007 219.74993763004284
1.0700000000000007 223.22609891549433
1.0800000000000007 226.7155588513858
1.0900000000000007 230.21429459821115
1.1000000000000008 233.72405603188253
1.1100000000000008 237.24125807231292
1.1200000000000008 240.767982271335
1.1300000000000008 244.30130760662723
1.1400000000000008 247.84307694759414
1.1500000000000008 251.39001232509372
1.1600000000000008 254.94306427242032
1.1700000000000008 258.4987149092773
1.1800000000000008 262.057721175886
1.1900000000000008 265.6168948039216
1.2000000000000008 269.1768623386938
1.2100000000000009 272.73433034977546
1.2200000000000009 276.2893635296585
1.2300000000000009 279.8385047619119
1.2400000000000009 283.3816826558282
1.2500000000000009 286.9158120957406
1.260000000000001 290.44093124875917
1.270000000000001 293.95409124141486
1.280000000000001 297.4550316853319
1.290000000000001 300.94070281456
1.300000000000001 304.4106891601118
1.310000000000001 307.86220424847454
1.320000000000001 311.29498668273413
1.330000000000001 314.7064712433191
1.340000000000001 318.09622984859857
1.350000000000001 321.46161289816104
1.360000000000001 324.8020003884608
1.370000000000001 328.114883158049
1.380000000000001 331.3997536149493
1.390000000000001 334.6543544096412
1.400000000000001 337.87814414370365
1.410000000000001 341.0688383655931
1.420000000000001 344.22572020054326
1.430000000000001 347.3465775622375
1.440000000000001 350.43077946486716
1.450000000000001 353.47635207262016
1.460000000000001 356.48271038731576
1.470000000000001 359.447914011696
1.480000000000001 362.3712407774956
1.490000000000001 365.25076236457636
1.500000000000001 368.0857900844545
1.5100000000000011 370.8745976879811
1.5200000000000011 373.61658132851323
1.5300000000000011 376.31009097983855
1.5400000000000011 378.95444210076937
1.5500000000000012 381.54798380178
1.5600000000000012 384.09002780609603
1.5700000000000012 386.57907524905767
1.5800000000000012 389.01453031332363
1.5900000000000012 391.39498940798507
1.6000000000000012 393.7198074081511
1.6100000000000012 395.9875636049671
1.6200000000000012 398.1975690835419
1.6300000000000012 400.3484829367952
1.6400000000000012 402.439677024728
1.6500000000000012 404.46990472056956
1.6600000000000013 406.43852330464625
1.6700000000000013 408.34427787265525
1.6800000000000013 410.1864796739812
1.6900000000000013 411.96392287077384
1.7000000000000013 413.675966733502
1.7100000000000013 415.3214978121947
1.7200000000000013 416.8998932179264
1.7300000000000013 418.41004964433176
1.7400000000000013 419.85129858104915
1.7500000000000013 421.222549854726
1.7600000000000013 422.5231547812587
1.7700000000000014 423.75209753229126
1.7800000000000014 424.90876154361024
1.7900000000000014 425.99216391177396
1.8000000000000014 427.0016697755412
1.8100000000000014 427.9363137823103
1.8200000000000014 428.79548256499623
1.8300000000000014 429.57828757233034
1.8400000000000014 430.2841706186308
1.8500000000000014 430.91229939437204
1.8600000000000014 431.4621206904501
1.8700000000000014 431.9328206128365
1.8800000000000014 432.32385889852765
1.8900000000000015 432.6344834455854
1.9000000000000015 432.8642156088414
1.9100000000000015 433.0123820454026
1.9200000000000015 433.0785492512257
1.9300000000000015 433.0620970660654
1.9400000000000015 432.96263851573997
1.9500000000000015 432.77963758986095
1.9600000000000015 432.51279286558645
1.9700000000000015 432.1616692887287
1.9800000000000015 431.72603618687924
1.9900000000000015 431.2055232869776
2.0000000000000013 430.5999458213478
2.0100000000000002 430.5126639745172
2.019999999999999 430.5068559244381
2.029999999999998 430.46102854713934
2.039999999999997 430.4889491098064
2.049999999999996 430.49317409854416
2.0599999999999947 430.58858766355354
2.0699999999999936 430.6412947143659
2.0799999999999925 430.7715321564805
2.0899999999999914 430.8557122866756
2.0999999999999903 431.02923545423164
2.109999999999989 431.16921701122544
2.119999999999988 431.3986390553878
2.129999999999987 431.5885856861683
2.139999999999986 431.8581659802697
2.149999999999985 432.0974762995084
2.1599999999999837 432.43625858549683
2.1699999999999826 432.7725427337351
2.1799999999999815 433.2084347757484
2.1899999999999804 433.6177365966581
2.1999999999999793 434.07118873793297
2.209999999999978 434.443555322772
2.219999999999977 434.81163177271264
2.229999999999976 435.0774974013518
2.239999999999975 435.3273083502021
2.249999999999974 435.4783565652065
2.2599999999999727 435.61586018212586
2.2699999999999716 435.6702001681709
2.2799999999999705 435.72965530326405
2.2899999999999694 435.73778093364433
2.2999999999999683 435.77688354317246
2.309999999999967 435.78653889969195
2.319999999999966 435.830978086277
2.329999999999965 435.8461631324477
2.339999999999964 435.89027217922614
2.349999999999963 435.9082523150324
2.3599999999999617 435.9578570669541
2.3699999999999606 435.9881831907366
2.3799999999999595 436.0483193702335
2.3899999999999584 436.08614202248145
2.3999999999999573 436.1455435928496
2.409999999999956 436.1818763641495
2.419999999999955 436.24036061556444
2.429999999999954 436.28183674649813
2.439999999999953 436.3464122841067
2.4499999999999518 436.393688953457
2.4599999999999507 436.4574599124831
2.4699999999999496 436.5011868809611
2.4799999999999485 436.5597122347225
2.4899999999999474 436.60243155779165
2.4999999999999463 436.6616653361638
2.509999999999945 436.7064905969847
2.519999999999944 436.76362672977484
2.529999999999943 436.8036228718943
2.539999999999942 436.85331343705406
2.5499999999999408 436.8889849823102
2.5599999999999397 436.93714067069
2.5699999999999386 436.9747776498994
2.5799999999999375 437.0237616908147
2.5899999999999364 437.06120967204583
2.5999999999999353 437.10799830927243
2.609999999999934 437.14514567569637
2.619999999999933 437.193565065107
2.629999999999932 437.23534882782945
2.639999999999931 437.2872968547113
2.6499999999999297 437.33015672779084
2.6599999999999286 437.3786451007407
2.6699999999999275 437.4162298288176
2.6799999999999264 437.45851944115765
2.6899999999999253 437.491647794798
2.6999999999999242 437.53001643865946
2.709999999999923 437.5598965762878
2.719999999999922 437.59403461906436
2.729999999999921 437.62034289946564
2.73999999999992 437.6517872350257
2.7499999999999187 437.67810194013373
2.7599999999999176 437.7112449696744
2.7699999999999165 437.74104659679375
2.7799999999999154 437.77788797614704
2.7899999999999143 437.81226598385103
2.7999999999999132 437.8540313227921
2.809999999999912 437.8943172283929
2.819999999999911 437.9410092887601
2.82999999999991 437.983796527206
2.839999999999909 438.02808260048073
2.8499999999999077 438.0638268503775
2.8599999999999066 438.0972776694578
2.8699999999999055 438.1216379659643
2.8799999999999044 438.14514174944213
2.8899999999999033 438.1627544834985
2.899999999999902 438.1817626779525
2.909999999999901 438.19637477727144
2.9199999999999 438.21243293901057
2.929999999999899 438.2247253304363
2.939999999999898 438.2399936865768
2.9499999999998967 438.25558331783253
2.9599999999998956 438.2797971274668
2.9699999999998945 438.31126534326137
2.9799999999998934 438.3568218329091
2.9899999999998923 438.41183508948944
2.999999999999891 438.47681618102047
3.00999999999989 438.5405563185045
3.019999999999889 438.59796047609893
3.029999999999888 438.63736631990275
3.039999999999887 438.65864713366557
3.0499999999998857 438.6605995664883
3.0599999999998846 438.654021485438
3.0699999999998835 438.6449723004461
3.0799999999998824 438.643014661669
3.0899999999998813 438.6456959518564
3.09999999999988 438.6504872973792
3.109999999999879 438.6473363173126
3.119999999999878 438.63566960140633
3.129999999999877 438.61887734756357
3.139999999999876 438.6150307893959
3.1499999999998747 438.6420743874813
3.1599999999998736 438.71771035591894
3.1699999999998725 438.8408049985317
3.1799999999998714 438.99501670673857
3.1899999999998703 439.14392604657183
3.199999999999869 439.25063400580734
3.209999999999868 439.28605803598066
3.219999999999867 439.2493237433082
3.229999999999866 439.16417550738134
3.2399999999998648 439.0761400451817
3.2499999999998637 439.02610435662456
3.2599999999998626 439.03471955003783
3.2699999999998615 439.0839741429728
3.2799999999998604 439.1283208330886
3.2899999999998593 439.11287212479607
3.299999999999858 439.01142715175445
3.309999999999857 438.8470382957463
3.319999999999856 438.7000057577779
3.329999999999855 438.6767779240738
3.3399999999998538 438.8656015779698
3.3499999999998527 439.2808703313265
3.3599999999998515 439.83953854736353
3.3699999999998504 440.3727035974126
3.3799999999998493 440.69046938836055
3.3899999999998482 440.66401067722944
3.399999999999847 440.30193446088794
3.409999999999846 439.7667376604354
3.419999999999845 439.3221946646376
3.429999999999844 439.2100790807591
3.4399999999998427 439.51895459987816
3.4499999999998416 440.10472601742595
3.4599999999998405 440.6322782305617
3.4699999999998394 440.73065053762474
3.4799999999998383 440.20586675909453
3.4899999999998372 439.19361638151145
3.499999999999836 438.1689040725627
3.509999999999835 437.7707242453522
3.519999999999834 438.50340120473385
3.529999999999833 440.43550524097645
3.5399999999998317 443.06290066173074
3.5499999999998306 445.4366512929886
3.5599999999998295 446.5449522355633
3.5699999999998284 445.7932550655189
3.5799999999998273 443.3920186089386
3.589999999999826 440.4314646013904
3.599999999999825 438.4938846717773
3.609999999999824 438.8867733093564
3.619999999999823 441.8536782822173
3.629999999999822 446.20520105161484
3.6399999999998207 449.74775317080474
3.6499999999998196 450.3902178718419
3.6599999999998185 447.2749318619311
3.6699999999998174 441.45273471220725
3.6799999999998163 435.7808685376344
3.689999999999815 433.758130173882
3.699999999999814 437.7623248679609
3.709999999999813 447.621542378467
3.719999999999812 460.2959988020874
3.729999999999811 470.98848056456893
3.7399999999998097 474.69601601600573
3.7499999999998086 468.551000418326
3.7599999999998075 454.99550063758517
3.7699999999998064 441.4743378905095
3.7799999999998053 436.64945756746545
3.789999999999804 445.1030585078212
3.799999999999803 464.079361776416
3.809999999999802 485.20347499559
3.819999999999801 498.7834510972901
3.8299999999998 495.73579588399633
3.8399999999997987 475.6810648522756
3.8499999999997976 449.7556304747734
3.8599999999997965 434.234001499966
3.8699999999997954 439.81598576682774
3.8799999999997943 462.7289042772634
3.889999999999793 495.44250370683704
3.899999999999792 526.071521540086
3.909999999999791 533.929904754235
3.91999999999979 514.647496848724
3.9299999999997888 485.65677850914483
3.9399999999997877 458.8650048270264
3.9499999999997866 448.96609421652715
3.9599999999997855 457.11737311750477
3.9699999999997844 475.3539959377751
3.9799999999997833 499.0023057059142
3.989999999999782 513.0914806536899
3.999999999999781 506.83029913253836
4.00999999999978 485.4813049965258
4.019999999999779 462.90087692129737
4.029999999999778 445.4597604064603
4.039999999999777 438.473795476724
4.049999999999776 443.68525431784286
4.059999999999775 460.793904428025
4.069999999999774 484.9125082070131
4.079999999999773 504.9947947271539
4.089999999999772 505.1579901227857
4.0999999999997705 488.92684876208904
4.109999999999769 468.64557305213816
4.119999999999768 451.6734886666727
4.129999999999767 442.53982776093727
4.139999999999766 442.3594206819606
4.149999999999765 451.77465792065846
4.159999999999764 469.1599626273302
4.169999999999763 487.9830369544279
4.179999999999762 494.6314139010093
4.189999999999761 483.39128053792484
4.1999999999997595 464.20883546786183
4.209999999999758 446.60638585126907
4.219999999999757 434.8734952642485
4.229999999999756 431.8056962686224
4.239999999999755 439.25984944066226
4.249999999999754 455.11626663976625
4.259999999999753 474.4748609526047
4.269999999999752 487.6669638998687
4.279999999999751 484.8775288861187
4.28999999999975 470.09945191800057
4.2999999999997485 454.2098978711743
4.309999999999747 442.8155369428954
4.319999999999746 437.86991144289465
4.329999999999745 440.58795001541665
4.339999999999744 450.8376686655696
4.349999999999743 464.9781488274119
4.359999999999742 477.0302218655619
4.369999999999741 478.7241326764172
4.37999999999974 467.7632763504151
4.3899999999997386 451.8248925649353
4.3999999999997375 439.15488921900953
4.409999999999736 432.91432082717705
4.419999999999735 434.18572286025807
4.429999999999734 443.6271944805846
4.439999999999733 458.76978071704735
4.449999999999732 473.6715335862746
4.459999999999731 480.40988996906884
4.46999999999973 474.3161362275368
4.479999999999729 459.9631762571458
4.4899999999997275 446.3434365380841
4.499999999999726 439.0947824393439
4.509999999999725 438.95777186999254
4.519999999999724 445.5925139643472
4.529999999999723 457.7542388578771
4.539999999999722 470.6570640874986
4.549999999999721 476.8766556308744
4.55999999999972 471.51729849303996
4.569999999999719 457.55041567379345
4.579999999999718 443.0620128001496
4.5899999999997165 434.6354305461332
4.599999999999715 434.23943096437705
4.609999999999714 441.5739057580105
4.619999999999713 455.4692188784558
4.629999999999712 471.46590746885187
4.639999999999711 481.2502134154542
4.64999999999971 478.29346856995016
4.659999999999709 464.9261182022068
4.669999999999708 449.5519344116335
4.679999999999707 439.8754674042212
4.6899999999997055 438.478233240514
4.699999999999704 444.5416331955397
4.709999999999703 456.5981355194058
4.719999999999702 470.86750407807295
4.729999999999701 479.87541068565065
4.7399999999997 476.67304452492897
4.749999999999699 462.9007741076472
4.759999999999698 446.7056520774983
4.769999999999697 435.771066786918
4.779999999999696 433.38385253957364
4.7899999999996945 439.5222308561042
4.799999999999693 453.07399553826775
4.809999999999692 470.40943333453043
4.819999999999691 483.5349513699829
4.82999999999969 483.718505785776
4.839999999999689 471.18470655614175
4.849999999999688 454.3742339661884
4.859999999999687 442.06604017873707
4.869999999999686 438.27379134268074
4.879999999999685 442.65561936824986
4.8899999999996835 454.07230259405134
4.899999999999682 469.1648940145016
4.909999999999681 480.9489033177699
4.91999999999968 480.9450463051328
4.929999999999679 468.4370549429258
4.939999999999678 451.42583990196744
4.949999999999677 438.43465780852557
4.959999999999676 433.65573635684405
4.969999999999675 437.549635332863
4.979999999999674 449.56984239962134
4.9899999999996725 466.8097772001954
4.999999999999671 482.11553901306365
5.00999999999967 485.8949581414286
5.019999999999669 475.67094077860446
5.029999999999668 458.894797346266
5.039999999999667 444.9081383280573
5.049999999999666 438.90256686713724
5.059999999999665 441.07758971623326
5.069999999999664 450.70448399668135
5.079999999999663 465.30335104341583
5.0899999999996615 478.7677236989512
5.09999999999966 482.25852871522403
5.109999999999659 472.4465434556572
5.119999999999658 455.7628657065275
5.129999999999657 441.1908655048398
5.139999999999656 434.1227935738784
5.149999999999655 435.6436456720226
5.159999999999654 445.4811443692683
5.169999999999653 461.699569797795
5.1799999999996515 478.42102164288264
5.1899999999996504 486.035094207075
5.199999999999649 479.2491415455143
5.209999999999648 463.4056175756674
5.219999999999647 447.97020755032736
5.229999999999646 439.6054642800441
5.239999999999645 439.5544583525769
5.249999999999644 447.16953796780194
5.259999999999643 460.74629447066684
5.269999999999642 475.3347937284082
5.2799999999996405 482.37090059265904
5.289999999999639 476.0107527634987
5.299999999999638 460.38403920494216
5.309999999999637 444.53361752282393
5.319999999999636 435.11494848978214
5.329999999999635 434.18856646899553
5.339999999999634 441.6940276532212
5.349999999999633 456.4132587211473
5.359999999999632 473.7812858134888
5.369999999999631 484.9248641423262
5.3799999999996295 482.2045784150623
5.389999999999628 468.1058604457209
5.399999999999627 451.7464233444972
5.409999999999626 441.04871120250704
5.419999999999625 438.6619936898388
5.429999999999624 444.09647844205927
5.439999999999623 456.22869454229203
5.449999999999622 471.17825529461555
5.459999999999621 481.29283331934516
5.46999999999962 478.90578054346764
5.4799999999996185 465.16776555438736
5.489999999999617 448.5764786850078
5.499999999999616 436.9430182374223
5.509999999999615 433.5472039987692
5.519999999999614 438.6226961157919
5.529999999999613 451.49108447863824
5.539999999999612 468.7636453200392
5.549999999999611 482.71959347765045
5.55999999999961 484.3164624938788
5.569999999999609 472.7559612216277
5.5799999999996075 456.11610394574785
5.589999999999606 443.28132135928314
5.599999999999605 438.54458983923604
5.609999999999604 441.800045566571
5.619999999999603 452.243311417045
5.629999999999602 466.9621038630672
5.639999999999601 479.37632746094255
5.6499999999996 480.91887828511847
5.659999999999599 469.7271456438521
5.669999999999598 453.02451894808013
5.6799999999995965 439.4454381273585
5.689999999999595 433.643676928396
5.699999999999594 436.35890939740517
5.709999999999593 447.2057595206952
5.719999999999592 463.81030325590183
5.729999999999591 479.7177203044626
5.73999999999959 485.40438135358403
5.749999999999589 476.9778777641394
5.759999999999588 460.7763661511967
5.769999999999587 446.15284563064466
5.7799999999995855 439.03644515270025
5.789999999999584 440.12671471328633
5.799999999999583 448.7193409894603
5.809999999999582 462.7359987639586
5.819999999999581 476.7115132600766
5.82999999999958 481.9664081516769
5.839999999999579 473.88870060662435
5.849999999999578 457.7584307621859
5.859999999999577 442.58514698407294
5.869999999999576 434.3925932592017
5.8799999999995745 434.7317103101468
5.889999999999573 443.41211087594013
5.899999999999572 458.8745468952179
5.909999999999571 475.9372149582403
5.91999999999957 485.36574709442993
5.929999999999569 480.61824778911904
5.939999999999568 465.6156923965326
5.949999999999567 449.6887434774288
5.959999999999566 440.1952537536218
5.9699999999995645 439.04989093804363
5.979999999999563 445.63105871966155
5.989999999999562 458.5236815912854
5.999999999999561 473.3160203950989
6.00999999999956 481.8715633491464
6.019999999999559 477.3886474396073
6.029999999999558 462.58792010890943
6.039999999999557 446.32135917689976
6.049999999999556 435.84350347433997
6.059999999999555 433.7779536704184
6.0699999999995535 440.1635425579211
6.079999999999552 454.06027453894694
6.089999999999551 471.47838549300945
6.09999999999955 484.05472704061526
6.109999999999549 483.367330803801
6.119999999999548 470.3647513446388
6.129999999999547 453.76379251486384
6.139999999999546 442.028548021717
6.149999999999545 438.5827411732662
6.159999999999544 443.04533117556764
6.1699999999995425 454.45171732818204
6.179999999999541 469.3747614482665
6.18999999999954 480.62480741192684
6.199999999999539 480.0057190534206
6.209999999999538 467.30432975363334
6.219999999999537 450.5457882069984
6.229999999999536 437.973689825463
6.239999999999535 433.48981228572535
6.249999999999534 437.51937656798
6.259999999999533 449.5309903157327
6.2699999999995315 466.6133198716446
6.27999999999953 481.59146351251655
6.289999999999529 485.0685504689638
6.299999999999528 474.82063643418644
6.309999999999527 458.2533399889421
6.319999999999526 444.5377666748429
6.329999999999525 438.7281071972902
6.339999999999524 441.02176757808354
6.349999999999523 450.67042652233494
6.359999999999522 465.14677078322103
6.3699999999995205 478.3664287129275
6.379999999999519 481.5980550128979
6.389999999999518 471.69973166377775
6.399999999999517 455.134233225375
6.409999999999516 440.769581581767
6.419999999999515 433.8753917980252
6.429999999999514 435.52223046588205
6.439999999999513 445.42446145032267
6.449999999999512 461.59633320680126
6.459999999999511 478.1542530787097
6.4699999999995095 485.6017668069981
6.479999999999508 478.7687180794955
6.489999999999507 462.9999587237192
6.499999999999506 447.71327793796786
6.509999999999505 439.512360117021
6.519999999999504 439.59412550205667
6.529999999999503 447.28970870315175
6.539999999999502 460.84393348108387
6.549999999999501 475.27313589500756
6.5599999999995 482.0743035492918
6.5699999999994985 475.56164137744486
6.579999999999497 459.9303341749125
6.589999999999496 444.19474746167145
6.599999999999495 434.9485380444937
6.609999999999494 434.19551577303
6.619999999999493 441.84399372630423
6.629999999999492 456.6448458307334
6.639999999999491 473.96742923668165
6.64999999999949 484.91580438082326
6.6599999999994886 481.98779916749305
6.6699999999994874 467.803806316451
6.679999999999486 451.49447496740083
6.689999999999485 440.96339802720985
6.699999999999484 438.78020724558417
6.709999999999483 444.40065178775154
6.719999999999482 456.6464431074425
6.729999999999481 471.56431505494515
6.73999999999948 481.41852446768826
6.749999999999479 478.67232093127285
6.7599999999994775 464.7360115162901
6.769999999999476 448.1695229180649
6.779999999999475 436.71011785237437
6.789999999999474 433.5432037255099
6.799999999999473 438.8592967737368
6.809999999999472 451.93044440772144
6.819999999999471 469.2757616379064
6.82999999999947 483.0498302980551
6.839999999999469 484.27345036898186
6.849999999999468 472.4457510229803
6.8599999999994665 455.7738458256342
6.869999999999465 443.0977179709637
6.879999999999464 438.58274423135117
6.889999999999463 442.06037373804355
6.899999999999462 452.68895769291305
6.909999999999461 467.46451877312074
6.91999999999946 479.69746833755903
6.929999999999459 480.84756649536683
6.939999999999458 469.34261327866153
6.949999999999457 452.58507298939514
6.9599999999994555 439.15224476374243
6.969999999999454 433.5657831682288
6.979999999999453 436.51159650830994
6.989999999999452 447.5852815408671
6.999999999999451 464.3188630404234
7.00999999999945 480.124384088388
7.019999999999449 485.45955607892824
7.029999999999448 476.7010132262721
7.039999999999447 460.4041081753766
7.049999999999446 445.91393212801063
7.0599999999994445 439.0147127127631
7.069999999999443 440.30617977660177
7.079999999999442 449.0820833102588
7.089999999999441 463.18643681599525
7.09999999999944 477.04464712419065
7.109999999999439 481.94879694748266
7.119999999999438 473.5296801949748
7.129999999999437 457.29545511114947
7.139999999999436 442.24628183847216
7.149999999999435 434.26857137821804
7.1599999999994335 434.8243875914543
7.169999999999432 443.71506426637325
7.179999999999431 459.3161977168686
7.18999999999943 476.32430917372176
7.199999999999429 485.4431766237299
7.209999999999428 480.3444361808693
7.219999999999427 465.2014250491531
7.229999999999426 449.37355232841367
7.239999999999425 440.0978393509674
7.249999999999424 439.1568777981196
7.2599999999994225 445.9184626489653
7.269999999999421 458.9177501073591
7.27999999999942 473.6505035117411
7.289999999999419 481.9129075076952
7.299999999999418 477.0786176392585
7.309999999999417 462.1230578441849
7.319999999999416 445.9348289318842
7.329999999999415 435.6575750452156
7.339999999999414 433.8073349747941
7.349999999999413 440.4022059937221
7.3599999999994115 454.4573033955913
7.36999999999941 471.8800355865748
7.379999999999409 484.2111362124992
7.389999999999408 483.16105707057176
7.399999999999407 469.95691074696174
7.409999999999406 453.39497253845366
7.419999999999405 441.85615981414776
7.429999999999404 438.62049506964905
7.439999999999403 443.2717111418712
7.4499999999994015 454.814127842688
7.4599999999994 469.73706220830803
7.469999999999399 480.7614755664662
7.479999999999398 479.7860634217056
7.489999999999397 466.8664284455499
7.499999999999396 450.1275601802367
7.509999999999395 437.7327932367068
7.519999999999394 433.4634289497388
7.529999999999393 437.70425287107895
7.539999999999392 449.89602316646034
7.5499999999993905 467.0373809390723
7.559999999999389 481.84145904002804
7.569999999999388 484.9613710654259
7.579999999999387 474.4488037939943
7.589999999999386 457.8530888893662
7.599999999999385 444.3014903184293
7.609999999999384 438.70567899714695
7.619999999999383 441.19299582457325
7.629999999999382 451.0019789331186
7.639999999999381 465.5296351241847
7.6499999999993795 478.59505025801155
7.659999999999378 481.4855271689038
7.669999999999377 471.3102659873101
7.679999999999376 454.6985771277981
7.689999999999375 440.47826629041873
7.699999999999374 433.79628158785306
7.709999999999373 435.65613256903504
7.719999999999372 445.75515329351816
7.729999999999371 462.03265132604986
7.73999999999937 478.4893726933952
7.7499999999993685 485.6055370084818
7.759999999999367 478.45132463202185
7.769999999999366 462.5826005746572
7.779999999999365 447.41650897576676
7.789999999999364 439.4294967451076
7.799999999999363 439.7113769761987
7.809999999999362 447.58532176241096
7.819999999999361 461.2337110962525
7.82999999999936 475.5783610271558
7.839999999999359 482.07222427158354
7.8499999999993575 475.23426685195375
7.859999999999356 459.4870046580534
7.869999999999355 443.8529906623228
7.879999999999354 434.8119306128366
7.889999999999353 434.2742822325681
7.899999999999352 442.13038860898575
7.909999999999351 457.07392751982894
7.91999999999935 474.3651833720141
7.929999999999349 485.03078757806713
7.939999999999348 481.74305594370776
7.9499999999993465 467.38701644889176
7.959999999999345 451.14377844749504
7.969999999999344 440.8162901545359
7.979999999999343 438.8393679175561
7.989999999999342 444.64852615503344
7.999999999999341 457.0226185415281
8.009999999999344 471.91977480511446
8.019999999999348 481.52152462160916
8.029999999999351 478.424594679596
8.039999999999354 464.3031915912249
8.049999999999358 447.78523813949397
8.059999999999361 436.5149729379368
8.069999999999364 433.5642334699282
8.079999999999368 439.0923868496713
8.089999999999371 452.3337212381807
8.099999999999374 469.7090351432396
8.109999999999378 483.26573094070596
8.119999999999381 484.117723872798
8.129999999999384 472.04992937057534
8.139999999999388 455.3815293172846
8.149999999999391 442.8866246192546
8.159999999999394 438.58379820536385
8.169999999999398 442.25495930966986
8.179999999999401 453.037429779032
8.189999999999404 467.84567710099014
8.199999999999408 479.89194698331715
8.209999999999411 480.6914047754944
8.219999999999414 468.9381143452502
8.229999999999418 452.168628481957
8.239999999999421 438.8993557765678
8.249999999999424 433.5285356879983
8.259999999999428 436.6878057532316
8.269999999999431 447.9507076564713
8.279999999999434 464.764817420636
8.289999999999438 480.4255505979222
8.299999999999441 485.4046028590521
8.309999999999444 476.34648640850526
8.319999999999448 459.9853353059054
8.329999999999451 445.6406789449487
8.339999999999455 438.9564724352338
8.349999999999458 440.44526262489364
8.359999999999461 449.393482507528
8.369999999999465 463.57448149364825
8.379999999999468 477.3153005055335
8.389999999999471 481.8932531120482
8.399999999999475 473.17303561775515
8.409999999999478 456.86094392783247
8.419999999999481 441.93860404659534
8.429999999999485 434.1719250185819
8.439999999999488 434.9422684488726
8.449999999999491 444.03475428827676
8.459999999999495 459.75741225443835
8.469999999999498 476.6933673583379
8.479999999999501 485.4959799004205
8.489999999999505 480.05193908750624
8.499999999999508 464.77441332900355
8.509999999999511 449.04378296681665
8.519999999999515 439.97850880501494
8.529999999999518 439.2398436182255
8.539999999999521 446.1857846477398
8.549999999999525 459.29773701128084
8.559999999999528 473.979053140314
8.569999999999531 481.96044700846505
8.579999999999535 476.78898043750803
8.589999999999538 461.6872796161108
8.599999999999541 445.5784225369197
8.609999999999545 435.50074701182575
8.619999999999548 433.86627583183576
8.629999999999551 440.67006374000533
8.639999999999555 454.87897202359795
8.649999999999558 472.29627038947814
8.659999999999561 484.37000567008346
8.669999999999565 482.94989487907253
8.679999999999568 469.5416851654332
8.689999999999571 453.0184297917432
8.699999999999575 441.6744250858005
8.709999999999578 438.6472026909906
8.719999999999581 443.4895541316066
8.729999999999585 455.1736288195247
8.739999999999588 470.1032275970961
8.749999999999591 480.9067880396502
8.759999999999595 479.5803742839481
8.769999999999598 466.4479273483349
8.779999999999601 449.73168826685776
8.789999999999605 437.5160554766458
8.799999999999608 433.46313801975595
8.809999999999611 437.916216112757
8.819999999999615 450.2860910052594
8.829999999999618 467.47934698729716
8.839999999999621 482.0964069510618
8.849999999999625 484.8471425930226
8.859999999999628 474.0656163737161
8.869999999999632 457.4428900390223
8.879999999999635 444.05756850416196
8.889999999999638 438.6753477550584
8.899999999999642 441.3578926890891
8.909999999999645 451.3306886778363
8.919999999999648 465.913662152213
8.929999999999652 478.8260355380008
8.939999999999655 481.37623693440406
8.949999999999658 470.9283408016037
8.959999999999662 454.27566065185744
8.969999999999665 440.20361513299014
8.979999999999668 433.7360571460367
8.989999999999672 435.80975592293987
8.999999999999675 446.10376126974717
9.009999999999678 462.48023964409305
9.019999999999682 478.8240868708389
9.029999999999685 485.598166821883
9.039999999999688 478.1204892103106
9.049999999999692 462.15513686164036
9.059999999999695 447.1136859086735
9.069999999999698 439.34035631052336
9.079999999999702 439.8215601128742
9.089999999999705 447.8746158804994
9.099999999999708 461.6181973629921
9.109999999999712 475.8778808772111
9.119999999999715 482.0653984048884
9.129999999999718 474.9083896674
9.139999999999722 459.052561688945
9.149999999999725 443.52506411129633
9.159999999999728 434.6909923832079
9.169999999999732 434.3685124794337
9.179999999999735 442.42992762242517
9.189999999999738 457.50991629347465
9.199999999999742 474.7592772217595
9.209999999999745 485.13232197389954
9.219999999999748 481.4840921960512
9.229999999999752 466.9609788758085
9.239999999999755 450.7891554164428
9.249999999999758 440.6662545614549
9.259999999999762 438.8942108977864
9.269999999999765 444.8916240287085
9.279999999999768 457.39326116665563
9.289999999999772 472.26779355171294
9.299999999999775 481.6156836740592
9.309999999999778 478.1730736444382
9.319999999999782 463.87500572965314
9.329999999999785 447.4116727797688
9.339999999999788 436.33304066615074
9.349999999999792 433.59870240201985
9.359999999999795 439.3374812450959
9.369999999999798 452.7441214163151
9.379999999999802 470.1405282733076
9.389999999999805 483.46995495944236
9.399999999999809 483.94811672052754
9.409999999999812 471.64528500273036
9.419999999999815 454.98613883793126
9.429999999999819 442.6745681406604
9.439999999999822 438.5827132118486
9.449999999999825 442.4471398936314
9.459999999999829 453.3827063391093
9.469999999999832 468.22178970441905
9.479999999999835 480.078524418164
9.489999999999839 480.52952744955024
9.499999999999842 468.53532356522334
9.509999999999845 451.7602992658307
9.519999999999849 438.65754603683405
9.529999999999852 433.50288536150947
9.539999999999855 436.87517379359343
9.549999999999859 448.324392050764
9.559999999999862 465.21245591645294
9.569999999999865 480.71916087294875
9.579999999999869 485.33757883786905
9.589999999999872 475.98354148322073
9.599999999999875 459.56379374715596
9.609999999999879 445.36793744824564
9.619999999999882 438.89810102598926
9.629999999999885 440.5838364031681
9.639999999999889 449.70393366632845
9.649999999999892 463.9599823653624
9.659999999999895 477.57985271972734
9.669999999999899 481.83097023558605
9.679999999999902 472.81531045297174
9.689999999999905 456.4319187367721
9.699999999999909 441.64023491152807
9.709999999999912 434.0855345140976
9.719999999999915 435.07030351013606
9.729999999999919 444.36297866632117
9.739999999999922 460.20234244801446
9.749999999999925 477.05789968827924
9.759999999999929 485.538008122001
9.769999999999932 479.750687754124
9.779999999999935 464.34421026703336
9.789999999999939 448.71522435481086
9.799999999999942 439.8607353177337
9.809999999999945 439.32367492436606
9.819999999999949 446.4536907860821
9.829999999999952 459.67680043592156
9.839999999999955 474.30303710022093
9.849999999999959 482.0005917066515
9.859999999999962 476.49556445682003
9.869999999999965 461.2543071456631
9.879999999999969 445.22955948955956
9.889999999999972 435.3530632430225
9.899999999999975 433.93441698878564
9.909999999999979 440.94630713203065
9.919999999999982 455.3055068497151
9.929999999999986 472.71033340828865
9.939999999999989 484.51930561519964
9.949999999999992 482.72910021071704
9.959999999999996 469.12216015724897
9.969999999999999 452.6428721479816
9.980000000000002 441.4953184001536
9.990000000000006 438.67575948483795
10.000000000000009 443.7090587749077
10.010000000000012 455.5333810017757
10.020000000000016 470.4662662470303
10.030000000000019 481.0446671926799
10.040000000000022 479.36856933885286
10.050000000000026 466.02958492845994
10.060000000000029 449.3415028708937
10.070000000000032 437.30740223477
10.080000000000036 433.4711414538808
10.090000000000039 438.136112028934
10.100000000000042 450.6816002077468
10.110000000000046 467.9209954210889
10.120000000000049 482.34327708870853
10.130000000000052 484.72261048753137
10.140000000000056 473.67692760653335
10.150000000000059 457.03300045933275
10.160000000000062 443.8168831788315
10.170000000000066 438.64769736610765
10.180000000000069 441.5251961321815
10.190000000000072 451.66063040834223
10.200000000000076 466.2959453832896
10.210000000000079 479.050271163061
10.220000000000082 481.259231793833
10.230000000000086 470.54415338428964
10.240000000000089 453.8565661379607
10.250000000000092 439.9360928590822
10.260000000000096 433.6834910134831
10.270000000000099 435.9708664207617
10.280000000000102 446.4582179240132
10.290000000000106 462.9290998679936
10.300000000000109 479.15254348327835
10.310000000000112 485.5802663478315
10.320000000000116 477.78283051487654
10.330000000000119 461.7269019906512
10.340000000000122 446.8142142740562
10.350000000000126 439.2546877947568
10.360000000000129 439.93474228700063
10.370000000000132 448.1660844742658
10.380000000000136 462.00227311523264
10.39000000000014 476.1719442186429
10.400000000000142 482.0500851765161
10.410000000000146 474.57801038235465
10.42000000000015 458.61997278436
10.430000000000152 443.2032336313718
10.440000000000156 434.5772298523526
10.45000000000016 434.4698183758859
10.460000000000163 442.73560061159606
10.470000000000166 457.9485115363955
10.48000000000017 475.149187781344
10.490000000000173 485.2237996585221
10.500000000000176 481.21701095559007
10.51000000000018 466.53283085645427
10.520000000000183 450.437501636641
10.530000000000186 440.52032850739084
10.54000000000019 438.9525177795128
10.550000000000193 445.1377111318848
10.560000000000196 457.7647089673569
10.5700000000002 472.6120330008861
10.580000000000203 481.70146448178144
10.590000000000206 477.9151273754565
10.60000000000021 463.44664884197505
10.610000000000213 447.04301621763966
10.620000000000216 436.15784622370813
10.63000000000022 433.6398927346042
10.640000000000223 439.5888471583621
10.650000000000226 453.1581903374044
10.66000000000023 470.5699298831626
10.670000000000233 483.6652539713474
10.680000000000236 483.76927706085786
10.69000000000024 471.23703145487616
10.700000000000243 454.592885382206
10.710000000000246 442.4669965730482
10.72000000000025 438.5855150587873
10.730000000000253 442.6429097824027
10.740000000000256 453.7298314692658
10.75000000000026 468.59583331926046
10.760000000000263 480.2575358335809
10.770000000000266 480.3597630364057
10.78000000000027 468.1303317100528
10.790000000000273 451.35549256463673
10.800000000000276 438.4219807752025
10.81000000000028 433.4836905540505
10.820000000000283 437.0687992081308
10.830000000000286 448.70254048441024
10.84000000000029 465.65987764249667
10.850000000000293 481.0054520948478
10.860000000000296 485.2606124395387
10.8700000000003 475.6154175849963
10.880000000000303 459.1431864226392
10.890000000000306 445.09969504205634
10.90000000000031 438.84405490452394
10.910000000000313 440.7263916937443
10.920000000000316 450.0171234839016
10.93000000000032 464.3449532252813
10.940000000000323 477.83817696712
10.950000000000326 481.7599643642609
10.96000000000033 472.453394658006
10.970000000000333 456.00481824402885
10.980000000000336 441.34747241882746
10.99000000000034 434.005415235833
11.000000000000343 435.2044859837631
11.010000000000346 444.69624552142477
11.02000000000035 460.64861891640766
11.030000000000353 477.4170190677337
11.040000000000356 485.57000064424807
11.05000000000036 479.442679978452
11.060000000000363 463.91346006136087
11.070000000000366 448.39076230573903
11.08000000000037 439.74770363200383
11.090000000000373 439.41173464626127
11.100000000000376 446.72506638685843
11.11000000000038 460.05662541961084
11.120000000000383 474.6224614331659
11.130000000000386 482.031904442646
11.14000000000039 476.1961060816599
11.150000000000393 460.8215008081464
11.160000000000396 444.88546122415397
11.1700000000004 435.21148401592603
11.180000000000403 434.0085615507287
11.190000000000406 441.2279733702364
11.20000000000041 455.73463219034954
11.210000000000413 473.1210074755174
11.220000000000416 484.65918052995926
11.23000000000042 482.50009509547056
11.240000000000423 468.70044809477315
11.250000000000426 452.27060294759394
11.26000000000043 441.321245188201
11.270000000000433 438.70874833273314
11.280000000000436 443.93257948704525
11.29000000000044 455.8949631006848
11.300000000000443 470.82651842791876
11.310000000000446 481.1743036786818
11.32000000000045 479.14916624297706
11.330000000000453 465.6095606809343
11.340000000000456 448.9549969963805
11.35000000000046 437.10461628418307
11.360000000000463 433.48503289741285
11.370000000000466 438.36163456711716
11.38000000000047 451.080675437185
11.390000000000473 468.3612046952012
11.400000000000476 482.5819517077049
11.41000000000048 484.5887386906573
11.420000000000483 473.28434580613066
11.430000000000486 456.62522779955106
11.44000000000049 443.5812700210154
11.450000000000493 438.62472150881626
11.460000000000496 441.6968676901107
11.4700000000005 451.9932994338543
11.480000000000503 466.6771087063918
11.490000000000506 479.2674343579595
11.50000000000051 481.1335704327798
11.510000000000513 470.1564126686333
11.520000000000516 453.43981048251175
11.53000000000052 439.6740468606708
11.540000000000523 433.6367508918334
11.550000000000527 436.13766547390094
11.56000000000053 446.81699583873683
11.570000000000533 463.37824424706076
11.580000000000537 479.47448790538635
11.59000000000054 485.5524610009219
11.600000000000543 477.43957153235743
11.610000000000547 461.2993216987045
11.62000000000055 446.5195085617736
11.630000000000553 439.1739862536194
11.640000000000557 440.0524853985455
11.65000000000056 448.46103104243156
11.660000000000563 462.3866617279574
11.670000000000567 476.4605215767969
11.68000000000057 482.02571768376606
11.690000000000573 474.24225603538616
11.700000000000577 458.1881577625318
11.71000000000058 442.88627459482393
11.720000000000583 434.4692561394145
11.730000000000587 434.5767886586282
11.74000000000059 443.0461501223521
11.750000000000593 458.38881678535165
11.760000000000597 475.53452939806306
11.7700000000006 485.30552502218904
11.780000000000603 480.9426982987838
11.790000000000607 466.10368073150505
11.80000000000061 450.0899276895108
11.810000000000613 440.37963531099945
11.820000000000617 439.0155013611406
11.83000000000062 445.3878625473204
11.840000000000623 458.13764587143083
11.850000000000627 472.95257902225296
11.86000000000063 481.7784950381138
11.870000000000633 477.6501595289304
11.880000000000637 463.0173471494486
11.89000000000064 446.67837158000367
11.900000000000643 435.98835312464786
11.910000000000647 433.68670240461836
11.92000000000065 439.8454522352516
11.930000000000653 453.575108151161
11.940000000000657 470.9967575649845
11.95000000000066 483.85165883726745
11.960000000000663 483.5818023036393
11.970000000000667 470.8260250837129
11.98000000000067 454.2026590993711
11.990000000000673 442.2647658616501
12.000000000000677 438.5931275318777
12.01000000000068 442.84314233507234
12.020000000000683 454.0794120703627
12.030000000000687 468.967956547469
12.04000000000069 480.42872850129925
12.050000000000693 480.18169443237235
12.060000000000697 467.72259857388633
12.0700000000007 450.9535624333027
12.080000000000704 438.191893251379
12.090000000000707 433.4700977031853
12.10000000000071 437.26785415911377
12.110000000000714 449.08443596736845
12.120000000000717 466.1065804275508
12.13000000000072 481.2842730098875
12.140000000000724 485.17406013657535
12.150000000000727 475.24277115634646
12.16000000000073 458.72423679632476
12.170000000000734 444.8366209433358
12.180000000000737 438.79502357748675
12.19000000000074 440.87362937533237
12.200000000000744 450.3335740642322
12.210000000000747 464.7295825382458
12.22000000000075 478.0901043977898
12.230000000000754 481.67993600733837
12.240000000000757 472.0869320829389
12.25000000000076 455.5791962939764
12.260000000000764 441.0597613060311
12.270000000000767 433.93091291773817
12.28000000000077 435.34416078457906
12.290000000000774 445.0339499598184
12.300000000000777 461.0957681064633
12.31000000000078 477.7704715069585
12.320000000000784 485.5921208275092
12.330000000000787 479.12842021034106
12.34000000000079 463.4827611805081
12.350000000000794 448.0709445086116
12.360000000000797 439.6399300423271
12.3700000000008 439.504577876053
12.380000000000804 447.0003550607287
12.390000000000807 460.4374210247434
12.40000000000081 474.93722087541374
12.410000000000814 482.0541580921946
12.420000000000817 475.89038167944005
12.43000000000082 460.38856850990635
12.440000000000824 444.5457393631584
12.450000000000827 435.07551861506687
12.46000000000083 434.0881972668251
12.470000000000834 441.5145699040792
12.480000000000837 456.1659264496454
12.49000000000084 473.5279936417191
12.500000000000844 484.7896403051603
12.510000000000847 482.2632525689079
12.52000000000085 468.2770429713676
12.530000000000854 451.90208678434215
12.540000000000857 441.1526019530877
12.55000000000086 438.74659751814784
12.560000000000864 444.1604900087979
12.570000000000867 456.25858253910343
12.58000000000087 471.18392929821573
12.590000000000874 481.2955128738714
12.600000000000877 478.9220229767676
12.61000000000088 465.1876796318099
12.620000000000884 448.57191482462514
12.630000000000887 436.90733973807863
12.64000000000089 433.50441235586555
12.650000000000894 438.5923918895976
12.660000000000897 451.4829524158223
12.6700000000009 468.7996716758022
12.680000000000904 482.81232935028123
12.690000000000907 484.44577688013004
12.70000000000091 472.8882780183123
12.710000000000914 456.21997742558636
12.720000000000917 443.35105004110613
12.73000000000092 438.60674007598004
12.740000000000924 441.87321898150884
12.750000000000927 452.328885332875
12.76000000000093 467.05713789747733
12.770000000000934 479.47736414658203
12.780000000000937 480.99914642362825
12.79000000000094 469.7650310759539
12.800000000000944 453.025243512879
12.810000000000947 439.4172277984597
12.82000000000095 433.59552595158465
12.830000000000954 436.30984586928975
12.840000000000957 447.17978767103574
12.85000000000096 463.8273896645015
12.860000000000964 479.7897438531632
12.870000000000967 485.514878327416
12.88000000000097 477.0910463338272
12.890000000000974 460.8727550948513
12.900000000000977 446.22984670838673
12.91000000000098 439.09848677143054
12.920000000000984 440.17504396475954
12.930000000000987 448.7596211314791
12.94000000000099 462.7713778629718
12.950000000000994 476.7434666260771
12.960000000000997 481.992191958033
12.970000000001 473.90109945597726
12.980000000001004 457.75704899874074
12.990000000001007 442.5740275732898
13.00000000000101 434.3668349610823
13.010000000001014 434.68918368393054
13.020000000001017 443.36132464323055
13.03000000000102 458.8305807333066
13.040000000001024 475.9150847409562
13.050000000001027 485.3775126043119
13.06000000000103 480.66142193162744
13.070000000001034 465.6738470870962
13.080000000001037 449.7466890909648
13.09000000000104 440.2443533712202
13.100000000001044 439.08336164069203
13.110000000001047 445.64222231137194
13.12000000000105 458.51210292753984
13.130000000001054 473.289302349282
13.140000000001058 481.84665781985854
13.15000000000106 477.3781736950179
13.160000000001064 462.58709461666814
13.170000000001068 446.317654974831
13.18000000000107 435.82439068554714
13.190000000001074 433.73894330674494
13.200000000001078 440.10709770533333
13.21000000000108 453.99465838228355
13.220000000001084 471.4207837517327
13.230000000001088 484.02909226775995
13.240000000001091 483.38588987632727
13.250000000001094 470.41254714136426
13.260000000001098 453.8157045135844
13.270000000001101 442.0680252164156
13.280000000001104 438.60569874738775
13.290000000001108 443.047964174472
13.300000000001111 454.4314842195562
13.310000000001114 469.3380542651944
13.320000000001118 480.5919676101455
13.330000000001121 479.9953252532975
13.340000000001124 467.31216299985795
13.350000000001128 450.55448899828207
13.360000000001131 437.96717178532435
13.370000000001134 433.46195794288207
13.380000000001138 437.4721861392111
13.390000000001141 449.46989626866275
13.400000000001144 466.55235010215017
13.410000000001148 481.555480777618
13.420000000001151 485.0780383243373
13.430000000001154 474.86584978189006
13.440000000001158 458.3071827505278
13.450000000001161 444.57885672731624
13.460000000001164 438.7511108282947
13.470000000001168 441.0256600770384
13.480000000001171 450.65332052701564
13.490000000001174 465.113792947796
13.500000000001178 478.3354860215161
13.510000000001181 481.59086303461487
13.520000000001184 471.71599150484764
13.530000000001188 455.15508519427397
13.540000000001191 440.77704305233027
13.550000000001194 433.86191145874506
13.560000000001198 435.4892123628898
13.570000000001201 445.37594342798604
13.580000000001204 461.5436020434948
13.590000000001208 478.11807428037486
13.600000000001211 485.60439723587916
13.610000000001214 478.80812360929406
13.620000000001218 463.0523438588611
13.630000000001221 447.75591828601296
13.640000000001224 439.5374884465914
13.650000000001228 439.60229650286647
13.660000000001231 447.2795911010273
13.670000000001234 460.8191342235558
13.680000000001238 475.247161872998
13.690000000001241 482.0672916712268
13.700000000001245 475.57847221168373
13.710000000001248 459.9555817155276
13.720000000001251 444.21038373708075
13.730000000001255 434.9450828052781
13.740000000001258 434.17323517397114
13.750000000001261 441.8059810969408
13.760000000001265 456.5992308114767
13.770000000001268 473.9310941380681
13.780000000001271 484.91063204768534
13.790000000001275 482.01874871686465
13.800000000001278 467.8521637017119
13.810000000001281 451.5374830488328
13.820000000001285 440.9894514944171
13.830000000001288 438.7893757357588
13.840000000001291 444.3928265437571
13.850000000001295 456.62420265339915
13.860000000001298 471.53835473276587
13.870000000001301 481.4081944008366
13.880000000001305 478.68721009810923
13.890000000001308 464.76404029925106
13.900000000001311 448.1922903212562
13.910000000001315 436.7155216870031
13.920000000001318 433.52920863804593
13.930000000001321 438.82829848615455
13.940000000001325 451.8882993051087
13.950000000001328 469.23620559120724
13.960000000001331 483.0342929367536
13.970000000001335 484.2938469852721
13.980000000001338 472.4889291358633
13.990000000001341 455.8174217888829
14.000000000001345 443.12629217830874
14.010000000001348 438.59379719284624
14.020000000001351 442.05428901091454
14.030000000001355 452.66736084588734
14.040000000001358 467.4359101875659
14.050000000001361 479.679927368166
14.060000000001365 480.85599661501675
14.070000000001368 469.37012418279545
14.080000000001371 452.61293801391207
14.090000000001375 439.1656189977544
14.100000000001378 433.55975816908006
14.110000000001381 436.48734675635535
14.120000000001385 447.5464864065123
14.130000000001388 464.27636715777317
14.140000000001391 480.0981506616663
14.150000000001395 485.46757006229996
14.160000000001398 476.7374442442817
14.170000000001401 460.4473844085823
14.180000000001405 445.9453152660893
14.190000000001408 439.02821451164596
14.200000000001411 440.3024565352485
14.210000000001415 449.06183482186924
14.220000000001418 463.15632437932163
14.230000000001422 477.0206249753699
14.240000000001425 481.949495623225
14.250000000001428 473.55466206789384
14.260000000001432 457.3267500342835
14.270000000001435 442.2665102573027
14.280000000001438 434.2699223625712
14.290000000001442 434.8069597965293
14.300000000001445 443.68104135775417
14.310000000001448 459.2736616548058
14.320000000001452 476.29067073603943
14.330000000001455 485.43973844714856
14.340000000001458 480.3733499438454
14.350000000001462 465.2435157224012
14.360000000001465 449.40789527610093
14.370000000001468 440.1145016051479
14.380000000001472 439.1561300456636
14.390000000001475 445.90077977358476
14.400000000001478 458.88800507118265
14.410000000001482 473.6220437395434
14.420000000001485 481.9058885178896
14.430000000001488 477.0992807929534
14.440000000001492 462.15601582996123
14.450000000001495 445.96091818914283
14.460000000001498 435.6659336385923
14.470000000001502 433.7965814939521
14.480000000001505 440.3737240054022
14.490000000001508 454.4167250018349
14.500000000001512 471.84182414553976
14.510000000001515 484.19746367573174
14.520000000001518 483.1816725787379
14.530000000001522 469.9967807203662
14.540000000001525 453.43215426762885
14.550000000001528 441.87680254209226
14.560000000001532 438.62324689734436
14.570000000001535 443.2573756653805
14.580000000001538 454.7859882679417
14.590000000001542 469.7059793638933
14.600000000001545 480.747143635739
14.610000000001548 479.8007350966566
14.620000000001552 466.8991621460016
14.630000000001555 450.15835663002724
14.640000000001558 437.74781449114676
14.650000000001562 433.45924210045933
14.660000000001565 437.6817557702443
14.670000000001568 449.8588276554013
14.680000000001572 466.99701850975976
14.690000000001575 481.81893522086114
14.700000000001578 484.9726251389992
14.710000000001582 474.48482989159
14.720000000001585 457.8921766895954
14.730000000001588 444.3264512390418
14.740000000001592 438.71232094975466
14.750000000001595 441.1824933179321
14.760000000001599 450.976314479776
14.770000000001602 465.4974603911512
14.780000000001605 478.5741786254343
14.790000000001609 481.492775277483
14.800000000001612 471.34071473243256
14.810000000001615 454.7325975347767
14.820000000001619 440.4993422325918
14.830000000001622 433.7983863533068
14.840000000001625 435.63961604085233
14.850000000001629 445.7221528385649
14.860000000001632 461.99197796280095
14.870000000001635 478.45965655872317
14.880000000001639 485.60683890787305
14.890000000001642 478.4819555623845
14.900000000001645 462.62237369583545
14.910000000001649 447.4457597139657
14.920000000001652 439.4403764695501
14.930000000001655 439.704903007546
14.940000000001659 447.5627377544974
14.950000000001662 461.201665710613
14.960000000001665 475.55212347714024
14.970000000001669 482.0712773967278
14.980000000001672 475.2605125316271
14.990000000001675 459.5226736415534
15.000000000001679 443.87944729869156
15.010000000001682 434.8201615307263
15.020000000001685 434.26365854765356
15.030000000001689 442.10215411938515
15.040000000001692 457.03442879192374
15.050000000001695 474.330127469899
15.060000000001699 485.0220955744034
15.070000000001702 481.7667271293622
15.080000000001705 467.4259811031906
15.090000000001709 451.1768962568079
15.100000000001712 440.8317977553397
15.110000000001715 438.83709036875734
15.120000000001719 444.6295662195621
15.130000000001722 456.991744031272
15.140000000001725 471.8896349672967
15.150000000001729 481.5122667405286
15.160000000001732 478.444838001306
15.170000000001735 464.33878830000845
15.180000000001739 447.8162055955288
15.190000000001742 436.5291630741942
15.200000000001745 433.55940728095504
15.210000000001749 439.0693203087315
15.220000000001752 452.2966223820762
15.230000000001755 469.670633363556
15.240000000001759 483.24772564618786
15.250000000001762 484.13305225229317
15.260000000001765 472.08646891797014
15.270000000001769 455.41769116990594
15.280000000001772 442.9070196572115
15.290000000001776 438.58589003240644
15.300000000001779 442.2400688388368
15.310000000001782 453.00866082391167
15.320000000001786 467.8132829930834
15.330000000001789 479.87499920538085
15.340000000001792 480.7041871811945
15.350000000001796 468.9718431191304
15.360000000001799 452.203003666269
15.370000000001802 438.91924259778574
15.380000000001806 433.52943327290313
15.390000000001809 436.6701490532937
15.400000000001812 447.91701805257117
15.410000000001816 464.72502541001234
15.420000000001819 480.3995522059133
15.430000000001822 485.4105795366912
15.440000000001826 476.3789297299975
15.450000000001829 460.02335986187046
15.460000000001832 445.66596512013024
15.470000000001836 438.96315845620313
15.480000000001839 440.4347237610749
15.490000000001842 449.3676194049553
15.500000000001846 463.54138332487116
15.510000000001849 477.2918429473311
15.520000000001852 481.8976371580854
15.530000000001856 473.20309220155883
15.540000000001859 456.8973929155375
15.550000000001862 441.963769385307
15.560000000001866 434.1785073771518
15.570000000001869 434.930107007202
15.580000000001872 444.0052451737455
15.590000000001876 459.7179347181342
15.600000000001879 476.6611106885583
15.610000000001882 485.49217670096647
15.620000000001886 480.07863418762673
15.630000000001889 464.8128486486666
15.640000000001892 449.0736278126742
15.650000000001896 439.9900704838692
15.660000000001899 439.2338088512813
15.670000000001902 446.16349642090006
15.680000000001906 459.2652575602913
15.690000000001909 473.95063915207226
15.700000000001912 481.95613657433574
15.710000000001916 476.8136126285729
15.720000000001919 461.72425747506634
15.730000000001922 445.60823471060553
15.740000000001926 435.51298110628363
15.75000000000193 433.8596098729903
15.760000000001932 440.64529441616196
15.770000000001936 454.84120761516624
15.78000000000194 472.25970106368754
15.790000000001942 484.3566839956718
15.800000000001946 482.96927452502683
15.81000000000195 469.5788915705677
15.820000000001953 453.052119350707
15.830000000001956 441.6911029178647
15.84000000000196 438.6457681189468
15.850000000001963 443.47135406836725
15.860000000001966 455.1428469872822
15.87000000000197 470.0715764273325
15.880000000001973 480.89415507208844
15.890000000001976 479.5980203968064
15.90000000000198 466.4837501622266
15.910000000001983 449.765265998889
15.920000000001986 437.53383728844403
15.93000000000199 433.4619420297671
15.940000000001993 437.8965423575776
15.950000000001996 450.251150248068
15.960000000002 467.44042369674185
15.970000000002003 482.07449923116667
15.980000000002006 484.8578961962658
15.99000000000201 474.0998755904596
16.00000000000201 457.4793544374398
16.010000000002005 444.07943486680665
16.020000000002 438.67864134861696
16.030000000001994 441.3441201333236
16.04000000000199 451.3024921354181
16.050000000001983 465.88045097822845
16.060000000001978 478.8060424858396
16.070000000001972 481.38571617942137
16.080000000001966 470.96125675579884
16.09000000000196 454.31185838189487
16.100000000001955 440.22669631047444
16.11000000000195 433.7403289916517
16.120000000001944 435.7953624401079
16.13000000000194 446.0725168081846
16.140000000001933 462.4407589087823
16.150000000001928 478.7950508752072
16.160000000001922 485.59945643603305
16.170000000001917 478.1500733969283
16.18000000000191 462.19300399589565
16.190000000001906 447.14052995942194
16.2000000000019 439.34857820382103
16.210000000001894 439.81239573403417
16.22000000000189 447.84974485620387
16.230000000001883 461.5849064519113
16.240000000001878 475.85194449762963
16.250000000001872 482.06609788097256
16.260000000001867 474.93664832277994
16.27000000000186 459.0899873151037
16.280000000001856 443.55299221501707
16.29000000000185 434.70075119427236
16.300000000001845 434.3594632022308
16.31000000000184 442.40304572308156
16.320000000001833 457.4714094457387
16.330000000001828 474.72491488224256
16.340000000001822 485.12397400607665
16.350000000001817 481.5073274949081
16.36000000000181 466.99865722481957
16.370000000001806 450.820418978079
16.3800000000018 440.67963323515164
16.390000000001795 438.8897383960904
16.40000000000179 444.8706746852686
16.410000000001784 457.3611185202993
16.420000000001778 472.2376070748932
16.430000000001773 481.6076556113436
16.440000000001767 478.19502683952953
16.45000000000176 463.9120770232275
16.460000000001756 447.4437492863974
16.47000000000175 436.3482727537116
16.480000000001745 433.59500395596325
16.49000000000174 439.3154311090441
16.500000000001734 452.7078330733643
16.510000000001728 470.1027836980248
16.520000000001723 483.45251418378234
16.530000000001717 483.96349603963563
16.54000000000171 471.68106103061854
16.550000000001706 455.0209064784699
16.5600000000017 442.69324578200366
16.570000000001695 438.58300807873655
16.58000000000169 442.4305401129132
16.590000000001684 453.3527124952507
16.60000000000168 468.1891088133995
16.610000000001673 480.0624592542723
16.620000000001667 480.54379354569267
16.63000000000166 468.57034520823754
16.640000000001656 451.79555491849067
16.65000000000165 438.67812597233035
16.660000000001645 433.50454484298064
16.67000000000164 436.8582401246992
16.680000000001634 448.2913130742748
16.69000000000163 465.1732142035623
16.700000000001623 480.6937953708773
16.710000000001617 485.3439532885116
16.720000000001612 476.0156633245536
16.730000000001606 459.60082464428666
16.7400000000016 445.3918386044685
16.750000000001595 438.90330139700166
16.76000000000159 440.571839108001
16.770000000001584 449.67691539131675
16.78000000000158 463.92643136535315
16.790000000001573 477.5569686706557
16.800000000001567 481.836633388278
16.810000000001562 472.8465435817975
16.820000000001556 456.46911346205974
16.83000000000155 441.6658549636904
16.840000000001545 434.0925845881595
16.85000000000154 435.058620823778
16.860000000001534 444.3338845592731
16.87000000000153 460.16327602373786
16.880000000001523 477.0262298477026
16.890000000001518 485.5348060847552
16.900000000001512 479.7774248899515
16.910000000001506 464.38200295220713
16.9200000000015 448.74396104287155
16.930000000001495 439.8710447910889
16.94000000000149 439.31639531259685
16.950000000001484 446.4303276492656
16.96000000000148 459.6437607211197
16.970000000001473 474.27492390894275
16.980000000001468 481.99735818143796
16.990000000001462 476.52130657472935
17.000000000001457 461.2919694077899
17.01000000000145 445.259679904653
17.020000000001446 435.3655356355459
17.03000000000144 433.9280261035535
17.040000000001434 440.92177497458255
17.05000000000143 455.2680068793492
17.060000000001423 472.67423738860464
17.070000000001418 484.50666855471263
17.080000000001412 482.748820889868
17.090000000001407 469.15904222715346
17.1000000000014 452.6757048160228
17.110000000001396 441.5109258291011
17.12000000000139 438.6732552191312
17.130000000001385 443.6898713778852
17.14000000000138 455.50197896256367
17.150000000001373 470.43468749135053
17.160000000001368 481.03290532002575
17.170000000001362 479.38728389727294
17.180000000001357 466.0660839180689
17.19000000000135 449.37531875489236
17.200000000001346 437.325257884207
17.21000000000134 433.4700534914131
17.220000000001335 438.11652746661775
17.23000000000133 450.6467851972057
17.240000000001324 467.882403176079
17.250000000001318 482.3220391622604
17.260000000001313 484.7339308098529
17.270000000001307 473.7111490017369
17.2800000000013 457.06884720934784
17.290000000001296 443.83783258163515
17.30000000000129 438.6500569521343
17.310000000001285 441.5105274175906
17.32000000000128 451.6317860318807
17.330000000001274 466.2626273434862
17.340000000001268 479.03094088418004
17.350000000001263 481.2697359955613
17.360000000001257 470.57777513325084
17.37000000000125 453.8929934408695
17.380000000001246 439.95914335084456
17.39000000000124 433.68773355280973
17.400000000001235 435.95644424635674
17.41000000000123 446.42697470445825
17.420000000001224 462.8898069259114
17.43000000000122 479.1240919724677
17.440000000001213 485.5822656655392
17.450000000001207 477.81263373907984
17.4600000000012 461.76438481600803
17.470000000001196 446.8402851958927
17.48000000000119 439.2620752012865
17.490000000001185 439.9247702526001
17.50000000000118 448.14055877377973
17.510000000001174 461.96874398485363
17.52000000000117 476.14646469901214
17.530000000001163 482.05174213234665
17.540000000001157 474.60702835417493
17.550000000001152 458.6576664719404
17.560000000001146 443.23108041079587
17.57000000000114 434.58684966799876
17.580000000001135 434.4606469964155
17.59000000000113 442.7086130550519
17.600000000001124 457.91006094187276
17.61000000000112 475.11527828516677
17.620000000001113 485.21621571856946
17.630000000001107 481.24069060320386
17.640000000001102 466.5703521379429
17.650000000001096 450.4681394000048
17.66000000000109 440.53294731589637
17.670000000001085 438.9473152965588
17.68000000000108 445.1161143258144
17.690000000001074 457.7322351073233
17.70000000000107 472.58210710397617
17.710000000001063 481.6942919680566
17.720000000001058 477.9379010251697
17.730000000001052 463.4840607273973
17.740000000001046 447.0750092406774
17.75000000000104 436.1728598743786
17.760000000001035 433.63599627840176
17.77000000000103 439.56660485783664
17.780000000001024 453.12184218536765
17.79000000000102 470.53248451787084
17.800000000001013 483.6485494813882
17.810000000001008 483.78528507521736
17.820000000001002 471.27286806721844
17.830000000000997 454.62718503146414
17.84000000000099 442.48498019622366
17.850000000000986 438.5851400768373
17.86000000000098 442.62568168276147
17.870000000000974 453.6994407578553
17.88000000000097 468.56323774692885
17.890000000000963 480.2421909225608
17.900000000000958 480.3748966425977
17.910000000000952 468.16578882815037
17.920000000000947 451.3907052525382
17.93000000000094 438.44229595161573
17.940000000000936 433.4850879634382
17.95000000000093 437.05160766513313
17.960000000000925 448.6693013531975
17.97000000000092 465.6207816921176
17.980000000000913 480.98072989502714
17.990000000000908 485.2677431269757
18.000000000000902 475.64780521697116
18.010000000000897 459.1799193102714
18.02000000000089 445.1229742046577
18.030000000000886 438.8486253330974
18.04000000000088 440.7137940870919
18.050000000000875 449.98966111946925
18.06000000000087 464.31134234376805
18.070000000000864 477.8158524136829
18.080000000000858 481.7665071495036
18.090000000000853 472.48517153958346
18.100000000000847 456.0420467830601
18.11000000000084 441.37281586283206
18.120000000000836 434.0121492702265
18.13000000000083 435.1924973757125
18.140000000000825 444.66690725854653
18.15000000000082 460.609559911466
18.160000000000814 477.38585473425377
18.170000000000808 485.5676111687487
18.180000000000803 479.4698730632866
18.190000000000797 463.9511341352481
18.20000000000079 448.4189656193856
18.210000000000786 439.7574077797748
18.22000000000078 439.4038857636119
18.230000000000775 446.7012266301947
18.24000000000077 460.0234123973998
18.250000000000764 474.5947335536592
18.26000000000076 482.02951503301125
18.270000000000753 476.2225027611709
18.280000000000747 460.85930126300104
18.29000000000074 444.9153275610861
18.300000000000736 435.2235995541851
18.31000000000073 434.0018287133321
18.320000000000725 441.2031309457611
18.33000000000072 455.69702196313426
18.340000000000714 473.0852556481504
18.35000000000071 484.6473377299227
18.360000000000703 482.52043947524504
18.370000000000697 468.73739449187076
18.380000000000692 452.30301247895113
18.390000000000686 441.3362683011349
18.40000000000068 438.7057009056236
18.410000000000675 443.9128974472085
18.42000000000067 455.86330086559127
18.430000000000664 470.7951531213185
18.44000000000066 481.16330218326544
18.450000000000653 479.16863266047164
18.460000000000647 465.6463204519159
18.470000000000642 448.98861482099824
18.480000000000636 437.1220930011558
18.49000000000063 433.4835731467299
18.500000000000625 438.3416920278104
18.51000000000062 451.04565244061035
18.520000000000614 468.32279284373095
18.53000000000061 482.5614250443672
18.540000000000603 484.6008129733329
18.550000000000598 473.31881207521
18.560000000000592 456.66078365709586
18.570000000000586 443.6016662766667
18.58000000000058 438.62655276217487
18.590000000000575 441.68170038739737
18.60000000000057 451.9641270817639
18.610000000000564 466.6438497415076
18.62000000000056 479.24874012306174
18.630000000000553 481.1448904973826
18.640000000000548 470.19042807706006
18.650000000000542 453.47612691659134
18.660000000000537 439.69671990684526
18.67000000000053 433.6405947173998
18.680000000000526 436.1228538803843
18.69000000000052 446.7854647060594
18.700000000000514 463.33898192959566
18.71000000000051 479.4466167137857
18.720000000000503 485.55528836863596
18.730000000000498 477.46979372134916
18.740000000000492 461.33666452148174
18.750000000000487 446.5450783319105
18.76000000000048 439.18084849639916
18.770000000000476 440.0420212779767
18.78000000000047 448.4351241725473
18.790000000000465 462.3530634589796
18.80000000000046 476.4355251368772
18.810000000000453 482.0282048443206
18.820000000000448 474.2718030126796
18.830000000000442 458.22585390741295
18.840000000000437 442.9137719184264
18.85000000000043 434.47845459142104
18.860000000000426 434.56720796032505
18.87000000000042 443.0188120419498
18.880000000000415 458.35026943661705
18.89000000000041 475.50104002867397
18.900000000000404 485.29877477436855
18.910000000000398 480.96695911426406
18.920000000000393 466.1412250743124
18.930000000000387 450.12014264808124
18.94000000000038 440.39172779928975
18.950000000000376 439.00981658094145
18.96000000000037 445.3658456863236
18.970000000000365 458.1050009087593
18.98000000000036 472.9229705443182
18.990000000000354 481.77211171468736
19.000000000000348 477.6735881171166
19.010000000000343 463.0548932906107
19.020000000000337 446.71007121670135
19.03000000000033 436.00293259725726
19.040000000000326 433.68238233566296
19.05000000000032 439.82281441706016
19.060000000000315 453.5385588648635
19.07000000000031 470.95956263462585
19.080000000000304 483.83572693631504
19.0900000000003 483.59852989769814
19.100000000000293 470.8620524014281
19.110000000000287 454.2366415314032
19.12000000000028 442.28223004484676
19.130000000000276 438.5922752425374
19.14000000000027 442.82547074471364
19.150000000000265 454.0487690682954
19.16000000000026 468.9355179975069
19.170000000000254 480.4140813927849
19.18000000000025 480.1975821613051
19.190000000000243 467.7583324449066
19.200000000000237 450.9885661700996
19.210000000000232 438.21177781215147
19.220000000000226 433.47105815221596
19.23000000000022 437.2502385676055
19.240000000000215 449.05091132744485
19.25000000000021 466.0675739506112
19.260000000000204 481.2602084884297
19.2700000000002 485.18200640112167
19.280000000000193 475.2755158628491
19.290000000000187 458.76078247886306
19.300000000000182 444.8594074272018
19.310000000000176 438.7991124492793
19.32000000000017 440.86057914623905
19.330000000000165 450.3057935367446
19.34000000000016 464.69598775707686
19.350000000000154 478.06834671194053
19.36000000000015 481.68728689163606
19.370000000000143 472.11913221833703
19.380000000000138 455.61632649031577
19.390000000000132 441.0846990072722
19.400000000000126 433.93719664169794
19.41000000000012 435.33173245964457
19.420000000000115 445.0042595972633
19.43000000000011 461.05665843835305
19.440000000000104 477.7398132069895
19.4500000000001 485.5905825774225
19.460000000000093 479.1561308993705
19.470000000000088 463.52039658229165
19.480000000000082 448.0987091859201
19.490000000000077 439.6491419255295
19.50000000000007 439.49627634037734
19.510000000000066 446.9761449421247
19.52000000000006 460.40410838535934
19.530000000000054 474.9099040901615
19.54000000000005 482.0525741709881
19.550000000000043 475.91734344810936
19.560000000000038 460.4264018088967
19.570000000000032 444.5752493011205
19.580000000000027 435.0871743734398
19.59000000000002 434.0810163898417
19.600000000000016 441.48932619698905
19.61000000000001 456.12815006881567
19.620000000000005 473.49257799601713
19.63 484.7786171364492
19.639999999999993 482.2842608893298
19.649999999999988 468.3141097822664
19.659999999999982 451.9341414137906
19.669999999999977 441.16712547637593
19.67999999999997 438.7430983694562
19.689999999999966 444.1404004896293
19.69999999999996 456.2267278468777
19.709999999999955 471.15281267276197
19.71999999999995 481.285257868619
19.729999999999944 478.94217757992396
19.739999999999938 465.2246164876504
19.749999999999932 448.60525190275507
19.759999999999927 436.924357933648
19.76999999999992 433.50249800899144
19.779999999999916 438.5720158304985
19.78999999999991 451.4476702631806
19.799999999999905 468.76142689974535
19.8099999999999 482.7925307076686
19.819999999999894 484.4586314426359
19.829999999999888 472.92302683694896
19.839999999999883 456.25529022419175
19.849999999999877 443.37095517679904
19.85999999999987 438.60811436783894
19.869999999999866 441.8576229432218
19.87999999999986 452.29944494739453
19.889999999999855 467.023976254721
19.89999999999985 479.4593096393548
19.909999999999844 481.0112406636373
19.91999999999984 469.7993740686543
19.929999999999833 453.06138109062687
19.939999999999827 439.43946068296634
19.94999999999982 433.5989072835148
19.959999999999816 436.29458306357475
19.96999999999981 447.1479234521196
19.979999999999805 463.7881415362118
19.9899999999998 479.7624641830638
19.999999999999794 485.51855234078334
