t val
0.01 -4.72177088273958e-07
0.020000000000000004 -1.1291035274821696e-06
0.030000000000000013 -1.5775675789960282e-06
0.04000000000000002 -2.1237026607599194e-06
0.05000000000000003 -2.537235531664576e-06
0.06000000000000004 -2.972183746663941e-06
0.07000000000000005 -3.3402207907428564e-06
0.08000000000000006 -3.724000760880082e-06
0.09000000000000007 -4.084830502753628e-06
0.10000000000000007 -4.435350959265772e-06
0.11000000000000008 -4.7592024551686445e-06
0.12000000000000009 -5.049328276273833e-06
0.1300000000000001 -5.32023914162717e-06
0.1400000000000001 -5.5686971857692e-06
0.1500000000000001 -5.820019637398415e-06
0.16000000000000011 -6.052646179434594e-06
0.17000000000000012 -6.275274774580852e-06
0.18000000000000013 -6.463767059842206e-06
0.19000000000000014 -6.636343428323639e-06
0.20000000000000015 -6.784408109802382e-06
0.21000000000000016 -6.930549705229749e-06
0.22000000000000017 -7.0627142525146875e-06
0.23000000000000018 -7.187735775550886e-06
0.24000000000000019 -7.287179701246722e-06
0.25000000000000017 -7.368301073455767e-06
0.2600000000000002 -7.427059499393762e-06
0.2700000000000002 -7.4778916738263024e-06
0.2800000000000002 -7.5177019552108295e-06
0.2900000000000002 -7.550239581932792e-06
0.3000000000000002 -7.564567221931398e-06
0.3100000000000002 -7.560844315727517e-06
0.32000000000000023 -7.536396340820709e-06
0.33000000000000024 -7.4996232518629156e-06
0.34000000000000025 -7.4524300006191925e-06
0.35000000000000026 -7.397547140035596e-06
0.36000000000000026 -7.3289918733203065e-06
0.3700000000000003 -7.244160256396827e-06
0.3800000000000003 -7.1403980717454125e-06
0.3900000000000003 -7.0219130005652355e-06
0.4000000000000003 -6.892069653101653e-06
0.4100000000000003 -6.753839080771699e-06
0.4200000000000003 -6.6046490961400286e-06
0.4300000000000003 -6.441434016116114e-06
0.44000000000000034 -6.261315985710844e-06
0.45000000000000034 -6.065854889541951e-06
0.46000000000000035 -5.858116459305635e-06
0.47000000000000036 -5.641277559273687e-06
0.48000000000000037 -5.415112128309485e-06
0.4900000000000004 -5.17738225635815e-06
0.5000000000000003 -4.9253426746024375e-06
0.5100000000000003 -4.658930265043182e-06
0.5200000000000004 -4.380323550579213e-06
0.5300000000000004 -4.092603715827112e-06
0.5400000000000004 -3.7970245855759205e-06
0.5500000000000004 -3.492634299985973e-06
0.5600000000000004 -3.1773213512401195e-06
0.5700000000000004 -2.8502340384260426e-06
0.5800000000000004 -2.5126159104068945e-06
0.5900000000000004 -2.1671677237507216e-06
0.6000000000000004 -1.8159739641996565e-06
0.6100000000000004 -1.4593371037041408e-06
0.6200000000000004 -1.0960830435122127e-06
0.6300000000000004 -7.252546543965278e-07
0.6400000000000005 -3.4742735990067865e-07
0.6500000000000005 3.521979593303985e-08
0.6600000000000005 4.2025361651698106e-07
0.6700000000000005 8.063434375432171e-07
0.6800000000000005 1.1936054886545033e-06
0.6900000000000005 1.5826163135114695e-06
0.7000000000000005 1.9730875327726693e-06
0.7100000000000005 2.363298900646808e-06
0.7200000000000005 2.750773279734654e-06
0.7300000000000005 3.133479205571678e-06
0.7400000000000005 3.510558021826373e-06
0.7500000000000006 3.881957806062125e-06
0.7600000000000006 4.247383872073744e-06
0.7700000000000006 4.605495689288462e-06
0.7800000000000006 4.954026863262775e-06
0.7900000000000006 5.2906499553180565e-06
0.8000000000000006 5.6138160031083585e-06
0.8100000000000006 5.922843036067399e-06
0.8200000000000006 6.217234449960299e-06
0.8300000000000006 6.4958458244773724e-06
0.8400000000000006 6.756613444063553e-06
0.8500000000000006 6.997025878932851e-06
0.8600000000000007 7.214878493937141e-06
0.8700000000000007 7.4086433079757525e-06
0.8800000000000007 7.577174408849518e-06
0.8900000000000007 7.719052492583502e-06
0.9000000000000007 7.832173932680494e-06
0.9100000000000007 7.913954497471757e-06
0.9200000000000007 7.96198091766151e-06
0.9300000000000007 7.974583896063797e-06
0.9400000000000007 7.950914674778723e-06
0.9500000000000007 7.890547801817092e-06
0.9600000000000007 7.793021967926623e-06
0.9700000000000008 7.657735016044268e-06
0.9800000000000008 7.48425448017673e-06
0.9900000000000008 7.2727255412527225e-06
1.0000000000000007 7.0239768412516435e-06
1.0100000000000007 6.7391908547972315e-06
1.0200000000000007 6.4193717873521575e-06
1.0300000000000007 6.064989700215994e-06
1.0400000000000007 5.676006647783619e-06
1.0500000000000007 5.252175113123276e-06
1.0600000000000007 4.793319102190016e-06
1.0700000000000007 4.299399657497182e-06
1.0800000000000007 3.7704149721783615e-06
1.0900000000000007 3.206344434306075e-06
1.1000000000000008 2.607275454653958e-06
1.1100000000000008 1.9736387865143437e-06
1.1200000000000008 1.3063314180020949e-06
1.1300000000000008 6.065613654794235e-07
1.1400000000000008 -1.2454202787072096e-07
1.1500000000000008 -8.863251788100928e-07
1.1600000000000008 -1.678776309832608e-06
1.1700000000000008 -2.5023884560624166e-06
1.1800000000000008 -3.3578592159098307e-06
1.1900000000000008 -4.245858606375697e-06
1.2000000000000008 -5.167002729642941e-06
1.2100000000000009 -6.1219812922568105e-06
1.2200000000000009 -7.111665186635844e-06
1.2300000000000009 -8.137056401843179e-06
1.2400000000000009 -9.199095509657643e-06
1.2500000000000009 -1.0298473220829015e-05
1.260000000000001 -1.1435588496111553e-05
1.270000000000001 -1.2610671032375942e-05
1.280000000000001 -1.382395418165869e-05
1.290000000000001 -1.507575462979145e-05
1.300000000000001 -1.6366406173124362e-05
1.310000000000001 -1.7696120164289344e-05
1.320000000000001 -1.9064896942919598e-05
1.330000000000001 -2.04725544048726e-05
1.340000000000001 -2.1918828151697042e-05
1.350000000000001 -2.3403434314512315e-05
1.360000000000001 -2.4926023207931597e-05
1.370000000000001 -2.648604967971296e-05
1.380000000000001 -2.8082658584141693e-05
1.390000000000001 -2.9714672341395405e-05
1.400000000000001 -3.1380682908353904e-05
1.410000000000001 -3.3079170934448073e-05
1.420000000000001 -3.4808564326228864e-05
1.430000000000001 -3.6567207231281625e-05
1.440000000000001 -3.8353288008559916e-05
1.450000000000001 -4.016480083128669e-05
1.460000000000001 -4.1999574538240546e-05
1.470000000000001 -4.385533729539076e-05
1.480000000000001 -4.572975233312316e-05
1.490000000000001 -4.76203886519131e-05
1.500000000000001 -4.952465276102628e-05
1.5100000000000011 -5.1439746882966633e-05
1.5200000000000011 -5.336270501104874e-05
1.5300000000000011 -5.5290501782157885e-05
1.5400000000000011 -5.722017887753797e-05
1.5500000000000012 -5.9148929028649776e-05
1.5600000000000012 -6.107411536556974e-05
1.5700000000000012 -6.29932507699053e-05
1.5800000000000012 -6.490397794197654e-05
1.5900000000000012 -6.680406728862964e-05
1.6000000000000012 -6.869141369413748e-05
1.6100000000000012 -7.056399923756576e-05
1.6200000000000012 -7.241981071670369e-05
1.6300000000000012 -7.425673935430787e-05
1.6400000000000012 -7.607251150980836e-05
1.6500000000000012 -7.786468582635634e-05
1.6600000000000013 -7.963071501394461e-05
1.6700000000000013 -8.136803776654514e-05
1.6800000000000013 -8.30741616154135e-05
1.6900000000000013 -8.474671920700754e-05
1.7000000000000013 -8.638350587429795e-05
1.7100000000000013 -8.798251383027341e-05
1.7200000000000013 -8.954196448511925e-05
1.7300000000000013 -9.106032152400017e-05
1.7400000000000013 -9.253626417180768e-05
1.7500000000000013 -9.396861803193401e-05
1.7600000000000013 -9.535626650024823e-05
1.7700000000000014 -9.669807846360192e-05
1.7800000000000014 -9.799287762022774e-05
1.7900000000000014 -9.923945388433842e-05
1.8000000000000014 -0.00010043659678967758
1.8100000000000014 -0.0001015831288217237
1.8200000000000014 -0.00010267793045367946
1.8300000000000014 -0.00010371996216396019
1.8400000000000014 -0.00010470828800556235
1.8500000000000014 -0.00010564209229479456
1.8600000000000014 -0.00010652067185049782
1.8700000000000014 -0.000107343394220713
1.8800000000000014 -0.00010810963372481979
1.8900000000000015 -0.00010881871577659505
1.9000000000000015 -0.00010946990254339277
1.9100000000000015 -0.00011006243752214497
1.9200000000000015 -0.00011059564195899759
1.9300000000000015 -0.00011106903490952143
1.9400000000000015 -0.00011148244098493344
1.9500000000000015 -0.00011183605699254029
1.9600000000000015 -0.00011213046339309095
1.9700000000000015 -0.00011236657986928283
1.9800000000000015 -0.00011254557354423035
1.9900000000000015 -0.00011266873658162856
2.0000000000000013 -0.0001127373563487985
2.0100000000000002 -0.00011322944457570463
2.019999999999999 -0.0001138552933103091
2.029999999999998 -0.00011422319079451814
2.039999999999997 -0.00011464139579272519
2.049999999999996 -0.00011487815034217987
2.0599999999999947 -0.00011509069166718048
2.0699999999999936 -0.00011518788896902791
2.0799999999999925 -0.00011525622978639373
2.0899999999999914 -0.00011525481126774777
2.0999999999999903 -0.00011520029105789868
2.109999999999989 -0.00011507285069839309
2.119999999999988 -0.00011486388229136097
2.129999999999987 -0.00011457498884124355
2.139999999999986 -0.00011418656495931114
2.149999999999985 -0.00011369720844459575
2.1599999999999837 -0.00011306371106740831
2.1699999999999826 -0.00011228300911091316
2.1799999999999815 -0.00011134526998109665
2.1899999999999804 -0.00011030719654873337
2.1999999999999793 -0.00010922198841309127
2.209999999999978 -0.00010818173785059109
2.219999999999977 -0.00010724064324770485
2.229999999999976 -0.00010645395457109939
2.239999999999975 -0.00010582936175537405
2.249999999999974 -0.00010537576919442351
2.2599999999999727 -0.00010507258614547592
2.2699999999999716 -0.00010490555969839261
2.2799999999999705 -0.00010483855145169267
2.2899999999999694 -0.00010484170829429544
2.2999999999999683 -0.0001048727632223418
2.309999999999967 -0.00010490332104932572
2.319999999999966 -0.00010490669767356058
2.329999999999965 -0.00010487351398930732
2.339999999999964 -0.00010479656649708883
2.349999999999963 -0.00010467878925582044
2.3599999999999617 -0.00010452290851913137
2.3699999999999606 -0.000104340589287626
2.3799999999999595 -0.00010414594384892195
2.3899999999999584 -0.00010395944521420822
2.3999999999999573 -0.00010379842284274306
2.409999999999956 -0.00010367612813384398
2.419999999999955 -0.00010359586768238444
2.429999999999954 -0.00010355554456780154
2.439999999999953 -0.00010354851631250702
2.4499999999999518 -0.00010356852595218364
2.4599999999999507 -0.00010360784618641498
2.4699999999999496 -0.00010365686345545477
2.4799999999999485 -0.00010370125934072487
2.4899999999999474 -0.00010372407410669597
2.4999999999999463 -0.00010370832231955881
2.509999999999945 -0.00010364222877503053
2.519999999999944 -0.00010352142832298637
2.529999999999943 -0.0001033500240647371
2.539999999999942 -0.0001031387790966693
2.5499999999999408 -0.00010290350622405339
2.5599999999999397 -0.00010266294796084138
2.5699999999999386 -0.00010243721079946624
2.5799999999999375 -0.00010224520753334491
2.5899999999999364 -0.00010210217406412529
2.5999999999999353 -0.00010201764403523986
2.609999999999934 -0.00010199565586330837
2.619999999999933 -0.00010203675665940286
2.629999999999932 -0.00010214024097772513
2.639999999999931 -0.00010230366190511984
2.6499999999999297 -0.00010251846197541151
2.6599999999999286 -0.00010276314729237391
2.6699999999999275 -0.00010299878158079163
2.6799999999999264 -0.00010317162498975891
2.6899999999999253 -0.00010322517876688961
2.6999999999999242 -0.00010311859452111592
2.709999999999923 -0.00010284422881392342
2.719999999999922 -0.00010243577682212495
2.729999999999921 -0.00010196188068365252
2.73999999999992 -0.00010150618172979712
2.7499999999999187 -0.00010114151855011052
2.7599999999999176 -0.00010090926334256244
2.7699999999999165 -0.00010081313923045521
2.7799999999999154 -0.00010083026812037202
2.7899999999999143 -0.00010093369859950832
2.7999999999999132 -0.00010111425250227147
2.809999999999912 -0.000101388786871703
2.819999999999911 -0.00010178789801638485
2.82999999999991 -0.00010232647095596183
2.839999999999909 -0.00010297079295362755
2.8499999999999077 -0.00010362084735417947
2.8599999999999066 -0.00010412261056289688
2.8699999999999055 -0.00010431286712818737
2.8799999999999044 -0.0001040829423981691
2.8899999999999033 -0.00010343516088893718
2.899999999999902 -0.00010250376492823382
2.909999999999901 -0.00010152352069742577
2.9199999999999 -0.00010075109765019946
2.929999999999899 -0.00010036784493388798
2.939999999999898 -0.00010040654956683986
2.9499999999998967 -0.00010074059814881921
2.9599999999998956 -0.00010114992223102289
2.9699999999998945 -0.00010144202456643796
2.9799999999998934 -0.00010157371105351365
2.9899999999998923 -0.00010170746979434723
2.999999999999891 -0.00010215682402164553
3.00999999999989 -0.00010322450186417888
3.019999999999889 -0.00010499679265299281
3.029999999999888 -0.00010719749903386856
3.039999999999887 -0.0001091989973076365
3.0499999999998857 -0.00011022763491637617
3.0599999999998846 -0.00010970525007253928
3.0699999999998835 -0.00010758101959669037
3.0799999999998824 -0.00010447769004666352
3.0899999999998813 -0.00010153367134059124
3.09999999999988 -9.995706464279905e-05
3.109999999999879 -0.00010046392076491069
3.119999999999878 -0.00010287049324500503
3.129999999999877 -0.0001060820267304789
3.139999999999876 -0.0001085575259514306
3.1499999999998747 -0.0001090916917329099
3.1599999999998736 -0.00010755444095891169
3.1699999999998725 -0.00010517930275837797
3.1799999999998714 -0.00010415119257305125
3.1899999999998703 -0.00010657008600555987
3.199999999999869 -0.00011322043364656521
3.209999999999868 -0.00012277214237676814
3.219999999999867 -0.0001319398502842554
3.229999999999866 -0.00013672781693610465
3.2399999999998648 -0.0001343410972685927
3.2499999999998637 -0.00012490530818248707
3.2599999999998626 -0.00011205407999527659
3.2699999999998615 -0.00010183305873758898
3.2799999999998604 -0.00010013482048107476
3.2899999999998593 -0.00010969950038629297
3.299999999999858 -0.0001281605815370205
3.309999999999857 -0.00014836454250281985
3.319999999999856 -0.00016124824023841644
3.329999999999855 -0.00016028672774289838
3.3399999999998538 -0.0001455086939924652
3.3499999999998527 -0.00012486982417968278
3.3599999999998515 -0.00011166557918106918
3.3699999999998504 -0.00011847705834304369
3.3799999999998493 -0.00015013787961750134
3.3899999999998482 -0.00019930290483171655
3.399999999999847 -0.00024756069767718655
3.409999999999846 -0.0002726900657697783
3.419999999999845 -0.000259581372717288
3.429999999999844 -0.00020992441107443987
3.4399999999998427 -0.00014525876645971546
3.4499999999998416 -0.00010012845669966513
3.4599999999998405 -0.00010665506915427572
3.4699999999998394 -0.000177029900984107
3.4799999999998383 -0.00029309035231825636
3.4899999999998372 -0.0004099496701478039
3.499999999999836 -0.0004743072927636409
3.509999999999835 -0.00045079968704089476
3.519999999999834 -0.0003446699476189482
3.529999999999833 -0.00020811170390209013
3.5399999999998317 -0.00012258442791770937
3.5499999999998306 -0.00016070475750306837
3.5599999999998295 -0.00034462608756148536
3.5699999999998284 -0.0006237934381770122
3.5799999999998273 -0.0008874492535338599
3.589999999999826 -0.0010106107042593953
3.599999999999825 -0.0009163451501883408
3.609999999999824 -0.0006276997458511931
3.619999999999823 -0.0002802849971804097
3.629999999999822 -7.537495404638527e-05
3.6399999999998207 -0.00018210357496600482
3.6499999999998196 -0.0006370947947093109
3.6599999999998185 -0.0013030572746062646
3.6699999999998174 -0.0019138554112249654
3.6799999999998163 -0.002186876451041449
3.689999999999815 -0.0019599793119556477
3.699999999999814 -0.0013024224044470662
3.709999999999813 -0.0005381487595097075
3.719999999999812 -0.00012689789558715964
3.729999999999811 -0.0004235591124598469
3.7399999999998097 -0.0014509875908232097
3.7499999999998086 -0.002842807464943083
3.7599999999998075 -0.003996943092899231
3.7699999999998064 -0.004350155570071427
3.7799999999998053 -0.003645753088968226
3.789999999999804 -0.002134996787792271
3.799999999999803 -0.0005957602447535324
3.809999999999802 -2.90673888287656e-06
3.819999999999801 -0.0009265712691150059
3.8299999999998 -0.003120434436620635
3.8399999999997987 -0.005643376031212572
3.8499999999997976 -0.00737085714727799
3.8599999999997965 -0.007479114259586188
3.8699999999997954 -0.005809804787255481
3.8799999999997943 -0.0031014358249621564
3.889999999999793 -0.0007833379173042369
3.899999999999792 -0.000273423148829633
3.909999999999791 -0.0019602161580252997
3.91999999999979 -0.004878718444544139
3.9299999999997888 -0.007515923321679146
3.9399999999997877 -0.00869844694570157
3.9499999999997866 -0.007936261508344427
3.9599999999997855 -0.005560115773255489
3.9699999999997844 -0.0026084557427429127
3.9799999999997833 -0.0005203246613380577
3.989999999999782 -0.00044765842222688104
3.999999999999781 -0.00237037916436682
4.00999999999978 -0.005140813841166416
4.019999999999779 -0.00738681294664861
4.029999999999778 -0.008295936346548903
4.039999999999777 -0.007664608041870167
4.049999999999776 -0.005716027349497139
4.059999999999775 -0.003135867196676973
4.069999999999774 -0.0010215398119737603
4.079999999999773 -0.0004668339589090197
4.089999999999772 -0.00177610495940818
4.0999999999997705 -0.0040590734725581105
4.109999999999769 -0.006085818345429424
4.119999999999768 -0.007090800919360634
4.129999999999767 -0.006821941330899016
4.139999999999766 -0.005424495770694687
4.149999999999765 -0.0033240916806975894
4.159999999999764 -0.0012723210025236667
4.169999999999763 -0.0002596293252302924
4.179999999999762 -0.0009189521233588709
4.189999999999761 -0.002828528423277382
4.1999999999997595 -0.004845537016820829
4.209999999999758 -0.006067302170403283
4.219999999999757 -0.006184205108279741
4.229999999999756 -0.005280029369558965
4.239999999999755 -0.0036419024356572575
4.249999999999754 -0.0017915018056023717
4.259999999999753 -0.0005112121378101942
4.269999999999752 -0.0005488450764542613
4.279999999999751 -0.0019420368356081509
4.28999999999975 -0.0038064544270861064
4.2999999999997485 -0.005124099673617874
4.309999999999747 -0.005416160122755288
4.319999999999746 -0.004720731646746623
4.329999999999745 -0.003351130141663526
4.339999999999744 -0.0017593673073053573
4.349999999999743 -0.0005292753813497837
4.359999999999742 -0.00028163505627622047
4.369999999999741 -0.0012749587901985625
4.37999999999974 -0.0030134296088260687
4.3899999999997386 -0.00454423749783559
4.3999999999997375 -0.005176009153960782
4.409999999999736 -0.004773008364105039
4.419999999999735 -0.0035943935908036573
4.429999999999734 -0.002082410110595131
4.439999999999733 -0.0007874889641270016
4.449999999999732 -0.000288479226373859
4.459999999999731 -0.0009439035737808151
4.46999999999973 -0.002518391662959182
4.479999999999729 -0.004190690481630601
4.4899999999997275 -0.005119382577389574
4.499999999999726 -0.004938916689150697
4.509999999999725 -0.00381446644544321
4.519999999999724 -0.002238532838187888
4.529999999999723 -0.0008292265714804072
4.539999999999722 -0.00017958964213733722
4.549999999999721 -0.0006483523638263373
4.55999999999972 -0.0020867769900235348
4.569999999999719 -0.003803960934009798
4.579999999999718 -0.004964815499947806
4.5899999999997165 -0.005067852268088368
4.599999999999715 -0.004125314659817367
4.609999999999714 -0.002569372002158637
4.619999999999713 -0.001059925203741895
4.629999999999712 -0.0002745243808784634
4.639999999999711 -0.0006380373013852419
4.64999999999971 -0.0020386525341475185
4.659999999999709 -0.003803379040238879
4.669999999999708 -0.005088737853569874
4.679999999999707 -0.0053349192566746985
4.6899999999997055 -0.0044707803618872916
4.699999999999704 -0.0028752453369602824
4.709999999999703 -0.0012187131035286628
4.719999999999702 -0.00024106668944176554
4.729999999999701 -0.0004414389358540813
4.7399999999997 -0.001759072924421373
4.749999999999699 -0.003536404420375324
4.759999999999698 -0.004923915988583538
4.769999999999697 -0.005339202433460767
4.779999999999696 -0.004655326498385065
4.7899999999996945 -0.0031702722873996345
4.799999999999693 -0.0014950268285983121
4.809999999999692 -0.0003896260141848735
4.819999999999691 -0.0004581292065751785
4.82999999999969 -0.0017463349882701749
4.839999999999689 -0.0036051332365247897
4.849999999999688 -0.0051127663099452695
4.859999999999687 -0.005618623968989595
4.869999999999686 -0.004967806210000245
4.879999999999685 -0.0034564022432849823
4.8899999999996835 -0.0016878791118478014
4.899999999999682 -0.00041741125434324093
4.909999999999681 -0.0002826727758639101
4.91999999999968 -0.0014175245653211188
4.929999999999679 -0.0032473512960749878
4.939999999999678 -0.004844666938673705
4.949999999999677 -0.005507584238679166
4.959999999999676 -0.005026802577726146
4.969999999999675 -0.0036459430169507806
4.979999999999674 -0.001922675158925725
4.9899999999996725 -0.0005916885131148672
4.999999999999671 -0.0003300563961596386
5.00999999999967 -0.0013698874988623772
5.019999999999669 -0.0032151295609751406
5.029999999999668 -0.00492441407284962
5.039999999999667 -0.005718671151087872
5.049999999999666 -0.005318871157949966
5.059999999999665 -0.003943822310278227
5.069999999999664 -0.0021492325249532
5.079999999999663 -0.0006694208859835219
5.0899999999996615 -0.00019367906374835275
5.09999999999966 -0.001017343115216579
5.109999999999659 -0.002747454755943012
5.119999999999658 -0.0044968810260473824
5.129999999999657 -0.00545766971798661
5.139999999999656 -0.005278176635111749
5.149999999999655 -0.004091870329182303
5.159999999999654 -0.0023880571587343935
5.169999999999653 -0.0008731252975969847
5.1799999999996515 -0.00026957890055510523
5.1899999999996504 -0.0009658237436917234
5.199999999999649 -0.0026638671982359865
5.209999999999648 -0.004494686007097891
5.219999999999647 -0.0055933879853941595
5.229999999999646 -0.00553178260737766
5.239999999999645 -0.004396069705257953
5.249999999999644 -0.002656522953978912
5.259999999999643 -0.001012184295654993
5.269999999999642 -0.0001963233424280726
5.2799999999996405 -0.0006550277606701997
5.289999999999639 -0.0021941072591755155
5.299999999999638 -0.004016320920317991
5.309999999999637 -0.005246264210547115
5.319999999999636 -0.005396529537353396
5.329999999999635 -0.004472650196556364
5.339999999999634 -0.002869164840802554
5.349999999999633 -0.0012361927342881302
5.359999999999632 -0.00031570580463170203
5.369999999999631 -0.0006350712921893858
5.3799999999996295 -0.0021116043614663373
5.389999999999628 -0.003992993435651858
5.399999999999627 -0.005357106211478952
5.409999999999626 -0.005635623866055605
5.419999999999625 -0.0047788949484344236
5.429999999999624 -0.003161779665714604
5.439999999999623 -0.001425223527011618
5.449999999999622 -0.00031114976460791587
5.459999999999621 -0.00038589760794378945
5.46999999999962 -0.001666988611134271
5.4799999999996185 -0.003497424519122898
5.489999999999617 -0.0049644318715794675
5.499999999999616 -0.005443099979408379
5.509999999999615 -0.004803704206445332
5.519999999999614 -0.0033449363174876245
5.529999999999613 -0.001654641478403461
5.539999999999612 -0.00046679748594468854
5.549999999999611 -0.00040646074779350874
5.55999999999961 -0.0015995500513965209
5.569999999999609 -0.003460824834951607
5.5799999999996075 -0.0050538785843202375
5.589999999999606 -0.005673062280894828
5.599999999999605 -0.0051187056722950194
5.609999999999604 -0.003662072547492977
5.619999999999603 -0.0018851517079612424
5.629999999999602 -0.0005236274751848594
5.639999999999601 -0.00022771459763685437
5.6499999999996 -0.0012034359997363507
5.659999999999599 -0.002967955823520235
5.669999999999598 -0.00462207623069198
5.6799999999995965 -0.00541963611717185
5.689999999999595 -0.0050856069242673
5.699999999999594 -0.003809677819113249
5.709999999999593 -0.0021124560398184788
5.719999999999592 -0.0007082804276486116
5.729999999999591 -0.0002889073327686706
5.73999999999959 -0.0011590187999632549
5.749999999999589 -0.002922951037982496
5.759999999999588 -0.00468240027230458
5.769999999999587 -0.005622329758433047
5.7799999999995855 -0.00539160821084469
5.789999999999584 -0.004141261924909063
5.799999999999583 -0.0023809338985282037
5.809999999999582 -0.0008238049467642968
5.819999999999581 -0.00017855198673594308
5.82999999999958 -0.0008153097437313977
5.839999999999579 -0.002442024173902111
5.849999999999578 -0.00421942376118613
5.859999999999577 -0.005309177734778321
5.869999999999576 -0.005293769766108987
5.8799999999995745 -0.004242759728419031
5.889999999999573 -0.0025966101424341518
5.899999999999572 -0.0010315865303230842
5.909999999999571 -0.0002784602030505556
5.91999999999957 -0.0007946479721981521
5.929999999999569 -0.002389006706783196
5.939999999999568 -0.004248323462099635
5.949999999999567 -0.005477884900944555
5.959999999999566 -0.00558033878825568
5.9699999999995645 -0.004576513132617891
5.979999999999563 -0.002891952972591612
5.989999999999562 -0.0011989320095429981
5.999999999999561 -0.00023622664540059356
6.00999999999956 -0.00050996494777295
6.019999999999559 -0.0019291919657631455
6.029999999999558 -0.0037614107822933444
6.039999999999557 -0.005109011512834099
6.049999999999556 -0.005416300367507864
6.059999999999555 -0.004624368810578086
6.0699999999995535 -0.0030844474015094166
6.079999999999552 -0.001420165660927993
6.089999999999551 -0.0003728250384415497
6.09999999999955 -0.0005184522835448906
6.109999999999549 -0.0018729315618287068
6.119999999999548 -0.0037575805352455067
6.129999999999547 -0.005237424054560517
6.139999999999546 -0.005676366984617264
6.149999999999545 -0.0049543247690516596
6.159999999999544 -0.003400604858187098
6.1699999999995425 -0.0016330960921535837
6.179999999999541 -0.00039604622637543234
6.18999999999954 -0.0002989121267737215
6.199999999999539 -0.001447025692023281
6.209999999999538 -0.0032583455560563387
6.219999999999537 -0.004819695347187773
6.229999999999536 -0.005447342391977507
6.239999999999535 -0.004944651929387697
6.249999999999534 -0.003561859241153392
6.259999999999533 -0.0018588426013377856
6.2699999999995315 -0.0005653019821848583
6.27999999999953 -0.0003419474847744172
6.289999999999529 -0.0013980761400429562
6.299999999999528 -0.003228935465302014
6.309999999999527 -0.004907408887290834
6.319999999999526 -0.005674876044603021
6.329999999999525 -0.005263275882723615
6.339999999999524 -0.003891337454640599
6.349999999999523 -0.002110443874775778
6.359999999999522 -0.0006498737463251692
6.3699999999995205 -0.00019153578228928877
6.379999999999519 -0.001019232125802944
6.389999999999518 -0.0027325349939830434
6.399999999999517 -0.004451419378596238
6.409999999999516 -0.0053842068458784505
6.419999999999515 -0.005192104308642349
6.429999999999514 -0.004012314824057522
6.439999999999513 -0.002330455902513565
6.449999999999512 -0.0008457739664847874
6.459999999999511 -0.0002719645834172638
6.4699999999995095 -0.0009871895696378198
6.479999999999508 -0.0026861152352007566
6.489999999999507 -0.004500962716368842
6.499999999999506 -0.00557578753354765
6.509999999999505 -0.005493353980590578
6.519999999999504 -0.0043481417730997065
6.529999999999503 -0.00261356130267346
6.539999999999502 -0.0009860999739408286
6.549999999999501 -0.00019134365440320517
6.5599999999995 -0.0006652227506300761
6.5699999999994985 -0.002206441876964202
6.579999999999497 -0.004017798239363924
6.589999999999496 -0.0052289281673568245
6.599999999999495 -0.005359168344988667
6.609999999999494 -0.004421514835059527
6.619999999999493 -0.002817447696305144
6.629999999999492 -0.0012006000218783427
6.639999999999491 -0.00030916975102668884
6.64999999999949 -0.000658508298972987
6.6599999999994886 -0.002152302015805836
6.6699999999994874 -0.0040328676326130694
6.679999999999486 -0.005381677944055204
6.689999999999485 -0.005636953957058252
6.699999999999484 -0.00475681498737906
6.709999999999483 -0.00312487479016033
6.719999999999482 -0.0013901773308659065
6.729999999999481 -0.0002964838666405026
6.73999999999948 -0.0004006810346506669
6.749999999999479 -0.0017026891947424475
6.7599999999994775 -0.003534164211121126
6.769999999999476 -0.004984946553938358
6.779999999999475 -0.005439312592691206
6.789999999999474 -0.0047764317158295695
6.799999999999473 -0.003302858841101528
6.809999999999472 -0.001614298494804683
6.819999999999471 -0.0004490677327491949
6.82999999999947 -0.0004256526036843918
6.839999999999469 -0.001650452955778844
6.849999999999468 -0.003520142992391442
6.8599999999994665 -0.005097352175075762
6.869999999999465 -0.005687732497342512
6.879999999999464 -0.0051042469055728274
6.889999999999463 -0.0036274816302782854
6.899999999999462 -0.0018463647992220922
6.909999999999461 -0.0005005966991779175
6.91999999999946 -0.00023628725449846547
6.929999999999459 -0.0012429397532829332
6.939999999999458 -0.003018419317268557
6.949999999999457 -0.0046587371838721124
6.9599999999994555 -0.005428057241836793
6.969999999999454 -0.005065210254676569
6.979999999999453 -0.003770237325618183
6.989999999999452 -0.002070247993694532
6.999999999999451 -0.000683021869655118
7.00999999999945 -0.00029706190032880326
7.019999999999449 -0.0012021853333907945
7.029999999999448 -0.002982393836025199
7.039999999999447 -0.00473125724108575
7.049999999999446 -0.005642123854654835
7.0599999999994445 -0.005378725761381668
7.069999999999443 -0.004104804012643163
7.079999999999442 -0.0023376551659496916
7.089999999999441 -0.000793628436557812
7.09999999999944 -0.00017787753623432114
7.109999999999439 -0.0008471714582653735
7.119999999999438 -0.0024906690344806055
7.129999999999437 -0.004260136782580814
7.139999999999436 -0.005323820495051921
7.149999999999435 -0.005277841802816376
7.1599999999994335 -0.00420408229385648
7.169999999999432 -0.002551087340978215
7.179999999999431 -0.0009990231856474583
7.18999999999943 -0.0002760163034375923
7.199999999999429 -0.0008268325467947616
7.209999999999428 -0.0024411217912392318
7.219999999999427 -0.004295219934848105
7.229999999999426 -0.005499766406374789
7.239999999999425 -0.005570647420218327
7.249999999999424 -0.004541569737370584
7.2599999999994225 -0.0028466689871986064
7.269999999999421 -0.0011626106578885792
7.27999999999942 -0.0002262801379276554
7.289999999999419 -0.0005326451154566579
7.299999999999418 -0.001972615888842664
7.309999999999417 -0.003802377072886191
7.319999999999416 -0.005128146003646564
7.329999999999415 -0.005406456358782049
7.339999999999414 -0.004590369500290719
7.349999999999413 -0.003039520260280515
7.3599999999994115 -0.0013825954369097641
7.36999999999941 -0.0003606897339297429
7.379999999999409 -0.0005403404219238192
7.389999999999408 -0.0019191023154400725
7.399999999999407 -0.0038045717833712182
7.409999999999406 -0.005263744424650799
7.419999999999405 -0.005672536775435445
7.429999999999404 -0.004923833632035805
7.439999999999403 -0.0033560789834834355
7.4499999999994015 -0.0015924762703930983
7.4599999999994 -0.00037757069096191635
7.469999999999399 -0.0003127804679813333
7.479999999999398 -0.0014864803227553794
7.489999999999397 -0.0033019762891755185
7.499999999999396 -0.0048458880184377605
7.509999999999395 -0.005445446848961594
7.519999999999394 -0.0049165414009047365
7.529999999999393 -0.003518693773759956
7.539999999999392 -0.0018176219913869486
7.5499999999993905 -0.0005446361011133443
7.559999999999389 -0.0003540825188167762
7.569999999999388 -0.0014388901400559254
7.579999999999387 -0.0032776867783651203
7.589999999999386 -0.004940729227551732
7.599999999999385 -0.005679487330378991
7.609999999999384 -0.005239215053577057
7.619999999999383 -0.003849062247133933
7.629999999999382 -0.0020667772788867706
7.639999999999381 -0.0006236529330738776
7.6499999999993795 -0.0001962676481592945
7.659999999999378 -0.0010535398212421002
7.669999999999377 -0.002778151224031706
7.679999999999376 -0.00448528471381406
7.689999999999375 -0.005391856565491441
7.699999999999374 -0.005171744167388876
7.709999999999373 -0.003972612551574254
7.719999999999372 -0.00228703346741314
7.729999999999371 -0.000817558029364936
7.73999999999937 -0.00027426985584656983
7.7499999999993685 -0.001021430707156092
7.759999999999367 -0.0027353435500905763
7.769999999999366 -0.004540887905278201
7.779999999999365 -0.005589499920993606
7.789999999999364 -0.005477070505926304
7.799999999999363 -0.004309692771089629
7.809999999999362 -0.0025683002774216893
7.819999999999361 -0.0009530461762552832
7.82999999999936 -0.0001867196698334714
7.839999999999359 -0.0006928515636868695
7.8499999999993575 -0.0022520683026831
7.859999999999356 -0.004057900994232292
7.869999999999355 -0.005245607191035497
7.879999999999354 -0.005346985248020282
7.889999999999353 -0.00438647339765234
7.899999999999352 -0.002773457809772737
7.909999999999351 -0.0011662102542708786
7.91999999999935 -0.0003018221930887229
7.929999999999349 -0.0006847275683155576
7.939999999999348 -0.002199885984366516
7.9499999999993465 -0.004077780484030539
7.959999999999345 -0.005403808590405081
7.969999999999344 -0.005628726161265399
7.979999999999343 -0.004723262795151392
7.989999999999342 -0.003079627910486559
7.999999999999341 -0.0013517355417734917
8.009999999999344 -0.0002827516703098184
8.019999999999348 -0.00042007202903353964
8.029999999999351 -0.0017458685334871098
8.039999999999354 -0.003578557555323458
8.049999999999358 -0.0050097590021977315
8.059999999999361 -0.005435378577515343
8.069999999999364 -0.004746873979341769
8.079999999999368 -0.0032597270881046326
8.089999999999371 -0.0015752644878599844
8.099999999999374 -0.0004327088348187035
8.109999999999378 -0.00044271382525695475
8.119999999999381 -0.001694117656681835
8.129999999999384 -0.0035681503288522913
8.139999999999388 -0.005127107350677166
8.149999999999391 -0.005687813684338299
8.159999999999394 -0.005076504317341471
8.169999999999398 -0.0035836023843573367
8.179999999999401 -0.0018039415417997026
8.189999999999404 -0.0004784461226066687
8.199999999999408 -0.0002465196248290269
8.209999999999411 -0.001281467259064212
8.219999999999414 -0.003065032949309583
8.229999999999418 -0.004690671516704696
8.239999999999421 -0.005432469779206359
8.249999999999424 -0.005042005709486582
8.259999999999428 -0.0037293303718872197
8.269999999999431 -0.0020280833589471484
8.279999999999434 -0.0006586135501565307
8.289999999999438 -0.000304436108850291
8.299999999999441 -0.0012399925249087672
8.309999999999444 -0.003031504860744046
8.319999999999448 -0.0047676234401089765
8.329999999999451 -0.00565067511335157
8.339999999999455 -0.005357790568232482
8.349999999999458 -0.004063763668629343
8.359999999999461 -0.002292799654839045
8.369999999999465 -0.0007640648583599745
8.379999999999468 -0.0001785871175756584
8.389999999999471 -0.0008792729944282347
8.399999999999475 -0.002537514734243368
8.409999999999478 -0.004298074801540708
8.419999999999481 -0.0053365560616348085
8.429999999999485 -0.005261822896140811
8.439999999999488 -0.00416677767541991
8.449999999999491 -0.00250738956905807
8.459999999999495 -0.0009677840082201677
8.469999999999498 -0.0002736745886654985
8.479999999999501 -0.0008572594769271697
8.489999999999505 -0.002489441427069043
8.499999999999508 -0.004337073328412357
8.509999999999511 -0.005516737523356171
8.519999999999515 -0.005557333686196284
8.529999999999518 -0.004504705680622369
8.539999999999521 -0.0028009437335684392
8.549999999999525 -0.0011268761436216076
8.559999999999528 -0.00021757963142932424
8.569999999999531 -0.0005569294863450782
8.579999999999535 -0.0020177498509552777
8.589999999999538 -0.0038450383656650562
8.599999999999541 -0.005148963263114523
8.609999999999545 -0.005398255135545621
8.619999999999548 -0.004557875638227225
8.629999999999551 -0.002995840004314308
8.639999999999555 -0.0013459216116013342
8.649999999999558 -0.00034902995890137133
8.659999999999561 -0.0005621933839888328
8.669999999999565 -0.0019646656913921952
8.679999999999568 -0.003850505183785043
8.689999999999571 -0.005288795831482271
8.699999999999575 -0.005667466229723509
8.709999999999578 -0.00489235245980408
8.719999999999581 -0.0033110177245724644
8.729999999999585 -0.0015519716487303404
8.739999999999588 -0.00035997673114186723
8.749999999999591 -0.000328222283293462
8.759999999999595 -0.0015279392762446852
8.769999999999598 -0.003347785594438157
8.779999999999601 -0.004874244625809254
8.789999999999605 -0.005445487519608579
8.799999999999608 -0.0048899298908822875
8.809999999999611 -0.0034765150767409854
8.819999999999615 -0.001777010244022397
8.829999999999618 -0.0005244216511993798
8.839999999999621 -0.00036658080490503697
8.849999999999625 -0.0014797661594481946
8.859999999999628 -0.003325989913713103
8.869999999999632 -0.004973154751517307
8.879999999999635 -0.005683007391891762
8.889999999999638 -0.00521416426753873
8.899999999999642 -0.003806134511448871
8.909999999999645 -0.002023001273313883
8.919999999999648 -0.0005980245369958646
8.929999999999652 -0.00020227940686982595
8.939999999999655 -0.001089478806903458
8.949999999999658 -0.002825283898773898
8.959999999999662 -0.004520294684549771
8.969999999999665 -0.005400282095879912
8.979999999999668 -0.0051519126733934545
8.989999999999672 -0.003933328893888777
8.999999999999675 -0.0022440433970942666
9.009999999999678 -0.0007898569706053726
9.019999999999682 -0.0002770889549517523
9.029999999999685 -0.0010558606573029291
9.039999999999688 -0.002784090890369629
9.049999999999692 -0.004579643850962293
9.059999999999695 -0.005601661913837942
9.069999999999698 -0.00545932305721959
9.079999999999702 -0.004270274625433383
9.089999999999705 -0.0025228054236000716
9.099999999999708 -0.0009205186886718247
9.109999999999712 -0.0001831718822160615
9.119999999999715 -0.0007216689169641412
9.129999999999718 -0.002298555096800214
9.139999999999722 -0.0040983769032833135
9.149999999999725 -0.005262285364809176
9.159999999999728 -0.005334646748224841
9.169999999999732 -0.004351351734316696
9.179999999999735 -0.0027296469519378134
9.189999999999738 -0.0011323148807925686
9.199999999999742 -0.0002951002376718949
9.209999999999745 -0.0007112600210250328
9.219999999999748 -0.0022470469521204657
9.229999999999752 -0.004121522761794283
9.239999999999755 -0.0054243630783083864
9.249999999999758 -0.005618965849792746
9.259999999999762 -0.00468860840595598
9.269999999999765 -0.003033962774591725
9.279999999999768 -0.0013136397173048907
9.289999999999772 -0.00026995329641885503
9.299999999999775 -0.0004405179197948689
9.309999999999778 -0.0017897016547641733
9.319999999999782 -0.0036230309594805403
9.329999999999785 -0.00503427248077033
9.339999999999788 -0.005431049727441854
9.349999999999792 -0.004717050235451345
9.359999999999795 -0.003216613894164482
9.369999999999798 -0.0015366169680019308
9.379999999999802 -0.0004170013554243912
9.389999999999805 -0.0004602999122883176
9.399999999999809 -0.001737671759332206
9.409999999999812 -0.0036152639935573896
9.419999999999815 -0.005155493209954848
9.429999999999819 -0.005686507535169133
9.439999999999822 -0.005047736598449688
9.449999999999825 -0.003539277553087766
9.459999999999829 -0.0017617386560896996
9.469999999999832 -0.00045708816314309335
9.479999999999835 -0.00025776837785586857
9.489999999999839 -0.0013207189307662503
9.499999999999842 -0.003111795952939008
9.509999999999845 -0.0047223080655927705
9.519999999999849 -0.005436438934125675
9.529999999999852 -0.005018467859035984
9.539999999999855 -0.003688358142441645
9.549999999999859 -0.0019862121891089175
9.559999999999862 -0.0006348242808177473
9.569999999999865 -0.0003124866291004119
9.579999999999869 -0.0012780537284830767
9.589999999999872 -0.0030801545208276318
9.599999999999875 -0.004802966316301415
9.609999999999879 -0.005658032673282162
9.619999999999882 -0.0053358789842901065
9.629999999999885 -0.004022212658133343
9.639999999999889 -0.002248024615415032
9.649999999999892 -0.0007351490983215961
9.659999999999895 -0.00018026965850030045
9.669999999999899 -0.000912206553636963
9.679999999999902 -0.0025846782825398517
9.689999999999905 -0.0043358231395186995
9.699999999999909 -0.005348854357086666
9.709999999999912 -0.005245393247936929
9.719999999999915 -0.004129284990425421
9.729999999999919 -0.002463854609978315
9.739999999999922 -0.000937085944724808
9.749999999999925 -0.0002720727174587544
9.759999999999929 -0.0008881914453945745
9.769999999999932 -0.002537639572974444
9.779999999999935 -0.004378191667306264
9.789999999999939 -0.005532679764925769
9.799999999999942 -0.0055430738303254715
9.809999999999945 -0.0044672556712666905
9.819999999999949 -0.0027551552287700997
9.829999999999952 -0.0010916391422701925
9.839999999999955 -0.00020977856808221612
9.849999999999959 -0.0005821047015086894
9.859999999999962 -0.0020633280366500126
9.869999999999965 -0.0038875937539908484
9.879999999999969 -0.005169341602642467
9.889999999999972 -0.005389568408342925
9.899999999999975 -0.004525074973296975
9.909999999999979 -0.002952184500533679
9.919999999999982 -0.001309678899208235
9.929999999999986 -0.0003381056044787005
9.939999999999989 -0.0005847149173052878
9.949999999999992 -0.002010370709288813
9.959999999999996 -0.0038959275216039623
9.969999999999999 -0.005312933519987604
9.980000000000002 -0.005661449891511955
9.990000000000006 -0.004860202802581423
10.000000000000009 -0.003265754792602009
10.010000000000012 -0.001511814180179593
10.020000000000016 -0.0003431872382792925
10.030000000000019 -0.0003445826039066152
10.040000000000022 -0.0015699555300292929
10.050000000000026 -0.003393573567110973
10.060000000000029 -0.0049021585660640795
10.070000000000032 -0.005444963148933597
10.080000000000036 -0.004862892113523717
10.090000000000039 -0.003434225947572207
10.100000000000042 -0.0017367087016251135
10.110000000000046 -0.0005048939806883194
10.120000000000049 -0.0003798430670198445
10.130000000000052 -0.0015209997493010373
10.140000000000056 -0.0033739908677491567
10.150000000000059 -0.0050047815504306896
10.160000000000062 -0.0056855872057698376
10.170000000000066 -0.005188369612238376
10.180000000000069 -0.00376287743410121
10.190000000000072 -0.0019794266099671114
10.200000000000076 -0.0005730913219781439
10.210000000000079 -0.00020920857143303284
10.220000000000082 -0.001126082152433903
10.230000000000086 -0.002872508472343697
10.240000000000089 -0.004554898219103788
10.250000000000092 -0.005408095427001809
10.260000000000096 -0.0051315520900881454
10.270000000000099 -0.003893803336454309
10.280000000000102 -0.002201229915648764
10.290000000000106 -0.0007627590821566064
10.300000000000109 -0.00028071420217229534
10.310000000000112 -0.0010908310472681055
10.320000000000116 -0.002832750165052421
10.330000000000119 -0.004617739977739046
10.340000000000122 -0.005612916907689827
10.350000000000126 -0.005440775845673247
10.360000000000129 -0.0042304119841280316
10.370000000000132 -0.0024773663545244002
10.380000000000136 -0.0008885617110016241
10.39000000000014 -0.0001805116615695809
10.400000000000142 -0.0007512475165924664
10.410000000000146 -0.002345272625846741
10.42000000000015 -0.004138524404449873
10.430000000000152 -0.005278342589908443
10.440000000000156 -0.005321703089736294
10.45000000000016 -0.0043158722865667505
10.460000000000163 -0.002685877814412285
10.470000000000166 -0.0010989138693512366
10.48000000000017 -0.00028917745863102026
10.490000000000173 -0.000738477232048391
10.500000000000176 -0.002294334936961818
10.51000000000018 -0.004164768049083034
10.520000000000183 -0.005444072393759193
10.530000000000186 -0.005608372066717
10.54000000000019 -0.004653411700878769
10.550000000000193 -0.002988215206072214
10.560000000000196 -0.001275980101413355
10.5700000000002 -0.0002579826009358661
10.580000000000203 -0.0004617990472171791
10.590000000000206 -0.0018339182679926503
10.60000000000021 -0.003667291969715027
10.610000000000213 -0.005058192117681496
10.620000000000216 -0.0054260634888783806
10.63000000000022 -0.004686766331310484
10.640000000000223 -0.0031734104087445124
10.650000000000226 -0.001498338988132977
10.66000000000023 -0.0004020441539141521
10.670000000000233 -0.0004786696669649769
10.680000000000236 -0.0017815579894941108
10.69000000000024 -0.0036620635855791317
10.700000000000243 -0.005183122032102507
10.710000000000246 -0.0056843540840395435
10.72000000000025 -0.005018341465094005
10.730000000000253 -0.0034947389762767143
10.740000000000256 -0.0017198319883877653
10.75000000000026 -0.00043647151488636647
10.760000000000263 -0.00026989292328169213
10.770000000000266 -0.0013605026210917143
10.78000000000027 -0.0031584893779150695
10.790000000000273 -0.004753409997062444
10.800000000000276 -0.005439722529705273
10.81000000000028 -0.004994381039762476
10.820000000000283 -0.0036471694436285887
10.830000000000286 -0.0019445767178874107
10.84000000000029 -0.0006117031524336243
10.850000000000293 -0.00032137064744976906
10.860000000000296 -0.0013166280168185741
10.8700000000003 -0.003128683952184803
10.880000000000303 -0.004837663623322137
10.890000000000306 -0.00566455118493141
10.90000000000031 -0.005313268840507564
10.910000000000313 -0.003980325741526541
10.920000000000316 -0.0022034035476888466
10.93000000000032 -0.0007068669321313138
10.940000000000323 -0.0001828314423576245
10.950000000000326 -0.0009458032383178404
10.96000000000033 -0.0026319316847305376
10.970000000000333 -0.0043731252705160924
10.980000000000336 -0.005360464068145648
10.99000000000034 -0.005228341197095857
11.000000000000343 -0.004091458490007802
11.010000000000346 -0.002420418070409638
11.02000000000035 -0.0009069492009680862
11.030000000000353 -0.00027130745489541456
11.040000000000356 -0.0009197847641330691
11.05000000000036 -0.002585915454232421
11.060000000000363 -0.004418797783626987
11.070000000000366 -0.0055478148424900516
11.08000000000037 -0.0055280597447060886
11.090000000000373 -0.004429358688413709
11.100000000000376 -0.00270937993001088
11.11000000000038 -0.0010569125627556556
11.120000000000383 -0.00020282401421731908
11.130000000000386 -0.0006080469588622862
11.14000000000039 -0.0021091628711680625
11.150000000000393 -0.003929818915056017
11.160000000000396 -0.005189055075183525
11.1700000000004 -0.005380203747398225
11.180000000000403 -0.004491834421350919
11.190000000000406 -0.002908491867143677
11.20000000000041 -0.0012738740670904278
11.210000000000413 -0.00032797945907983957
11.220000000000416 -0.0006080064561153283
11.23000000000042 -0.002056347522961805
11.240000000000423 -0.003940992211547323
11.250000000000426 -0.005336321828375373
11.26000000000043 -0.005654642354364779
11.270000000000433 -0.004827507564017831
11.280000000000436 -0.003220368888241838
11.29000000000044 -0.0014720337473922696
11.300000000000443 -0.00032717927921040526
11.310000000000446 -0.00036177952117737573
11.32000000000045 -0.0016123925372495238
11.330000000000453 -0.003439172273807097
11.340000000000456 -0.004929459773914356
11.35000000000046 -0.005443726396357893
11.360000000000463 -0.00483532133075187
11.370000000000466 -0.0033917695302258144
11.38000000000047 -0.001696711450142034
11.390000000000473 -0.00048609170168455586
11.400000000000476 -0.00039394018949551966
11.41000000000048 -0.0015626855935654306
11.420000000000483 -0.003421806951944451
11.430000000000486 -0.005035743441070416
11.44000000000049 -0.0056873610785456875
11.450000000000493 -0.005161944588133695
11.460000000000496 -0.003719368709260281
11.4700000000005 -0.0019360899400574063
11.480000000000503 -0.0005488480402942442
11.490000000000506 -0.00021700534978558205
11.50000000000051 -0.0011632567651608694
11.510000000000513 -0.002919704127811924
11.520000000000516 -0.004588969882145374
11.53000000000052 -0.005415185818567931
11.540000000000523 -0.0051105802483607955
11.550000000000527 -0.003853988964711499
11.56000000000053 -0.0021585826582231366
11.570000000000533 -0.0007362871166843031
11.580000000000537 -0.0002851943861116858
11.59000000000054 -0.0011264103609188976
11.600000000000543 -0.002881409783449894
11.610000000000547 -0.004655281924924138
11.62000000000055 -0.00562337628037292
11.630000000000553 -0.00542152889198519
11.640000000000557 -0.004190178924043327
11.65000000000056 -0.0024320246533181614
11.660000000000563 -0.0008571827253024116
11.670000000000567 -0.00017871100310757948
11.68000000000057 -0.0007815240512977354
11.690000000000573 -0.0023921329870425175
11.700000000000577 -0.0041782488209640405
11.71000000000058 -0.005293692122354457
11.720000000000583 -0.00530808669247057
11.730000000000587 -0.004279993281141973
11.74000000000059 -0.0026421370867691437
11.750000000000593 -0.0010660202434397581
11.760000000000597 -0.00028408751065422787
11.7700000000006 -0.0007664270432838665
11.780000000000603 -0.00234181253799603
11.790000000000607 -0.004207594680657764
11.80000000000061 -0.005463023265702255
11.810000000000613 -0.00559702688614307
11.820000000000617 -0.004617737406832944
11.83000000000062 -0.002942426467003899
11.840000000000623 -0.0012387722692944884
11.850000000000627 -0.0002468271737483323
11.86000000000063 -0.0004838723248983361
11.870000000000633 -0.0018784509359878482
11.880000000000637 -0.0037112643046938267
11.89000000000064 -0.005081446369144855
11.900000000000643 -0.005420362284376918
11.910000000000647 -0.004655984504057764
11.92000000000065 -0.003130101731677419
11.930000000000653 -0.0014604375329287796
11.940000000000657 -0.0003878609379547164
11.95000000000066 -0.0004978558562046285
11.960000000000663 -0.001825816991391536
11.970000000000667 -0.0037086019847722795
11.98000000000067 -0.005210057178250114
11.990000000000673 -0.0056814183619337075
12.000000000000677 -0.004988374489518072
12.01000000000068 -0.003450026081303912
12.020000000000683 -0.0016782419490370085
12.030000000000687 -0.0004165948269204598
12.04000000000069 -0.0002828656699113176
12.050000000000693 -0.0014007663749330587
12.060000000000697 -0.003205049883322461
12.0700000000007 -0.004783916482821038
12.080000000000704 -0.0054422708285047465
12.090000000000707 -0.004969711722839668
12.10000000000071 -0.003605749389009946
12.110000000000714 -0.001903180352986276
12.120000000000717 -0.0005892674824534693
12.13000000000072 -0.0003311116482404482
12.140000000000724 -0.0013557413403857733
12.150000000000727 -0.0031771267432379674
12.16000000000073 -0.0048717594266068686
12.170000000000734 -0.005670280463802424
12.180000000000737 -0.005290006940941771
12.19000000000074 -0.003938139626370477
12.200000000000744 -0.0021589596109142925
12.210000000000747 -0.0006792248138178271
12.22000000000075 -0.00018625713739991767
12.230000000000754 -0.000980024293044254
12.240000000000757 -0.0026792227011241767
12.25000000000076 -0.004409929400130317
12.260000000000764 -0.0053713423975927715
12.270000000000767 -0.005210637548728928
12.28000000000077 -0.004053284375873935
12.290000000000774 -0.002377081569729709
12.300000000000777 -0.0008773871609907304
12.31000000000078 -0.00027139678937031144
12.320000000000784 -0.000952056277351826
12.330000000000787 -0.0026342890932117475
12.34000000000079 -0.00445892100908491
12.350000000000794 -0.005562180103461734
12.360000000000797 -0.00551233035937463
12.3700000000008 -0.004391048120997113
12.380000000000804 -0.002663641966902124
12.390000000000807 -0.0010227080249816049
12.40000000000081 -0.00019671014416589678
12.410000000000814 -0.0006347288740788249
12.420000000000817 -0.002155211924590608
12.43000000000082 -0.003971669797167158
12.440000000000824 -0.0052080670507256175
12.450000000000827 -0.0053701360769204814
12.46000000000083 -0.004458141686430664
12.470000000000834 -0.0028647627345174662
12.480000000000837 -0.0012385179363605078
12.49000000000084 -0.0003186663565042144
12.500000000000844 -0.0006320797742277354
12.510000000000847 -0.0021026069084520726
12.52000000000085 -0.003985717011785395
12.530000000000854 -0.005358987487565213
12.540000000000857 -0.005647075178239303
12.55000000000086 -0.004794296480904616
12.560000000000864 -0.0031748838830360448
12.570000000000867 -0.0014326451798092439
12.58000000000087 -0.0003119541322350674
12.590000000000874 -0.0003797952456206786
12.600000000000877 -0.0016552163141435939
12.61000000000088 -0.0034845437681021575
12.620000000000884 -0.004956116366652913
12.630000000000887 -0.005441755526589335
12.64000000000089 -0.004807206872903128
12.650000000000894 -0.003349146102579934
12.660000000000897 -0.0016570277551067683
12.6700000000009 -0.0004680278677810995
12.680000000000904 -0.00040888152164542444
12.690000000000907 -0.0016048285313783146
12.70000000000091 -0.003469446794572694
12.710000000000914 -0.005066057899275913
12.720000000000917 -0.005688353420433899
12.73000000000092 -0.005134914961383055
12.740000000000924 -0.0036756310397529036
12.750000000000927 -0.0018930078928509131
12.76000000000093 -0.0005253011230596517
12.770000000000934 -0.00022565996735617627
12.780000000000937 -0.0012009760941278042
12.79000000000094 -0.0029668378121292995
12.800000000000944 -0.004622481150264823
12.810000000000947 -0.005421533852455862
12.82000000000095 -0.0050889877435014875
12.830000000000954 -0.003813885880273107
12.840000000000957 -0.002116109885132112
12.85000000000096 -0.0007104531599840751
12.860000000000964 -0.00029053815607523034
12.870000000000967 -0.001162600179989575
12.88000000000097 -0.00293007142435376
12.890000000000974 -0.004692279129515008
12.900000000000977 -0.005633057595786719
12.91000000000098 -0.005401603770761828
12.920000000000984 -0.0041495963273129755
12.930000000000987 -0.002386797676199178
12.94000000000099 -0.0008263917612054461
12.950000000000994 -0.00017776672213829203
12.960000000000997 -0.0008124786759814024
12.970000000001 -0.002439107268265911
12.980000000001004 -0.004217523868847785
12.990000000001007 -0.005308316000106708
13.00000000000101 -0.005293789017908015
13.010000000001014 -0.0042437147339264665
13.020000000001017 -0.00259843230706914
13.03000000000102 -0.0010336455440032853
13.040000000001024 -0.00027983933254885807
13.050000000001027 -0.0007951099603158287
13.06000000000103 -0.0023894766144248146
13.070000000001034 -0.004250005263002484
13.080000000001037 -0.005481226896063732
13.09000000000104 -0.0055849475991233645
13.100000000001044 -0.004581604220038961
13.110000000001047 -0.002896613823685297
13.12000000000105 -0.0012020286057289953
13.130000000001054 -0.00023648910583085297
13.140000000001058 -0.0005067241394458128
13.15000000000106 -0.0019232746638712516
13.160000000001064 -0.0037549232103396015
13.170000000001068 -0.0051040180119158885
13.18000000000107 -0.00541393797312735
13.190000000001074 -0.004624704686968878
13.200000000001078 -0.003086694802143754
13.21000000000108 -0.0014229237891010584
13.220000000001084 -0.0003744613733250217
13.230000000001088 -0.0005178595531329665
13.240000000001091 -0.001870442877652665
13.250000000001094 -0.0037548762387786894
13.260000000001098 -0.005236304085772362
13.270000000001101 -0.005677713333513673
13.280000000001104 -0.004957851987436968
13.290000000001108 -0.003405155448947589
13.300000000001111 -0.0016369823294163327
13.310000000001114 -0.0003974642505919389
13.320000000001118 -0.00029667876650585914
13.330000000001121 -0.0014414891975055263
13.340000000001124 -0.0032514539512876334
13.350000000001128 -0.004813810480399371
13.360000000001131 -0.005444075619775761
13.370000000001134 -0.0049444596647601645
13.380000000001138 -0.003564104344364272
13.390000000001141 -0.0018620339699907194
13.400000000001144 -0.0005675277363007368
13.410000000001148 -0.0003417123135401696
13.420000000001151 -0.0013953869381837574
13.430000000001154 -0.0032254757274150668
13.440000000001158 -0.004905254046602769
13.450000000001161 -0.005675229175859335
13.460000000001164 -0.005266107078728106
13.470000000001168 -0.0038956697641373828
13.480000000001171 -0.0021147072545141614
13.490000000001174 -0.0006522318676664624
13.500000000001178 -0.00019054407344733544
13.510000000001181 -0.0010148529414678888
13.520000000001184 -0.0027265291045625514
13.530000000001188 -0.004446218241756991
13.540000000001191 -0.005381480630008745
13.550000000001194 -0.005192281678553513
13.560000000001198 -0.004014768412669437
13.570000000001201 -0.002333855613062551
13.580000000001204 -0.0008484109605155376
13.590000000001208 -0.0002723454925323477
13.600000000001211 -0.000984999922178275
13.610000000001214 -0.002682750507339632
13.620000000001218 -0.0044985571850158345
13.630000000001221 -0.005575780022996989
13.640000000001224 -0.005495896790477469
13.650000000001228 -0.004352337997589684
13.660000000001231 -0.0026179558548274583
13.670000000001234 -0.0009890367037157636
13.680000000001238 -0.00019143874744118817
13.690000000001241 -0.0006621381085241868
13.700000000001245 -0.00220145458875265
13.710000000001248 -0.004013128614697913
13.720000000001251 -0.005226367929061898
13.730000000001255 -0.005359364093699121
13.740000000001258 -0.004424001877817156
13.750000000001261 -0.002821007121859122
13.760000000001265 -0.0012036220965279609
13.770000000001268 -0.0003101731964357352
13.780000000001271 -0.0006569307117567555
13.790000000001275 -0.0021491375010001
13.800000000001278 -0.004030093958618861
13.810000000001281 -0.00538093097338183
13.820000000001285 -0.005638756610143085
13.830000000001288 -0.004760581966336291
13.840000000001291 -0.0031293138783266413
13.850000000001295 -0.0013936609514461765
13.860000000001298 -0.0002975172339148357
13.870000000001301 -0.0003986219835206958
13.880000000001305 -0.0016984083858922762
13.890000000001308 -0.0035296697472466426
13.900000000001311 -0.004982117548132729
13.910000000001315 -0.005439048211958742
13.920000000001318 -0.00477855310076324
13.930000000001321 -0.0033063650589969995
13.940000000001325 -0.0016176694138329978
13.950000000001328 -0.00045071125638861386
13.960000000001331 -0.0004246655830528809
13.970000000001335 -0.0016474172112305725
13.980000000001338 -0.0035168994061092417
13.990000000001341 -0.005095721660632456
14.000000000001345 -0.005688569427183856
14.010000000001348 -0.00510729138255053
14.020000000001351 -0.0036316777340094234
14.030000000001355 -0.0018501936374255277
14.040000000001358 -0.0005024588252670074
14.050000000001361 -0.00023516907636576888
14.060000000001365 -0.0012392243961471302
14.070000000001368 -0.0030138909617610644
14.080000000001371 -0.004655419807743865
14.090000000001375 -0.005427135849540794
14.100000000001378 -0.005066778038514791
14.110000000001381 -0.003773502720889019
14.120000000001385 -0.0020738233459165587
14.130000000001388 -0.0006852674709902593
14.140000000001391 -0.00029674704194390666
14.150000000001395 -0.001199390437851285
14.160000000001398 -0.002978722008806101
14.170000000001401 -0.0047287248952198515
14.180000000001405 -0.005641962884005597
14.190000000001408 -0.005381009204033114
14.200000000001411 -0.004108676430743744
14.210000000001415 -0.0023416987901210746
14.220000000001418 -0.00079619911928701
14.230000000001422 -0.0001776795775569049
14.240000000001425 -0.0008440989597781093
14.250000000001428 -0.0024861771584534027
14.260000000001432 -0.004256335811035033
14.270000000001435 -0.005322208921837412
14.280000000001438 -0.005278812412070924
14.290000000001442 -0.004207044416414163
14.300000000001445 -0.002554774924477895
14.310000000001448 -0.0010018010763869784
14.320000000001452 -0.00027643739790405875
14.330000000001455 -0.0008245182534688637
14.340000000001458 -0.0024373130810853897
14.350000000001462 -0.004291990040257895
14.360000000001465 -0.005498682134314593
14.370000000001468 -0.005572140780724834
14.380000000001472 -0.004545023116531758
14.390000000001475 -0.0028507904209323213
14.400000000001478 -0.0011657607870310261
14.410000000001482 -0.00022697271914367477
14.420000000001485 -0.0005303458271246936
14.430000000001488 -0.0019683720905162103
14.440000000001492 -0.0037982535028789942
14.450000000001495 -0.005125899919122946
14.460000000001498 -0.005406791512163417
14.470000000001502 -0.004592933686201885
14.480000000001505 -0.0030432005326629418
14.490000000001508 -0.0013858096934757538
14.500000000001512 -0.00036185252351138313
14.510000000001515 -0.0005386761050363273
14.520000000001518 -0.0019154217167505875
14.530000000001522 -0.0038008740199983277
14.540000000001525 -0.005261858501379584
14.550000000001528 -0.005673243176557851
14.560000000001532 -0.0049267835349532
14.570000000001535 -0.003360139647717838
14.580000000001538 -0.0015960656244872892
14.590000000001542 -0.00037908700628047485
14.600000000001545 -0.0003113275452549466
14.610000000001548 -0.0014826554621138605
14.620000000001552 -0.003297685251054135
14.630000000001555 -0.00484308290145126
14.640000000001558 -0.005445136193265376
14.650000000001562 -0.004918630587907011
14.660000000001565 -0.0035222444822163856
14.670000000001568 -0.0018211497608112152
14.680000000001572 -0.0005464930579648655
14.690000000001575 -0.0003531714297488663
14.700000000001578 -0.0014355521704795264
14.710000000001582 -0.0032737166667301002
14.720000000001585 -0.004938140274352521
14.730000000001588 -0.00567939888012136
14.740000000001592 -0.005241577283043699
14.750000000001595 -0.0038529278645824333
14.760000000001599 -0.002070659327499488
14.770000000001602 -0.0006258975204760702
14.780000000001605 -0.00019569152311890424
14.790000000001609 -0.0010502760663252922
14.800000000001612 -0.002773833956076614
14.810000000001615 -0.0044819806937600095
14.820000000001619 -0.005390876149303879
14.830000000001622 -0.00517327805601909
14.840000000001625 -0.003975919873294397
14.850000000001629 -0.0022907523079759144
14.860000000001632 -0.0008200312723956553
14.870000000001635 -0.0002741557704113082
14.880000000001639 -0.0010186053649646947
14.890000000001642 -0.002731284402776027
14.900000000001645 -0.00453769635880126
14.910000000001649 -0.005588613403618721
14.920000000001652 -0.00547876531772653
14.930000000001655 -0.004313238963580784
14.940000000001659 -0.0025723343967843696
14.950000000001662 -0.0009559095882115718
14.960000000001665 -0.00018701270847169032
14.970000000001669 -0.0006902647225181366
14.980000000001672 -0.0022478740526737273
14.990000000001675 -0.004054182328676156
15.000000000001679 -0.005243953011342185
15.010000000001682 -0.005347890786939024
15.020000000001685 -0.00438942324749185
15.030000000001689 -0.0027772367500685396
15.040000000001692 -0.0011691982285227532
15.050000000001695 -0.0003025052728256101
15.060000000001699 -0.0006825520291393088
15.070000000001702 -0.002195923953998996
15.080000000001705 -0.004074110667809955
15.090000000001709 -0.005402148295732307
15.100000000001712 -0.005629690918703891
15.110000000001715 -0.004726373455612696
15.120000000001719 -0.003083671281006214
15.130000000001722 -0.0013550930575424141
15.140000000001725 -0.0002838745514659862
15.150000000001729 -0.00041825343501010915
15.160000000001732 -0.001741952920622034
15.170000000001735 -0.003574535494940088
15.180000000001739 -0.005007456422406963
15.190000000001742 -0.005435605704946576
15.200000000001745 -0.004749367135395913
15.210000000001749 -0.003263437475584812
15.220000000001752 -0.0015786486545679075
15.230000000001755 -0.000434149721855971
15.240000000001759 -0.0004412886994023799
15.250000000001762 -0.0016904372948234765
15.260000000001765 -0.003564150443469835
15.270000000001769 -0.0051247279928398745
15.280000000001772 -0.005688011083724512
15.290000000001776 -0.005079081945223554
15.300000000001779 -0.0035875205062046874
15.310000000001782 -0.0018076597067436184
15.320000000001786 -0.00048032956777179663
15.330000000001789 -0.0002455301940355663
15.340000000001792 -0.0012779876911984686
15.350000000001796 -0.003060847665969481
15.360000000001799 -0.004687776713686721
15.370000000001802 -0.005431991087780761
15.380000000001806 -0.005043956986927325
15.390000000001809 -0.003732849712805727
15.400000000001812 -0.002031735414099952
15.410000000001816 -0.000660739860901158
15.420000000001819 -0.0003038210418216992
15.430000000001822 -0.0012367688185608817
15.440000000001826 -0.003027345913307468
15.450000000001829 -0.004764609867570262
15.460000000001832 -0.005650091629483328
15.470000000001836 -0.0053597517718163255
15.480000000001839 -0.004067430024614307
15.490000000001842 -0.002296740663450396
15.500000000001846 -0.0007666150389732013
15.510000000001849 -0.00017845077323772014
15.520000000001852 -0.000876373576267118
15.530000000001856 -0.002533326249148179
15.540000000001859 -0.004294673308611275
15.550000000001862 -0.005335368006584287
15.560000000001866 -0.0052631612711656105
15.570000000001869 -0.0041699915534329545
15.580000000001872 -0.0025111771062154013
15.590000000001876 -0.0009704980196293769
15.600000000001879 -0.0002738851455248788
15.610000000001882 -0.0008546424898726777
15.620000000001886 -0.002485305906652348
15.630000000001889 -0.00433353723917925
15.640000000001892 -0.0055153858451298665
15.650000000001896 -0.0055586112570579806
15.660000000001899 -0.004508003797191999
15.670000000001902 -0.0028049687062434987
15.680000000001906 -0.0011299802950562679
15.690000000001909 -0.0002182825130801795
15.700000000001912 -0.0005547293497746386
15.710000000001916 -0.0020137271579769777
15.720000000001919 -0.003841241838956487
15.730000000001922 -0.005147086928779003
15.740000000001926 -0.005398925604268991
15.75000000000193 -0.00456067960854329
15.760000000001932 -0.0029996305823571205
15.770000000001936 -0.0013491072664453998
15.78000000000194 -0.0003500407889022092
15.790000000001942 -0.0005602995666015342
15.800000000001946 -0.001960738064372471
15.81000000000195 -0.003846581473701683
15.820000000001953 -0.00528671464948134
15.830000000001956 -0.005668010677899505
15.84000000000196 -0.004895177614748101
15.850000000001963 -0.003314990590761556
15.860000000001966 -0.0015555040656550045
15.87000000000197 -0.00036147033076467235
15.880000000001973 -0.0003268076323778169
15.890000000001976 -0.0015242503721856974
15.90000000000198 -0.0033437288277022833
15.910000000001983 -0.004871726241127412
15.920000000001986 -0.005445453315772883
15.93000000000199 -0.004892231362889638
15.940000000001993 -0.0034801807073362207
15.950000000001996 -0.0017805401323952414
15.960000000002 -0.0005261722025100879
15.970000000002003 -0.0003654868091788411
15.980000000002006 -0.0014762231949356937
15.99000000000201 -0.003321834155148656
16.00000000000201 -0.004970409752612144
16.010000000002005 -0.00568279005766599
16.020000000002 -0.005216424674333967
16.030000000001994 -0.0038099250469757705
16.04000000000199 -0.002026828390836868
16.050000000001983 -0.0006002311253162566
16.060000000001978 -0.00020169883972179234
16.070000000001972 -0.0010862810145589189
16.080000000001966 -0.00282112130191385
16.09000000000196 -0.004517206919750374
16.100000000001955 -0.00539952758159008
16.11000000000195 -0.005153632158463344
16.120000000001944 -0.003936748721768878
16.13000000000194 -0.002247784054826566
16.140000000001933 -0.0007922585782068011
16.150000000001928 -0.0002768291100394221
16.160000000001922 -0.001052861292835562
16.170000000001917 -0.0027798745671834277
16.18000000000191 -0.004576327723846293
16.190000000001906 -0.005600678233670553
16.2000000000019 -0.005460941494455709
16.210000000001894 -0.004273761149674226
16.22000000000189 -0.00252679011391547
16.230000000001883 -0.0009233375490224875
16.240000000001878 -0.00018343486890724347
16.250000000001872 -0.0007190989675752968
16.260000000001867 -0.0022944541621432797
16.27000000000186 -0.004094818896089143
16.280000000001856 -0.005260818638245898
16.29000000000185 -0.005335720030254632
16.300000000001845 -0.004354414683379538
16.31000000000184 -0.002733463673863472
16.320000000001833 -0.0011352579606102072
16.330000000001828 -0.0002956673680838004
16.340000000001822 -0.0007089356757229764
16.350000000001817 -0.002242950166455952
16.36000000000181 -0.004117754121587288
16.370000000001806 -0.005422634866226343
16.3800000000018 -0.0056198818192046305
16.390000000001795 -0.004691679950025713
16.40000000000179 -0.00303796824193475
16.410000000001784 -0.0013169533581178872
16.420000000001778 -0.0002710319491182282
16.430000000001773 -0.0004386833008792119
16.440000000001767 -0.0017858344699372833
16.45000000000176 -0.0036191270560302653
16.460000000001756 -0.005032126960405543
16.47000000000175 -0.0054314300348201365
16.480000000001745 -0.004719656675328967
16.49000000000174 -0.003220374777909358
16.500000000001734 -0.0015399777479049802
16.510000000001728 -0.0004183507744874751
16.520000000001723 -0.00045874652344235945
16.530000000001717 -0.0017338737920060102
16.54000000000171 -0.0036111850812693704
16.550000000001706 -0.0051530697380138355
16.5600000000017 -0.0056866799769553075
16.570000000001695 -0.005050294393106798
16.58000000000169 -0.0035431708507249757
16.590000000001684 -0.001765418500842318
16.60000000000168 -0.00045892164871312943
16.610000000001673 -0.0002567407202753059
16.620000000001667 -0.0013172521600191827
16.63000000000166 -0.0031076925638622147
16.640000000001656 -0.0047195434469568445
16.65000000000165 -0.005436099527028724
16.660000000001645 -0.005020530966171878
16.67000000000164 -0.003691937429690699
16.680000000001634 -0.0019898585697436066
16.69000000000163 -0.0006368799288775
16.700000000001623 -0.00031175960532443955
16.710000000001617 -0.0012747224171590402
16.720000000001612 -0.003075927121144452
16.730000000001606 -0.004799924400368376
16.7400000000016 -0.005657443049802262
16.750000000001595 -0.005337837791827213
16.76000000000159 -0.004025867719142423
16.770000000001584 -0.0022519358470561596
16.78000000000158 -0.0007376496402417553
16.790000000001573 -0.0001800813376414476
16.800000000001567 -0.0009092911852257541
16.810000000001562 -0.002580538489031056
16.820000000001556 -0.0043325256132390605
16.83000000000155 -0.005347790971042036
16.840000000001545 -0.005246840470961432
16.85000000000154 -0.0041325657038703625
16.860000000001534 -0.002467651168587106
16.87000000000153 -0.0009397474415966315
16.880000000001523 -0.00027218558279049374
16.890000000001518 -0.0008854726906292166
16.900000000001512 -0.0025334387053056622
16.910000000001506 -0.004374634891125931
16.9200000000015 -0.005531334731422911
16.930000000001495 -0.005544363680845171
16.94000000000149 -0.004470555822743352
16.950000000001484 -0.0027591610336331154
16.96000000000148 -0.0010946985069613903
16.970000000001473 -0.00021042279778427398
16.980000000001468 -0.0005798665288919393
16.990000000001462 -0.0020593239915535793
17.000000000001457 -0.00388387534534173
17.01000000000145 -0.0051675744022398286
17.020000000001446 -0.005390343396134871
17.03000000000144 -0.004527950876576369
17.040000000001434 -0.002955996786152985
17.05000000000143 -0.0013128284924644083
17.060000000001423 -0.000339032247168479
17.070000000001418 -0.0005827234868560239
17.080000000001412 -0.002006376125041429
17.090000000001407 -0.0038919846074415617
17.1000000000014 -0.005310866673873528
17.110000000001396 -0.005662018535453496
17.12000000000139 -0.004863042610128117
17.130000000001385 -0.0032697201258038403
17.14000000000138 -0.0015153097999804363
17.150000000001373 -0.0003446212860028433
17.160000000001368 -0.00034311443535841
17.170000000001362 -0.0015662591616802972
17.180000000001357 -0.003389570076864219
17.19000000000135 -0.004899733452253678
17.200000000001346 -0.00544502816753411
17.21000000000134 -0.004865269159170195
17.220000000001335 -0.0034379241148254375
17.23000000000133 -0.0017402175116191332
17.240000000001324 -0.0005065736988743868
17.250000000001318 -0.00037865580822024896
17.260000000001313 -0.00151738580124743
17.270000000001307 -0.003369812667607108
17.2800000000013 -0.005002054103799766
17.290000000001296 -0.005685403173681138
17.30000000000129 -0.005190656318060092
17.310000000001285 -0.003766672393034828
17.32000000000128 -0.001983226945023867
17.330000000001274 -0.000575241889320619
17.340000000001268 -0.0002085651243970342
17.350000000001263 -0.0011228550352915725
17.360000000001257 -0.0028683754168373375
17.37000000000125 -0.004551887480212164
17.380000000001246 -0.005407433938028769
17.39000000000124 -0.005133349750866384
17.400000000001235 -0.0038972651176527964
17.41000000000123 -0.002204963315737538
17.420000000001224 -0.0007651032148630733
17.43000000000122 -0.000280366605706357
17.440000000001213 -0.0010877560024076778
17.450000000001207 -0.0028285046530658144
17.4600000000012 -0.004614440493395639
17.470000000001196 -0.005611972542880478
17.48000000000119 -0.005442430868438831
17.490000000001185 -0.004233914674180639
17.50000000000118 -0.002481335493254032
17.510000000001174 -0.0008913313441991766
17.52000000000117 -0.00018070782146451311
17.530000000001163 -0.0007486308977582675
17.540000000001157 -0.0023411788690813375
17.550000000001152 -0.004135026608594501
17.560000000001146 -0.005276961508140452
17.57000000000114 -0.0053228559801922265
17.580000000001135 -0.004318985268424951
17.59000000000113 -0.002689700040888477
17.600000000001124 -0.0011018128421864826
17.61000000000112 -0.00028966394506340867
17.620000000001113 -0.0007360731954811934
17.630000000001107 -0.00229019986061458
17.640000000001102 -0.004161011339510271
17.650000000001096 -0.005442386179215162
17.66000000000109 -0.005609333073183256
17.670000000001085 -0.004656510461659384
17.68000000000108 -0.0029922169049926986
17.690000000001074 -0.0012792536334283815
17.70000000000107 -0.0002589950703682322
17.710000000001063 -0.00045990501853329077
17.720000000001058 -0.0018300375740547268
17.730000000001052 -0.003663430739782233
17.740000000001046 -0.005056123464318807
17.75000000000104 -0.005426523512623473
17.760000000001035 -0.004689429612506411
17.77000000000103 -0.0031771885066932204
17.780000000001024 -0.0015016689377256279
17.79000000000102 -0.0004033216808732223
17.800000000001013 -0.0004770343061522935
17.810000000001008 -0.001777711480575464
17.820000000001002 -0.0036579885224955473
17.830000000000997 -0.005180739848754364
17.84000000000099 -0.0056845777880119635
17.850000000000986 -0.005020936505407034
17.86000000000098 -0.0034986402803684645
17.870000000000974 -0.0017234823708330651
17.88000000000097 -0.00043824318668004685
17.890000000000963 -0.00026879776208799154
17.900000000000958 -0.0013570038651735767
17.910000000000952 -0.0031544104767326346
17.920000000000947 -0.004750711890731904
17.93000000000094 -0.005439461407368343
17.940000000000936 -0.004996506548864939
17.95000000000093 -0.0036507765747475903
17.960000000000925 -0.0019482053078782751
17.97000000000092 -0.0006136971016541864
17.980000000000913 -0.00032056180738606124
17.990000000000908 -0.0013132380395342743
18.000000000000902 -0.0031244496076838517
18.010000000000897 -0.004834658973475642
18.02000000000089 -0.0056640164949635485
18.030000000000886 -0.005315273647118358
18.04000000000088 -0.003984000164361699
18.050000000000875 -0.002207296872445033
18.06000000000087 -0.0007093129079042799
18.070000000000864 -0.00018257201054541444
18.080000000000858 -0.0009428402384763546
18.090000000000853 -0.0026277979159650376
18.100000000000847 -0.004369882249316761
18.11000000000084 -0.005359475808019782
18.120000000000836 -0.005229855089758015
18.13000000000083 -0.004094776564354688
18.140000000000825 -0.002424209476452167
18.15000000000082 -0.0009095602998588375
18.160000000000814 -0.0002713413905148248
18.170000000000808 -0.0009169985402764545
18.180000000000803 -0.0025816950244384276
18.190000000000797 -0.004415271155054975
18.20000000000079 -0.00554652565446857
18.210000000000786 -0.005529402805537031
18.22000000000078 -0.004432688811043066
18.230000000000775 -0.0027133797661825225
18.24000000000077 -0.0010599267062758539
18.250000000000764 -0.00020339762464103987
18.26000000000076 -0.0006057489122358873
18.270000000000753 -0.002105146707562454
18.280000000000747 -0.0039261413795372195
18.29000000000074 -0.0051873579701174136
18.300000000000736 -0.005381048248404645
18.31000000000073 -0.00449475605585581
18.320000000000725 -0.0029123110540693027
18.33000000000072 -0.001276985297433235
18.340000000000714 -0.00032883271061455693
18.35000000000071 -0.0006059410510343528
18.360000000000703 -0.0020523199642756055
18.370000000000697 -0.003937069539253386
18.380000000000692 -0.005334308891512913
18.390000000000686 -0.005655269584582498
18.40000000000068 -0.004830386977728647
18.410000000000675 -0.0032243401357881707
18.42000000000067 -0.0014754949176570386
18.430000000000664 -0.00032854672023650746
18.44000000000066 -0.00036024305230289053
18.450000000000653 -0.0016086669593553661
18.460000000000647 -0.003435194567628733
18.470000000000642 -0.0049270977471794816
18.480000000000636 -0.005443862154226141
18.49000000000063 -0.004837751295600539
18.500000000000625 -0.0033954858946602475
18.51000000000062 -0.0017001943095345062
18.520000000000614 -0.0004877058755242337
18.53000000000061 -0.0003926754193011044
18.540000000000603 -0.0015590255651464924
18.550000000000598 -0.003417636749793069
18.560000000000592 -0.005033065129153834
18.570000000000586 -0.0056872388623617105
18.58000000000058 -0.005164279372565476
18.590000000000575 -0.0037231810416902657
18.60000000000057 -0.0019398674665752741
18.610000000000564 -0.000550938856018393
18.62000000000056 -0.00021628916528426882
18.630000000000553 -0.0011599851853517083
18.640000000000548 -0.0029155806756479773
18.650000000000542 -0.004586013180282373
18.660000000000537 -0.00541459446337696
18.67000000000053 -0.0051124367585112405
18.680000000000526 -0.0038574793288882942
18.69000000000052 -0.0021623025726692584
18.700000000000514 -0.0007385753799180621
18.71000000000051 -0.00028476901490533465
18.720000000000503 -0.0011232775091856633
18.730000000000498 -0.0028771583220118667
18.740000000000492 -0.004652024055710484
18.750000000000487 -0.005622494551826726
18.76000000000048 -0.00542323910611804
18.770000000000476 -0.004193709729470483
18.78000000000047 -0.0024359830281600893
18.790000000000465 -0.0008599016160267325
18.80000000000046 -0.00017883386995685987
18.810000000000453 -0.0007788503044946265
18.820000000000448 -0.0023880321401632877
18.830000000000442 -0.004174793977777882
18.840000000000437 -0.005292378556727256
18.85000000000043 -0.005309302969353883
18.860000000000426 -0.004283144203039895
18.87000000000042 -0.002645958048228307
18.880000000000415 -0.0010688743365933056
18.89000000000041 -0.00028449917788406063
18.900000000000404 -0.000763955802213642
18.910000000000398 -0.0023376566906063547
18.920000000000393 -0.004203869499054403
18.930000000000387 -0.0054613979313328015
18.94000000000038 -0.005598048591351374
18.950000000000376 -0.004620874090053423
18.96000000000037 -0.0029464294481723052
18.970000000000365 -0.001242005590030991
18.98000000000036 -0.0002477693127976197
18.990000000000354 -0.0004819117169252217
19.000000000000348 -0.0018745466980796294
19.010000000000343 -0.003707433035475496
19.020000000000337 -0.00507944047325449
19.03000000000033 -0.005420888642951864
19.040000000000326 -0.004658693964483832
19.05000000000032 -0.00313389027573497
19.060000000000315 -0.0014637344268085802
19.07000000000031 -0.0003890694779107804
19.080000000000304 -0.0004961469458539985
19.0900000000003 -0.0018219349870447195
19.100000000000293 -0.0037045460923736838
19.110000000000287 -0.00520773148278138
19.12000000000028 -0.005681706376768175
19.130000000000276 -0.004991016162977779
19.14000000000027 -0.003453940366046391
19.150000000000265 -0.0016818636305089135
19.16000000000026 -0.0004183021061375583
19.170000000000254 -0.00028169810200018677
19.18000000000025 -0.0013972287073774415
19.190000000000243 -0.0032009863477988464
19.200000000000237 -0.00478127415976585
19.210000000000232 -0.005442077177523687
19.220000000000226 -0.004971890444270923
19.23000000000022 -0.0036093779418024793
19.240000000000215 -0.0019067881204223541
19.25000000000021 -0.0005912006368585833
19.260000000000204 -0.00033022637787734414
19.2700000000002 -0.0013523022612493166
19.280000000000193 -0.0031728974136321685
19.290000000000187 -0.004868804267238742
19.300000000000182 -0.005669811516306709
19.310000000000176 -0.0052920658417248525
19.32000000000017 -0.003941838087160144
19.330000000000165 -0.0021628362662221255
19.34000000000016 -0.000681614684641486
19.350000000000154 -0.00018592322060912575
19.36000000000015 -0.000977008950152529
19.370000000000143 -0.0026750886153601105
19.380000000000138 -0.00440673295922879
19.390000000000132 -0.005370420729265072
19.400000000000126 -0.005212210358483501
19.41000000000012 -0.004056633934327901
19.420000000000115 -0.002380864423824001
19.43000000000011 -0.0008799474385471109
19.440000000000104 -0.000271354938621144
19.4500000000001 -0.0009492094281542703
19.460000000000093 -0.0026300584017494976
19.470000000000088 -0.004455434376149148
19.480000000000082 -0.005560955689688294
19.490000000000077 -0.005513733531268304
19.50000000000007 -0.004394412470548091
19.510000000000066 -0.002667637291600672
19.52000000000006 -0.0010256760812402761
19.530000000000054 -0.0001972107703078019
19.54000000000005 -0.000632367753175292
19.550000000000043 -0.002151179385533975
19.560000000000038 -0.003968027490046133
19.570000000000032 -0.005206433487282906
19.580000000000027 -0.005371043693856358
19.59000000000002 -0.004461103824084088
19.600000000000016 -0.002868585352085925
19.61000000000001 -0.0012415895418729595
19.620000000000005 -0.0003194477324786757
19.63 -0.0006299451078971615
19.639999999999993 -0.002098553552700277
19.649999999999988 -0.003981822544411208
19.659999999999982 -0.005357035837255407
19.669999999999977 -0.005647766835774238
19.67999999999997 -0.0047972192767066525
19.689999999999966 -0.00317886255448848
19.69999999999996 -0.0014360714537813015
19.709999999999955 -0.0003132532568817979
19.71999999999995 -0.0003781882567461301
19.729999999999944 -0.0016514587708189015
19.739999999999938 -0.003480588015210716
19.749999999999932 -0.0049538125629958124
19.759999999999927 -0.005441956872670493
19.76999999999992 -0.0048096852134179085
19.779999999999916 -0.0033528773138333723
19.78999999999991 -0.0016604829126168812
19.799999999999905 -0.00046957686091461665
19.8099999999999 -0.0004075422870342975
19.819999999999894 -0.0016011278818672482
19.829999999999888 -0.0034652910561294016
19.839999999999883 -0.005063434844378296
19.849999999999877 -0.005688297957847314
19.85999999999987 -0.005137301113590139
19.869999999999866 -0.003679462204146136
19.87999999999986 -0.0018967624117626858
19.889999999999855 -0.0005273308980470402
19.89999999999985 -0.0002248694254942232
19.909999999999844 -0.0011976583179056208
19.91999999999984 -0.002962721535707187
19.929999999999833 -0.004619575043676121
19.939999999999827 -0.005421008608457489
19.94999999999982 -0.005090899243440979
19.959999999999816 -0.0038174017157271262
19.96999999999981 -0.0021198143179055697
19.979999999999805 -0.0007126851286986914
19.9899999999998 -0.0002900367660380347
19.999999999999794 -0.0011594135720443587
