t val
0.010000000000000002 -5.287795206493414e-07
0.02000000000000001 -1.1154470857530862e-06
0.03000000000000002 -1.570591487506132e-06
0.04000000000000003 -2.0863420722780936e-06
0.05000000000000004 -2.500977936134727e-06
0.060000000000000046 -2.9596278687783545e-06
0.07000000000000005 -3.3338623918071356e-06
0.08000000000000006 -3.7354098615604067e-06
0.09000000000000007 -4.066650181088102e-06
0.10000000000000007 -4.414279995771748e-06
0.11000000000000008 -4.706416254229565e-06
0.12000000000000009 -5.009841006267203e-06
0.1300000000000001 -5.27096788099153e-06
0.1400000000000001 -5.539053425187002e-06
0.1500000000000001 -5.773160602969211e-06
0.16000000000000011 -6.0080290502695064e-06
0.17000000000000012 -6.21204117921892e-06
0.18000000000000013 -6.41016105918778e-06
0.19000000000000014 -6.5794541908748126e-06
0.20000000000000015 -6.738973963053375e-06
0.21000000000000016 -6.873358448778764e-06
0.22000000000000017 -6.997787756888887e-06
0.23000000000000018 -7.101897005930118e-06
0.24000000000000019 -7.196803017354305e-06
0.25000000000000017 -7.274568809275422e-06
0.2600000000000002 -7.342276441905037e-06
0.2700000000000002 -7.393159326367984e-06
0.2800000000000002 -7.431561285342733e-06
0.2900000000000002 -7.45236853754231e-06
0.3000000000000002 -7.458954923759171e-06
0.3100000000000002 -7.448369396791371e-06
0.32000000000000023 -7.423922920767625e-06
0.33000000000000024 -7.3842646990720754e-06
0.34000000000000025 -7.332163912077831e-06
0.35000000000000026 -7.266639037034624e-06
0.36000000000000026 -7.189231021523904e-06
0.3700000000000003 -7.098584367187567e-06
0.3800000000000003 -6.995164132226255e-06
0.3900000000000003 -6.877609348343174e-06
0.4000000000000003 -6.746196468986949e-06
0.4100000000000003 -6.600261579320033e-06
0.4200000000000003 -6.440545793904002e-06
0.4300000000000003 -6.267183681064444e-06
0.44000000000000034 -6.0811763054180415e-06
0.45000000000000034 -5.882843749194821e-06
0.46000000000000035 -5.672828770965968e-06
0.47000000000000036 -5.451072526817808e-06
0.48000000000000037 -5.217656261940656e-06
0.4900000000000004 -4.972233102626001e-06
0.5000000000000003 -4.714745792044503e-06
0.5100000000000003 -4.445087007718396e-06
0.5200000000000004 -4.163577183496803e-06
0.5300000000000004 -3.870629561919922e-06
0.5400000000000004 -3.5669632161126214e-06
0.5500000000000004 -3.25325667886363e-06
0.5600000000000004 -2.9302294537304388e-06
0.5700000000000004 -2.5983980466457786e-06
0.5800000000000004 -2.25819311094585e-06
0.5900000000000004 -1.9098868769384007e-06
0.6000000000000004 -1.5537742016847674e-06
0.6100000000000004 -1.1901903790840464e-06
0.6200000000000004 -8.196566123363084e-07
0.6300000000000004 -4.428600301843282e-07
0.6400000000000005 -6.068491973611122e-08
0.6500000000000005 3.258840893672479e-07
0.6600000000000005 7.158061299001976e-07
0.6700000000000005 1.1080796985341852e-06
0.6800000000000005 1.5017588420425902e-06
0.6900000000000005 1.8959711988000352e-06
0.7000000000000005 2.289864819981066e-06
0.7100000000000005 2.6825612799587373e-06
0.7200000000000005 3.073085376653722e-06
0.7300000000000005 3.460335471832313e-06
0.7400000000000005 3.843069539509142e-06
0.7500000000000006 4.219937287738912e-06
0.7600000000000006 4.589523858749204e-06
0.7700000000000006 4.950409075075027e-06
0.7800000000000006 5.301207089796165e-06
0.7900000000000006 5.640586504609467e-06
0.8000000000000006 5.9672551803692505e-06
0.8100000000000006 6.279925252518457e-06
0.8200000000000006 6.577261766522903e-06
0.8300000000000006 6.857836127901958e-06
0.8400000000000006 7.120090883525863e-06
0.8500000000000006 7.362328645445435e-06
0.8600000000000007 7.582721507269526e-06
0.8700000000000007 7.779339467502847e-06
0.8800000000000007 7.95018850247883e-06
0.8900000000000007 8.093254765942684e-06
0.9000000000000007 8.206551033611234e-06
0.9100000000000007 8.288166670094768e-06
0.9200000000000007 8.336321559622052e-06
0.9300000000000007 8.349425849409298e-06
0.9400000000000007 8.326141595197137e-06
0.9500000000000007 8.265439725390248e-06
0.9600000000000007 8.166641724618815e-06
0.9700000000000008 8.0294374751553e-06
0.9800000000000008 7.853873179369785e-06
0.9900000000000008 7.640308292850104e-06
1.0000000000000007 7.389343101342407e-06
1.0099999999999996 7.101721020220113e-06
1.0199999999999985 6.778209574174361e-06
1.0299999999999974 6.419468278281851e-06
1.0399999999999963 6.025922429018151e-06
1.0499999999999952 5.597679371692254e-06
1.059999999999994 5.134533605064112e-06
1.069999999999993 4.6360919779260285e-06
1.0799999999999919 4.102000939189544e-06
1.0899999999999908 3.532194914464256e-06
1.0999999999999897 2.9270533243268615e-06
1.1099999999999886 2.287388155296966e-06
1.1199999999999875 1.6142699674738384e-06
1.1299999999999863 9.087778268674516e-07
1.1399999999999852 1.717759566647533e-07
1.1499999999999841 -5.9622074463835e-07
1.159999999999983 -1.3950855702369168e-06
1.169999999999982 -2.225049068379436e-06
1.1799999999999808 -3.086628963557676e-06
1.1899999999999797 -3.9805440466891496e-06
1.1999999999999786 -4.9076274065323085e-06
1.2099999999999775 -5.868749349717512e-06
1.2199999999999764 -6.864756382380466e-06
1.2299999999999753 -7.896428467076713e-06
1.2399999999999742 -8.964453488373353e-06
1.2499999999999731 -1.0069415726642052e-05
1.259999999999972 -1.1211794698225722e-05
1.269999999999971 -1.2391971171786464e-05
1.2799999999999698 -1.3610237454520583e-05
1.2899999999999687 -1.4866808802639784e-05
1.2999999999999676 -1.616183198855041e-05
1.3099999999999665 -1.7495387151347237e-05
1.3199999999999654 -1.8867480333533874e-05
1.3299999999999643 -2.027802643783083e-05
1.3399999999999632 -2.1726824778836067e-05
1.3499999999999621 -2.3213530978312774e-05
1.359999999999961 -2.473762967087411e-05
1.36999999999996 -2.6298412402005e-05
1.3799999999999588 -2.7894964441040164e-05
1.3899999999999577 -2.95261629929477e-05
1.3999999999999566 -3.119068736537975e-05
1.4099999999999555 -3.28870391194295e-05
1.4199999999999544 -3.461356765400158e-05
1.4299999999999533 -3.636849510365176e-05
1.4399999999999522 -3.814993457607428e-05
1.449999999999951 -3.995589771031219e-05
1.45999999999995 -4.178429053651608e-05
1.469999999999949 -4.363289997082358e-05
1.4799999999999478 -4.549937623251135e-05
1.4899999999999467 -4.73812186079008e-05
1.4999999999999456 -4.927577265474156e-05
1.5099999999999445 -5.1180245706454756e-05
1.5199999999999434 -5.309174418662478e-05
1.5299999999999423 -5.5007331071621104e-05
1.5399999999999412 -5.6924096130552946e-05
1.54999999999994 -5.883922698550331e-05
1.559999999999939 -6.075006738161339e-05
1.569999999999938 -6.265415093261854e-05
1.5799999999999368 -6.454920344313346e-05
1.5899999999999357 -6.643311328418906e-05
1.5999999999999346 -6.830387557076135e-05
1.6099999999999335 -7.015952097693851e-05
1.6199999999999324 -7.199804303837757e-05
1.6299999999999313 -7.381733833316922e-05
1.6399999999999302 -7.561517185065083e-05
1.649999999999929 -7.738917536212136e-05
1.659999999999928 -7.913688034498807e-05
1.6699999999999269 -8.085578008329802e-05
1.6799999999999258 -8.254340949458708e-05
1.6899999999999247 -8.4197427497385e-05
1.6999999999999236 -8.581568629090882e-05
1.7099999999999225 -8.739627483959806e-05
1.7199999999999214 -8.893752944618102e-05
1.7299999999999203 -9.043801125939849e-05
1.7399999999999192 -9.189645738188505e-05
1.749999999999918 -9.331171741368461e-05
1.759999999999917 -9.46826895806594e-05
1.7699999999999159 -9.600826951479535e-05
1.7799999999999148 -9.728732059531172e-05
1.7899999999999137 -9.85186689544341e-05
1.7999999999999126 -9.970112083236094e-05
1.8099999999999115 -0.00010083349655132115
1.8199999999999104 -0.00010191467365122882
1.8299999999999093 -0.00010294362957709238
1.8399999999999082 -0.00010391947099606574
1.849999999999907 -0.00010484143614523249
1.859999999999906 -0.00010570886400190083
1.8699999999999048 -0.00010652113854161575
1.8799999999999037 -0.00010727762918393382
1.8899999999999026 -0.00010797765198875317
1.8999999999999015 -0.00010862047011707384
1.9099999999999004 -0.00010920534085407429
1.9199999999998993 -0.00010973160355114579
1.9299999999998982 -0.00011019879036648197
1.9399999999998971 -0.00011060673279643705
1.949999999999896 -0.00011095563524132791
1.959999999999895 -0.00011124609319239783
1.9699999999998938 -0.00011147904628339554
1.9799999999998927 -0.00011165567385291967
1.9899999999998916 -0.00011177725929153411
1.9999999999998905 -0.00011184505772028197
2.0099999999998897 -0.00011239432791543059
2.0199999999998886 -0.00011295026312920688
2.0299999999998875 -0.00011332685337117324
2.0399999999998863 -0.00011371647686064797
2.0499999999998852 -0.00011395775598791073
2.059999999999884 -0.00011419783835552437
2.069999999999883 -0.00011430749943882942
2.079999999999882 -0.00011440109292032113
2.089999999999881 -0.00011437973828694975
2.0999999999998797 -0.00011433227619575477
2.1099999999998786 -0.00011418395517046892
2.1199999999998775 -0.00011399901378462504
2.1299999999998764 -0.0001137119422086985
2.1399999999998753 -0.00011335449597994301
2.1499999999998742 -0.00011285900203010602
2.159999999999873 -0.00011223774416114769
2.169999999999872 -0.00011144932314272152
2.179999999999871 -0.00011053539477329004
2.18999999999987 -0.00010951519143211999
2.1999999999998687 -0.00010847112332953418
2.2099999999998676 -0.00010745716958773963
2.2199999999998665 -0.00010655165727997405
2.2299999999998654 -0.00010578894293682668
2.2399999999998643 -0.00010520268023442855
2.249999999999863 -0.00010478482130394467
2.259999999999862 -0.00010452533381755863
2.269999999999861 -0.00010438896555034959
2.27999999999986 -0.00010434694173962345
2.289999999999859 -0.0001043603277199175
2.2999999999998577 -0.00010440117350986523
2.3099999999998566 -0.00010443882932717734
2.3199999999998555 -0.00010445404714491692
2.3299999999998544 -0.00010442918131029306
2.3399999999998533 -0.00010435859210465745
2.349999999999852 -0.00010424144354444532
2.359999999999851 -0.00010408758957203194
2.36999999999985 -0.0001039100862321474
2.379999999999849 -0.00010372690005909273
2.389999999999848 -0.00010355389043691439
2.3999999999998467 -0.00010340557292039631
2.4099999999998456 -0.0001032908971632679
2.4199999999998445 -0.0001032152057720817
2.4299999999998434 -0.00010317860014064552
2.4399999999998423 -0.0001031781798740929
2.449999999999841 -0.00010320706550159238
2.45999999999984 -0.00010325581048886812
2.469999999999839 -0.00010331171611405792
2.479999999999838 -0.00010336035817698623
2.489999999999837 -0.00010338618956846026
2.4999999999998357 -0.00010337499672794022
2.5099999999998346 -0.00010331567804125962
2.5199999999998335 -0.00010320287208908163
2.5299999999998324 -0.00010303834419082764
2.5399999999998313 -0.00010283186009374048
2.54999999999983 -0.00010259998057968246
2.559999999999829 -0.00010236366706478429
2.569999999999828 -0.00010214449477476138
2.579999999999827 -0.00010196119634017025
2.5899999999998258 -0.000101827171135048
2.5999999999998247 -0.00010175021483909448
2.6099999999998236 -0.00010173393928860833
2.6199999999998225 -0.00010178006315494231
2.6299999999998214 -0.00010188938318571971
2.6399999999998203 -0.00010205998079157318
2.649999999999819 -0.00010228223588250703
2.659999999999818 -0.0001025328474687519
2.669999999999817 -0.0001027716169772309
2.679999999999816 -0.00010294501857485259
2.6899999999998148 -0.00010299799526653386
2.6999999999998137 -0.0001028914117091339
2.7099999999998126 -0.0001026186360019405
2.7199999999998115 -0.00010221348283283227
2.7299999999998104 -0.00010174420021269329
2.7399999999998093 -0.00010129407196195961
2.749999999999808 -0.00010093574372662623
2.759999999999807 -0.00010071035499733566
2.769999999999806 -0.00010062116438068381
2.779999999999805 -0.0001006447926424003
2.7899999999998037 -0.00010075417639294702
2.7999999999998026 -0.00010094062537583766
2.8099999999998015 -0.00010122170839760624
2.8199999999998004 -0.00010162813623017178
2.8299999999997993 -0.00010217369075442614
2.8399999999997982 -0.00010282254113158027
2.849999999999797 -0.00010347267568313
2.859999999999796 -0.00010396962301649132
2.869999999999795 -0.00010415203724144655
2.879999999999794 -0.0001039149153240364
2.8899999999997927 -0.0001032644146068196
2.8999999999997916 -0.00010233688871597981
2.9099999999997905 -0.00010136639637851106
2.9199999999997894 -0.0001006063597425123
2.9299999999997883 -0.00010023381100171755
2.9399999999997872 -0.0001002781104029872
2.949999999999786 -0.00010061168394464314
2.959999999999785 -0.00010101655799460137
2.969999999999784 -0.00010130472831302563
2.979999999999783 -0.00010143810518773652
2.9899999999997817 -0.00010158247869066974
2.9999999999997806 -0.00010205071391596791
3.0099999999997795 -0.00010314012144207007
3.0199999999997784 -0.00010492820484538837
3.0299999999997773 -0.00010713019895299092
3.039999999999776 -0.00010911466570732969
3.049999999999775 -0.00011011218301233092
3.059999999999774 -0.00010955668016842204
3.069999999999773 -0.00010741273900773796
3.079999999999772 -0.0001043143164418106
3.0899999999997707 -0.00010139992154682768
3.0999999999997696 -9.986441853634294e-05
3.1099999999997685 -0.00010040206800438055
3.1199999999997674 -0.00010280932175213856
3.1299999999997663 -0.00010598511103191638
3.139999999999765 -0.00010840182012701785
3.149999999999764 -0.00010888364402173322
3.159999999999763 -0.00010733281997850332
3.169999999999762 -0.00010500049365966056
3.179999999999761 -0.0001040616340737653
3.1899999999997597 -0.00010657853918400652
3.1999999999997586 -0.00011328516589012805
3.2099999999997575 -0.000122812612866453
3.2199999999997564 -0.00013187099790942124
3.2299999999997553 -0.0001365028501450159
3.239999999999754 -0.000133981772674159
3.249999999999753 -0.00012450133399750755
3.259999999999752 -0.00011172614223265208
3.269999999999751 -0.00010167263984157145
3.27999999999975 -0.00010014916519033028
3.2899999999997487 -0.00010979208091744863
3.2999999999997476 -0.0001281630445603992
3.3099999999997465 -0.0001481118492889142
3.3199999999997454 -0.00016066602196518624
3.3299999999997443 -0.00015944851517024297
3.339999999999743 -0.00014462681305582755
3.349999999999742 -0.0001242100721970875
3.359999999999741 -0.00011141596104100146
3.36999999999974 -0.00011863377958589942
3.3799999999997388 -0.00015047243961452896
3.3899999999997377 -0.00019943811190376278
3.3999999999997366 -0.0002471333458497488
3.4099999999997355 -0.0002715378155210554
3.4199999999997344 -0.0002578679081151279
3.4299999999997333 -0.00020811870618095117
3.439999999999732 -0.00014393566691395886
3.449999999999731 -9.966119984189651e-05
3.45999999999973 -0.0001069621824678275
3.469999999999729 -0.00017753075359491777
3.4799999999997278 -0.0002929118089802864
3.4899999999997267 -0.00040830782142938795
3.4999999999997256 -0.00047092644722435486
3.5099999999997245 -0.00044618829346985137
3.5199999999997234 -0.00034004343276359774
3.5299999999997222 -0.00020485918481715238
3.539999999999721 -0.00012149146070205103
3.54999999999972 -0.00016141632513987932
3.559999999999719 -0.00034569030770013426
3.569999999999718 -0.0006232007419288642
3.5799999999997167 -0.0008834222506522645
3.5899999999997156 -0.0010025147582196716
3.5999999999997145 -0.0009054289854179487
3.6099999999997134 -0.0006169863107930706
3.6199999999997123 -0.0002731473764933744
3.6299999999997112 -7.346179769517182e-05
3.63999999999971 -0.00018418668540100142
3.649999999999709 -0.0006395753071341459
3.659999999999708 -0.0013012542772136899
3.669999999999707 -0.0019034283711556637
3.6799999999997057 -0.002165857656333243
3.6899999999997046 -0.0019312104029015453
3.6999999999997035 -0.0012739418828956763
3.7099999999997024 -0.0005191961792234553
3.7199999999997013 -0.00012174230588044292
3.7299999999997 -0.0004290552854712716
3.739999999999699 -0.0014581321502286242
3.749999999999698 -0.0028381186511905196
3.759999999999697 -0.003965930702497991
3.769999999999696 -0.004285386350883964
3.7799999999996947 -0.003557543335393182
3.7899999999996936 -0.0020506278891997665
3.7999999999996925 -0.0005450548119724213
3.8099999999996914 7.478098258116714e-07
3.8199999999996903 -0.0009617853593280324
3.829999999999689 -0.003166085291911165
3.839999999999688 -0.005656833668979672
3.849999999999687 -0.00730772777371622
3.859999999999686 -0.007320635344103501
3.869999999999685 -0.005592240792599464
3.8799999999996837 -0.0028971383192895636
3.8899999999996826 -0.0006724252857328593
3.8999999999996815 -0.0002911928458123154
3.9099999999996804 -0.0020705583282309187
3.9199999999996793 -0.004989221347813219
3.929999999999678 -0.007536443465816394
3.939999999999677 -0.008548367374120482
3.949999999999676 -0.0076292097286119335
3.959999999999675 -0.00517731556016781
3.969999999999674 -0.0022722206809871917
3.9799999999996727 -0.00037535833287819523
3.9899999999996716 -0.0005419914456321253
3.9999999999996705 -0.002623252885291155
4.009999999999674 -0.005386296225554107
4.019999999999677 -0.007499216990378579
4.0299999999996805 -0.008221407928230867
4.039999999999684 -0.007393414272067186
4.049999999999687 -0.005310181932147249
4.0599999999996905 -0.002736959326277884
4.069999999999694 -0.000795412917316709
4.079999999999697 -0.0005134298411365809
4.0899999999997005 -0.0020178311580253162
4.099999999999704 -0.004315270381383775
4.109999999999707 -0.006228869580958392
4.119999999999711 -0.007051994972060529
4.129999999999714 -0.006594191919127412
4.139999999999717 -0.005039552464258917
4.149999999999721 -0.0028771298969698733
4.159999999999724 -0.000940170754223178
4.169999999999727 -0.00022385350739440838
4.179999999999731 -0.001185303424103708
4.189999999999734 -0.0032036512598206056
4.199999999999737 -0.005121807363591951
4.209999999999741 -0.00615226086148457
4.219999999999744 -0.0060644605037962
4.229999999999747 -0.004972235443303836
4.239999999999751 -0.003215251427847933
4.249999999999754 -0.00139952453011944
4.259999999999757 -0.0003608789260969034
4.269999999999761 -0.0007477005733171999
4.279999999999764 -0.0023449446975984493
4.289999999999767 -0.004149900674862186
4.299999999999771 -0.005253293511500338
4.309999999999774 -0.00531046848007789
4.319999999999777 -0.004431432669149932
4.329999999999781 -0.0029572155479375313
4.339999999999784 -0.001379750853764403
4.349999999999787 -0.0003331057241303725
4.359999999999791 -0.00040789486276074816
4.369999999999794 -0.0016760700920733422
4.379999999999797 -0.003446908535215736
4.389999999999801 -0.004779447822633428
4.399999999999804 -0.0051392827394718815
4.409999999999807 -0.0045112560349705655
4.419999999999811 -0.0032026442474662807
4.429999999999814 -0.0016858847240589262
4.439999999999817 -0.0005402586976473964
4.449999999999821 -0.0003347364933987998
4.459999999999824 -0.0013009937094443755
4.4699999999998274 -0.0029980331964106683
4.479999999999831 -0.004524683281324011
4.489999999999834 -0.005149789741880492
4.4999999999998375 -0.004674266152350632
4.509999999999841 -0.0033742077809904365
4.519999999999844 -0.0017851442285637172
4.5299999999998475 -0.0005339482109829988
4.539999999999851 -0.00018337576159230975
4.549999999999854 -0.0009790011098563586
4.5599999999998575 -0.0025940495967861745
4.569999999999861 -0.004227925064294216
4.579999999999864 -0.005100663578842464
4.5899999999998675 -0.004864648092174487
4.599999999999871 -0.0036775515447540637
4.609999999999874 -0.0020616720232911863
4.6199999999998775 -0.0007061619802636008
4.629999999999881 -0.000244479407838961
4.639999999999884 -0.0009657641383168823
4.649999999999888 -0.002568556992927169
4.659999999999891 -0.004270673180426257
4.669999999999894 -0.005272639401825922
4.679999999999898 -0.0051550966981462575
4.689999999999901 -0.003999413349530833
4.699999999999904 -0.0023007384999169595
4.709999999999908 -0.0007848716942735031
4.719999999999911 -0.00015404923281442845
4.729999999999914 -0.0007537137671640684
4.739999999999918 -0.0023098473163118455
4.749999999999921 -0.004048727142733936
4.759999999999924 -0.005168436676506841
4.769999999999928 -0.005221995226806285
4.779999999999931 -0.004222997031359511
4.789999999999934 -0.0025872875178165364
4.799999999999938 -0.001009679909154971
4.809999999999941 -0.0002489117624550295
4.819999999999944 -0.0007614894771412446
4.829999999999948 -0.0023378399804919302
4.839999999999951 -0.004170620535390103
4.849999999999954 -0.005388390707175318
4.859999999999958 -0.005500137842842246
4.869999999999961 -0.004508203722649827
4.879999999999964 -0.002824249052648673
4.889999999999968 -0.0011336073932505346
4.899999999999971 -0.00020275075689270066
4.909999999999974 -0.0005425688415091642
4.919999999999978 -0.0020238332273446115
4.929999999999981 -0.0038730515629848113
4.939999999999984 -0.005191418766706769
4.949999999999988 -0.005446578102052696
4.959999999999991 -0.004599262172008139
4.969999999999994 -0.0030151466215407683
4.979999999999998 -0.0013381908698176994
4.990000000000001 -0.0003294592487040012
5.000000000000004 -0.0005604095666999248
5.010000000000008 -0.0019962192683486016
5.020000000000011 -0.00390124991401495
5.0300000000000145 -0.005330435305561055
5.040000000000018 -0.005679714497796296
5.050000000000021 -0.0048690228939606214
5.0600000000000245 -0.0032574951875071053
5.070000000000028 -0.0014893152874514888
5.080000000000031 -0.0003230173735464985
5.0900000000000345 -0.00035169547390873437
5.100000000000038 -0.0016176333606875192
5.110000000000041 -0.0034713011354713416
5.1200000000000445 -0.0049853022537789905
5.130000000000048 -0.00551033048022081
5.140000000000051 -0.00489446462945356
5.1500000000000545 -0.0034263333054618257
5.160000000000058 -0.0017016601452762696
5.170000000000061 -0.0004715225292904301
5.1800000000000646 -0.00038024861232507
5.190000000000068 -0.0015628357446328413
5.200000000000071 -0.0034331124963602653
5.210000000000075 -0.005048016282299429
5.220000000000078 -0.005692208370717618
5.230000000000081 -0.005154102064489158
5.240000000000085 -0.003693414168140185
5.250000000000088 -0.0018965774331009266
5.260000000000091 -0.0005148654871781012
5.270000000000095 -0.00021532187128219264
5.280000000000098 -0.001202844056613739
5.290000000000101 -0.002980546548204874
5.300000000000105 -0.004640901450442351
5.310000000000108 -0.0054403553303266905
5.320000000000111 -0.005104237104036884
5.330000000000115 -0.0038175303192638844
5.340000000000118 -0.0021039279794547935
5.350000000000121 -0.0006888880627110002
5.360000000000125 -0.00027628089613829037
5.370000000000128 -0.0011645466528201454
5.380000000000131 -0.002937131247866877
5.390000000000135 -0.004686259262281288
5.400000000000138 -0.005606078239166641
5.410000000000141 -0.005358600070605501
5.420000000000145 -0.004096454332587803
5.430000000000148 -0.0023311805543464468
5.440000000000151 -0.0007822975770304026
5.450000000000155 -0.0001655086703898337
5.460000000000158 -0.0008404979030544897
5.470000000000161 -0.002488722437369427
5.480000000000165 -0.0042553901610849374
5.490000000000168 -0.005312849244997032
5.500000000000171 -0.0052620011340274355
5.510000000000175 -0.004183073964273287
5.520000000000178 -0.0025247536682349307
5.530000000000181 -0.0009719309134293622
5.540000000000185 -0.0002587993403036224
5.550000000000188 -0.0008261499528014595
5.5600000000001915 -0.0024478299943285434
5.570000000000195 -0.004291170325076389
5.580000000000198 -0.0054731483275174304
5.5900000000002015 -0.005522452488169542
5.600000000000205 -0.004478230420719912
5.610000000000208 -0.002778012061876733
5.6200000000002115 -0.001105378948598275
5.630000000000215 -0.00020215468584236659
5.640000000000218 -0.0005530862503166031
5.6500000000002215 -0.002022049928999227
5.660000000000225 -0.0038466058362691463
5.670000000000228 -0.005140117649315439
5.6800000000002315 -0.005377366137403375
5.690000000000235 -0.004524678509772089
5.700000000000238 -0.0029525252078277955
5.7100000000002415 -0.0013029898524295777
5.720000000000245 -0.0003237565713019812
5.730000000000248 -0.0005663397294150236
5.740000000000252 -0.0019879977922614765
5.750000000000255 -0.003867545695169594
5.760000000000258 -0.0052795421487632005
5.770000000000262 -0.005627184226919714
5.780000000000265 -0.004826514518832635
5.790000000000268 -0.003229895465142925
5.800000000000272 -0.0014763091977850592
5.810000000000275 -0.0003189631137111561
5.820000000000278 -0.00034372046004464343
5.830000000000282 -0.0015892349345747402
5.840000000000285 -0.0034147050736991866
5.850000000000288 -0.004908209983069102
5.860000000000292 -0.005429773199526195
5.870000000000295 -0.004826538161466733
5.880000000000298 -0.0033801034657828456
5.890000000000302 -0.0016783914542500542
5.900000000000305 -0.00046622122798694893
5.910000000000308 -0.0003828710257161331
5.920000000000312 -0.001561355554841707
5.930000000000315 -0.003419484727339701
5.940000000000318 -0.005022014591130566
5.950000000000322 -0.00565982612859187
5.960000000000325 -0.005123463941327551
5.970000000000328 -0.003671071962278597
5.980000000000332 -0.0018849873450050587
5.990000000000335 -0.0005113482039756242
6.000000000000338 -0.00021320127199993795
6.010000000000342 -0.0011951875831312164
6.020000000000345 -0.002964239348497114
6.030000000000348 -0.004616675133029073
6.040000000000352 -0.005410586531589431
6.050000000000355 -0.005072285048445957
6.060000000000358 -0.0037882283076035696
6.070000000000362 -0.0020828960732219536
6.080000000000365 -0.0006801578564742269
6.0900000000003685 -0.0002795867893472868
6.100000000000372 -0.0011757659082548548
6.110000000000375 -0.002951624405976772
6.1200000000003785 -0.004700299673582399
6.130000000000382 -0.005615696231717653
6.140000000000385 -0.005359968851347918
6.1500000000003885 -0.004088606345287786
6.160000000000392 -0.0023181637949509872
6.170000000000395 -0.0007718343238239971
6.1800000000003985 -0.00016417561681769248
6.190000000000402 -0.0008489181704718588
6.200000000000405 -0.0025018226115997248
6.2100000000004085 -0.004266929953042404
6.220000000000412 -0.005318061085878935
6.230000000000415 -0.005257838562045322
6.2400000000004185 -0.004169237898780371
6.250000000000422 -0.0025056523008330344
6.260000000000425 -0.0009570482163296965
6.270000000000429 -0.0002585733022889021
6.280000000000432 -0.0008443674211697876
6.290000000000435 -0.0024778475130845857
6.300000000000439 -0.004321503675301534
6.310000000000442 -0.00549490069890599
6.320000000000445 -0.005531403396881345
6.330000000000449 -0.00447421271554767
6.340000000000452 -0.002764873162687309
6.350000000000455 -0.0010913571557190722
6.360000000000459 -0.00019768319826191574
6.370000000000462 -0.000564306353538992
6.380000000000465 -0.0020447908121314093
6.390000000000469 -0.003869509958880115
6.400000000000472 -0.005153544806438547
6.410000000000475 -0.005377731192003588
6.420000000000479 -0.004513632524823018
6.430000000000482 -0.0029351840728615367
6.440000000000485 -0.00128733776930437
6.450000000000489 -0.0003194508657791206
6.460000000000492 -0.0005799025780395384
6.470000000000495 -0.002016280160959877
6.480000000000499 -0.003898518962412256
6.490000000000502 -0.00530103157097958
6.500000000000505 -0.005633371899224096
6.510000000000509 -0.004818571493214184
6.520000000000512 -0.0032136475302434768
6.530000000000515 -0.001460088679757112
6.540000000000519 -0.00031168799116884605
6.550000000000522 -0.00035123570257971395
6.560000000000525 -0.0016093364337836057
6.570000000000529 -0.003437179279513668
6.580000000000532 -0.004921996499648992
6.590000000000535 -0.005429341145777928
6.600000000000539 -0.004813152615153574
6.610000000000542 -0.003359933562694882
6.6200000000005454 -0.001660079891191746
6.630000000000549 -0.00045849439281219525
6.640000000000552 -0.00039102385178981126
6.6500000000005555 -0.001582968506405202
6.660000000000559 -0.0034445949812667667
6.670000000000562 -0.005039526022250111
6.6800000000005655 -0.005663447437961946
6.690000000000569 -0.005113389911005694
6.700000000000572 -0.003652646706046286
6.7100000000005755 -0.0018664330797655683
6.720000000000579 -0.0005011750197528626
6.730000000000582 -0.00021665906153287636
6.7400000000005855 -0.001210497385940468
6.750000000000589 -0.002982794909050407
6.760000000000592 -0.004628761682560137
6.7700000000005955 -0.005410670210524379
6.780000000000599 -0.005060367373101026
6.790000000000602 -0.003768853439319322
6.800000000000606 -0.0020635750352262267
6.810000000000609 -0.0006693195608607661
6.820000000000612 -0.00028309600771751905
6.830000000000616 -0.0011925586633643435
6.840000000000619 -0.002973162250194473
6.850000000000622 -0.004716259957387294
6.860000000000626 -0.0056196957089558195
6.870000000000629 -0.0053512488348577015
6.880000000000632 -0.004071093487936825
6.890000000000636 -0.0022988805140853655
6.900000000000639 -0.000759026849856308
6.910000000000642 -0.0001641258098725113
6.920000000000646 -0.0008616699076845373
6.930000000000649 -0.002519948790096594
6.940000000000652 -0.004280540567819982
6.950000000000656 -0.005320769801408309
6.960000000000659 -0.0052486454797257475
6.970000000000662 -0.004151623205797712
6.980000000000666 -0.002486137207368264
6.990000000000669 -0.0009436915382337191
7.000000000000672 -0.0002581875366450995
7.010000000000676 -0.0008580755877228905
7.020000000000679 -0.0024988088368974883
7.030000000000682 -0.004339261264331139
7.040000000000686 -0.005501852961035565
7.050000000000689 -0.005525508328776333
7.060000000000692 -0.004458415279639487
7.070000000000696 -0.002745488987885072
7.080000000000699 -0.0010764035182768
7.090000000000702 -0.0001942740575314258
7.100000000000706 -0.000574549876282173
7.110000000000709 -0.0020631343431977193
7.120000000000712 -0.003886074849596037
7.130000000000716 -0.00516050873920747
7.140000000000719 -0.005372466309727947
7.1500000000007224 -0.004498430284017473
7.160000000000726 -0.002915873646341894
7.170000000000729 -0.0012718339251364926
7.1800000000007325 -0.00031538097279534377
7.190000000000736 -0.0005904217210213987
7.200000000000739 -0.002036599537258614
7.2100000000007425 -0.003918473417791761
7.220000000000746 -0.005311730393246724
7.230000000000749 -0.005631106193229326
7.2400000000007525 -0.004805011263418655
7.250000000000756 -0.003194413284217473
7.260000000000759 -0.0014431229291271856
7.2700000000007625 -0.0003049092974989086
7.280000000000766 -0.0003585936704336452
7.290000000000769 -0.0016271855708193453
7.3000000000007725 -0.0034559995365299368
7.310000000000776 -0.004932798828516323
7.320000000000779 -0.0054279462081367625
7.330000000000783 -0.004800594391261203
7.340000000000786 -0.00334123206190151
7.350000000000789 -0.0016428574771931287
7.360000000000793 -0.0004509432594371392
7.370000000000796 -0.00039803250292484694
7.380000000000799 -0.0016018272519102144
7.390000000000803 -0.003465797759340122
7.400000000000806 -0.005053235150435719
7.410000000000809 -0.005664508538151853
7.420000000000813 -0.005102255752179041
7.430000000000816 -0.003634117587006485
7.440000000000819 -0.0018480618742422843
7.450000000000823 -0.0004912500856166653
7.460000000000826 -0.00022064161731993268
7.470000000000829 -0.0012267913149040716
7.480000000000833 -0.003002737114748006
7.490000000000836 -0.004642535686628867
7.500000000000839 -0.005412678678018179
7.510000000000843 -0.005050438520912169
7.520000000000846 -0.0037511674666367966
7.530000000000849 -0.0020452519762107152
7.540000000000853 -0.0006586898826256941
7.550000000000856 -0.0002863549503273736
7.560000000000859 -0.001209139307720778
7.570000000000863 -0.0029947453537307943
7.580000000000866 -0.004732403348495493
7.590000000000869 -0.00562384076381573
7.600000000000873 -0.005342581422335685
7.610000000000876 -0.004053571737331958
7.620000000000879 -0.0022795797482566766
7.630000000000883 -0.0007463095590256383
7.640000000000886 -0.00016454439471113268
7.650000000000889 -0.000875610491354946
7.660000000000893 -0.0025400828231458834
7.670000000000896 -0.004296655424488609
7.680000000000899 -0.005325933622911869
7.690000000000903 -0.005241401195786559
7.700000000000906 -0.004135246253639473
7.7100000000009095 -0.0024671845283165744
7.720000000000913 -0.0009304179707787559
7.730000000000916 -0.0002576946718321325
7.7400000000009195 -0.00087177033579082
7.750000000000923 -0.0025199717948618974
7.760000000000926 -0.004357331571964667
7.7700000000009295 -0.005509018354030437
7.780000000000933 -0.005519585644137938
7.790000000000936 -0.004442363290976803
7.8000000000009395 -0.002725781346315683
7.810000000000943 -0.0010613015149879348
7.820000000000946 -0.00019113113797094485
7.8300000000009495 -0.0005855869763255852
7.840000000000953 -0.0020826912813095466
7.850000000000956 -0.0039040083827590216
7.8600000000009596 -0.0051687262030801475
7.870000000000963 -0.0053681593151023764
7.880000000000966 -0.004483824205389838
7.89000000000097 -0.0028968329879977806
7.900000000000973 -0.0012563801986462857
7.910000000000976 -0.00031126848625563647
7.92000000000098 -0.0006008648869345857
7.930000000000983 -0.0020567445295805896
7.940000000000986 -0.00393805682415822
7.95000000000099 -0.005321858229815504
7.960000000000993 -0.00562818888973227
7.970000000000996 -0.004790887717545061
7.980000000001 -0.00317483450631964
7.990000000001003 -0.0014260909695401197
8.000000000001005 -0.00029834102799043287
8.010000000001 -0.00036637866064245637
8.020000000000994 -0.0016455527468333796
8.030000000000989 -0.003475284955402814
8.040000000000983 -0.004943928297702757
8.050000000000978 -0.00542674177466611
8.060000000000972 -0.004788150871066279
8.070000000000967 -0.003322633238892425
8.080000000000961 -0.0016257416202142107
8.090000000000956 -0.00044345287603105786
8.10000000000095 -0.0004049600864845238
8.110000000000944 -0.0016203697715287538
8.120000000000939 -0.0034864291573148093
8.130000000000933 -0.005066190225139661
8.140000000000928 -0.005664773520449686
8.150000000000922 -0.0050904516135323475
8.160000000000917 -0.00361518288466137
8.170000000000911 -0.0018296053074440348
8.180000000000906 -0.0004815068736116719
8.1900000000009 -0.00022492823639144724
8.200000000000895 -0.0012433520802169946
8.210000000000889 -0.0030228304939493834
8.220000000000883 -0.004656357268373652
8.230000000000878 -0.005414674136797784
8.240000000000872 -0.005040482117855874
8.250000000000867 -0.0037334860758380856
8.260000000000861 -0.0020269934143299865
8.270000000000856 -0.0006481517457535193
8.28000000000085 -0.000289616263623716
8.290000000000845 -0.0012254949744488766
8.30000000000084 -0.0030158472587492905
8.310000000000834 -0.004747918142711953
8.320000000000828 -0.0056273607165872215
8.330000000000823 -0.005333413324493466
8.340000000000817 -0.004035747037402924
8.350000000000811 -0.002260205293473348
8.360000000000806 -0.0007337276111861293
8.3700000000008 -0.0001652157358294804
8.380000000000795 -0.0008897829731442721
8.39000000000079 -0.0025603431878281906
8.400000000000784 -0.004312813669249261
8.410000000000778 -0.005331120049716577
8.420000000000773 -0.005234194166402392
8.430000000000767 -0.004118927539870694
8.440000000000762 -0.002448310780402764
8.450000000000756 -0.0009172371494773877
8.46000000000075 -0.00025726380200246697
8.470000000000745 -0.000885403486947576
8.48000000000074 -0.002540885859017233
8.490000000000734 -0.004375009011128116
8.500000000000728 -0.005515758127945012
8.510000000000723 -0.0055133094660989295
8.520000000000717 -0.004426091704152739
8.530000000000712 -0.002706011865497201
8.540000000000706 -0.0010462935719750546
8.5500000000007 -0.00018820203047518992
8.560000000000695 -0.0005968737539194059
8.57000000000069 -0.002102443156375824
8.580000000000684 -0.0039220546824227836
8.590000000000678 -0.0051770041438765225
8.600000000000673 -0.005363898002211189
8.610000000000667 -0.004469271604664095
8.620000000000662 -0.0028778641570543937
8.630000000000656 -0.0012410191066792465
8.64000000000065 -0.00030724971851615494
8.650000000000645 -0.0006113424723678402
8.66000000000064 -0.002076796609673742
8.670000000000634 -0.003957415930317669
8.680000000000629 -0.005331693222890719
8.690000000000623 -0.005624993694063938
8.700000000000617 -0.004776569080105522
8.710000000000612 -0.003155183445102959
8.720000000000606 -0.0014091228067627337
8.7300000000006 -0.0002919532627005191
8.740000000000595 -0.0003743976740520918
8.75000000000059 -0.0016641228693634277
8.760000000000584 -0.003494697613465681
8.770000000000579 -0.0049551192913802455
8.780000000000573 -0.005425562974758328
8.790000000000568 -0.004775726164209998
8.800000000000562 -0.0033040716897365994
8.810000000000556 -0.0016086998114168967
8.820000000000551 -0.0004360674627272637
8.830000000000545 -0.00041197177995904886
8.84000000000054 -0.001638897229789541
8.850000000000534 -0.00350691549785919
8.860000000000529 -0.005078910928162553
8.870000000000523 -0.005664787381336586
8.880000000000518 -0.005078448055324015
8.890000000000512 -0.0035961491714581843
8.900000000000507 -0.0018111763441840604
8.910000000000501 -0.0004719117732387276
8.920000000000496 -0.00022942855308460638
8.93000000000049 -0.0012601013784706906
8.940000000000484 -0.003043026981003862
8.950000000000479 -0.004670202358467838
8.960000000000473 -0.0054166512957257145
8.970000000000468 -0.005030503763531517
8.980000000000462 -0.003715809850438973
8.990000000000457 -0.0020087896161727543
9.000000000000451 -0.0006377187988074949
9.010000000000446 -0.0002929884890426347
9.02000000000044 -0.0012418822293108198
9.030000000000435 -0.0030368481129361934
9.040000000000429 -0.004763225292166906
9.050000000000423 -0.005630637716473501
9.060000000000418 -0.0053240396855641055
9.070000000000412 -0.004017806532911566
9.080000000000407 -0.0022408338450846687
9.090000000000401 -0.0007212673161389387
9.100000000000396 -0.0001660818784753206
9.11000000000039 -0.0009041343031547654
9.120000000000385 -0.00258069314677549
9.13000000000038 -0.004328968805830572
9.140000000000374 -0.005336252655407596
9.150000000000368 -0.005226929502670353
9.160000000000363 -0.004102584190743072
9.170000000000357 -0.002429470903338732
9.180000000000351 -0.0009041544806901214
9.190000000000346 -0.00025695969332114124
9.20000000000034 -0.0008991087280165793
9.210000000000335 -0.00256174629863768
9.22000000000033 -0.004392513906791475
9.230000000000324 -0.005522270763493788
9.240000000000318 -0.005506825770110192
9.250000000000313 -0.0044096889835508616
9.260000000000307 -0.002686221442811529
9.270000000000302 -0.001031381735919732
9.280000000000296 -0.00018545114526874617
9.29000000000029 -0.000608337682200839
9.300000000000285 -0.0021222876585137813
9.31000000000028 -0.003940092105156192
9.320000000000274 -0.005185211815126303
9.330000000000268 -0.005359556522010182
9.340000000000263 -0.004454670380503701
9.350000000000257 -0.0028589072876625404
9.360000000000252 -0.0012257425300394751
9.370000000000246 -0.0003033634777659486
9.38000000000024 -0.0006219247969317579
9.390000000000235 -0.002096842301228772
9.40000000000023 -0.0039766436981754465
9.410000000000224 -0.005341326070091994
9.420000000000218 -0.005621598210355506
9.430000000000213 -0.004762110917736061
9.440000000000207 -0.0031354908468701082
9.450000000000202 -0.0013922252034110328
9.460000000000196 -0.0002857259993071314
9.47000000000019 -0.0003825949685757501
9.480000000000185 -0.0016827991993629738
9.49000000000018 -0.00351411022383529
9.500000000000174 -0.004966236941015403
9.510000000000169 -0.005424291247263665
9.520000000000163 -0.004763234328848048
9.530000000000157 -0.003285500873732008
9.540000000000152 -0.0015917242288825614
9.550000000000146 -0.0004288113009482385
9.56000000000014 -0.00041911243244290426
9.570000000000135 -0.0016574635438553213
9.58000000000013 -0.003527314202315021
9.590000000000124 -0.005091457275154099
9.600000000000119 -0.0056646100810651065
9.610000000000113 -0.005066298335273521
9.620000000000108 -0.003577055238123338
9.630000000000102 -0.0017927931619867346
9.640000000000096 -0.00046245774917235885
9.650000000000091 -0.00023410645168769857
9.660000000000085 -0.0012769737008526021
9.67000000000008 -0.003063239789180263
9.680000000000074 -0.004683977942998658
9.690000000000069 -0.005418526888153952
9.700000000000063 -0.005020441675496517
9.710000000000058 -0.0036981036842704965
9.720000000000052 -0.0019906318833454698
9.730000000000047 -0.0006274052742401
9.740000000000041 -0.0002965037646737873
9.750000000000036 -0.0012583464749669584
9.76000000000003 -0.0030578032964356664
9.770000000000024 -0.004778386477902847
9.780000000000019 -0.005633733403623644
9.790000000000013 -0.005314513744995637
9.800000000000008 -0.003999788004198313
9.810000000000002 -0.002221484064024092
9.819999999999997 -0.0007089272364406653
9.829999999999991 -0.00016712128623096333
9.839999999999986 -0.0009186242971184435
9.84999999999998 -0.0026010793720817288
9.859999999999975 -0.004345063307590946
9.869999999999969 -0.005341278730463866
9.879999999999963 -0.005219566067050826
9.889999999999958 -0.0040861901783735685
9.899999999999952 -0.0024106550879881474
9.909999999999947 -0.0008911763017602942
9.919999999999941 -0.0002568039802569767
9.929999999999936 -0.0009129214669181865
9.93999999999993 -0.0025826001644990125
9.949999999999925 -0.0044099012458117095
9.95999999999992 -0.005528612885209293
9.969999999999914 -0.005500184649763262
9.979999999999908 -0.004393191541426181
9.989999999999903 -0.0026664291996732112
9.999999999999897 -0.001016567951010134
10.009999999999891 -0.00018286534921580882
10.019999999999886 -0.0006199531187842595
10.02999999999988 -0.002142190111377893
10.039999999999875 -0.003958081888685906
10.04999999999987 -0.00519331188729508
10.059999999999864 -0.005355103973106951
10.069999999999858 -0.004439999301310041
10.079999999999853 -0.0028399522309752695
10.089999999999847 -0.001210552001453658
10.099999999999842 -0.00029962345345879325
10.109999999999836 -0.0006326376460271522
10.11999999999983 -0.002116917952716343
10.129999999999825 -0.003995783314348674
10.13999999999982 -0.005350801292858974
10.149999999999814 -0.005618042196764111
10.159999999999808 -0.004747543170598523
10.169999999999803 -0.003115774101590523
10.179999999999797 -0.0013754026397055478
10.189999999999792 -0.00027965191181469006
10.199999999999786 -0.0003909530735044575
10.20999999999978 -0.0017015564108466533
10.219999999999775 -0.0035334928698907715
10.22999999999977 -0.004977250600328965
10.239999999999764 -0.005422899424122237
10.249999999999758 -0.004750655313605855
10.259999999999753 -0.0032669099893915875
10.269999999999747 -0.001574813933042671
10.279999999999742 -0.0004216929671451659
10.289999999999736 -0.00042639934511479394
10.29999999999973 -0.0016760936814351414
10.309999999999725 -0.0035476558814030576
10.31999999999972 -0.0051038618988925285
10.329999999999714 -0.005664271753715264
10.339999999999709 -0.005054026137596287
10.349999999999703 -0.0035579161155274955
10.359999999999697 -0.0017744615935020918
10.369999999999692 -0.0004531416196402094
10.379999999999686 -0.0002389500299257258
10.38999999999968 -0.0012939495049172427
10.399999999999675 -0.0030834444433644
10.40999999999967 -0.004697658149215391
10.419999999999664 -0.005420277216817403
10.429999999999659 -0.005010277448282258
10.439999999999653 -0.003680356529143628
10.449999999999648 -0.0019725173559182827
10.459999999999642 -0.0006172161813234803
10.469999999999636 -0.00030017376606601183
10.479999999999631 -0.001274904697020282
10.489999999999625 -0.0030787339377832653
10.49999999999962 -0.004793425137128429
10.509999999999614 -0.005636670644959653
10.519999999999609 -0.005304854653382412
10.529999999999603 -0.003981704682466095
10.539999999999598 -0.002202162399147703
10.549999999999592 -0.0006967068837418729
10.559999999999587 -0.00016832633760149824
10.569999999999581 -0.0009332384156590227
10.579999999999576 -0.0026214823051043416
10.58999999999957 -0.004361075801806016
10.599999999999564 -0.005346178367679554
10.609999999999559 -0.005212088123377246
10.619999999999553 -0.0040697356024469115
10.629999999999548 -0.002391859877241292
10.639999999999542 -0.0008783053183165006
10.649999999999537 -0.00025680452868940786
10.659999999999531 -0.0009268535332685119
10.669999999999526 -0.0026034625065851857
10.67999999999952 -0.0044271883975559615
10.689999999999515 -0.00553480237050339
10.699999999999509 -0.00549340206123765
10.709999999999503 -0.004376611318788165
10.719999999999498 -0.002646641941461643
10.729999999999492 -0.0010018535086668506
10.739999999999487 -0.00018044018066269512
10.749999999999481 -0.000631709842353101
10.759999999999476 -0.0021621358066989094
10.76999999999947 -0.0039760073714119
10.779999999999465 -0.005201288401949173
10.78999999999946 -0.005350527335224824
10.799999999999454 -0.0044252497368432436
10.809999999999448 -0.0028209953396034918
10.819999999999443 -0.0011954487118150622
10.829999999999437 -0.0002960349328813197
10.839999999999431 -0.0006434894294101737
10.849999999999426 -0.0021370345877144534
10.85999999999942 -0.004014848005902803
10.869999999999415 -0.005360133116455337
10.87999999999941 -0.005614338968773355
10.889999999999404 -0.0047328763971185815
10.899999999999398 -0.0030960398923317598
10.909999999999393 -0.001358657476790091
10.919999999999387 -0.00027372877979025786
10.929999999999382 -0.0003994650324630453
10.939999999999376 -0.0017203836185179582
10.94999999999937 -0.003552832752700584
10.959999999999365 -0.0049881477104181
10.96999999999936 -0.005421376953842861
10.979999999999354 -0.004737981779642341
10.989999999999348 -0.003248295485880947
10.999999999999343 -0.0015579691591284565
11.009999999999337 -0.00041471596136301596
11.019999999999332 -0.00043383845777991806
11.029999999999326 -0.0016947955899608237
11.03999999999932 -0.003567950421630526
11.049999999999315 -0.005116135941762564
11.05999999999931 -0.005663783350504854
11.069999999999304 -0.005041640618387985
11.079999999999298 -0.0035387380784821574
11.089999999999293 -0.0017561845570269546
11.099999999999287 -0.0004439626946365196
11.109999999999282 -0.00024395474049794806
11.119999999999276 -0.0013110207840034613
11.12999999999927 -0.0031036310309591132
11.139999999999265 -0.004711232976829359
11.14999999999926 -0.005421893647489036
11.159999999999254 -0.005000004830560166
11.169999999999249 -0.003662565052112702
11.179999999999243 -0.0019544456990865907
11.189999999999237 -0.0006071538106954442
11.199999999999232 -0.0003040026826918976
11.209999999999226 -0.0012915625099197401
11.21999999999922 -0.003099647172178829
11.229999999999215 -0.004808349689689542
11.23999999999921 -0.005639458158951496
11.249999999999204 -0.005295070126040688
11.259999999999199 -0.003963562271906753
11.269999999999193 -0.0021828720325908894
11.279999999999188 -0.0006846066257296741
11.289999999999182 -0.00016969424772523528
11.299999999999176 -0.0009479707929322121
11.309999999999171 -0.0026418941629938212
11.319999999999165 -0.004376998192788055
11.32999999999916 -0.0053509444131957466
11.339999999999154 -0.0052044903284057704
11.349999999999149 -0.004053217416703159
11.359999999999143 -0.002373084642926859
11.369999999999138 -0.0008655430381438448
11.379999999999132 -0.00025696432087350484
11.389999999999127 -0.0009409088291985478
11.399999999999121 -0.002624338286378508
11.409999999999116 -0.004444381513106208
11.41999999999911 -0.0055408459827213435
11.429999999999104 -0.005486484363854787
11.439999999999099 -0.004359953359273666
11.449999999999093 -0.0026268628781997436
11.459999999999088 -0.0009872394703493233
11.469999999999082 -0.0001781741606802408
11.479999999999077 -0.0006436036461005643
11.489999999999071 -0.0021821186093992358
11.499999999999066 -0.003993861935231333
11.50999999999906 -0.00520913540168962
11.519999999999055 -0.005345822055903404
11.529999999999049 -0.004410418960010403
11.539999999999043 -0.0028020358502953485
11.549999999999038 -0.001180433661321505
11.559999999999032 -0.0002926000952456547
11.569999999999027 -0.0006544828699234854
11.579999999999021 -0.0021571955343087884
11.589999999999016 -0.004033842096905709
11.59999999999901 -0.0053693266557327535
11.609999999999005 -0.005610493687076009
11.619999999999 -0.004718114991086402
11.629999999998994 -0.003076291324158629
11.639999999998988 -0.0013419912060990227
11.649999999998983 -0.0002679560810237305
11.659999999998977 -0.0004081279492295221
11.669999999998971 -0.0017392760096338858
11.679999999998966 -0.003572124428056072
11.68999999999896 -0.004998923295483521
11.699999999998955 -0.00541971998632527
11.70999999999895 -0.004725211351645112
11.719999999998944 -0.003229656587293523
11.729999999998938 -0.0015411905918650203
11.739999999998933 -0.0004078819368642168
11.749999999998927 -0.00044143172415274525
11.759999999998922 -0.001713571439239861
11.769999999998916 -0.003588200729490086
11.77999999999891 -0.005128283158607139
11.789999999998905 -0.005663148983945952
11.7999999999989 -0.005029145548733532
11.809999999998894 -0.0035195240408527574
11.819999999998888 -0.0017379637822589496
11.829999999998883 -0.00043492113833649255
11.839999999998877 -0.00024911872846855734
11.849999999998872 -0.0013281838176976803
11.859999999998866 -0.003123795057676251
11.86999999999886 -0.0047246982447515665
11.879999999998855 -0.005423372922242012
11.88999999999885 -0.00498962178014649
11.899999999998844 -0.003644728527754191
11.909999999998838 -0.0019364174098019903
11.919999999998833 -0.0005972194781143973
11.929999999998827 -0.00030799198939575724
11.939999999998822 -0.0013083212955156943
11.949999999998816 -0.0031205448211278812
11.95999999999881 -0.0048231627705612855
11.969999999998805 -0.00564209914009809
11.9799999999988 -0.005285163343531926
11.989999999998794 -0.003945363441060787
11.999999999998789 -0.0021636147975674816
12.009999999998783 -0.0006726271066731643
12.019999999998777 -0.00017122398076358436
12.029999999998772 -0.0009628186128807563
12.039999999998766 -0.002662311215637283
12.04999999999876 -0.004392826924327679
12.059999999998755 -0.005355574088967501
12.06999999999875 -0.0051967709338773685
12.079999999998744 -0.0040366349742697195
12.089999999998739 -0.002354329773780317
12.099999999998733 -0.0008528905626797075
12.109999999998728 -0.0002572845519225543
12.119999999998722 -0.0009550882347886474
12.129999999998716 -0.0026452285111093197
12.139999999998711 -0.004461482303479494
12.149999999998705 -0.005546746109058601
12.1599999999987 -0.005479434181709824
12.169999999998694 -0.004343220053374073
12.179999999998689 -0.0026070938490163537
12.189999999998683 -0.0009727268012258097
12.199999999998678 -0.00017606689217531147
12.209999999998672 -0.0006556324730498939
12.219999999998667 -0.00220213541310945
12.229999999998661 -0.004011642500573736
12.239999999998656 -0.005216850475976712
12.24999999999865 -0.005340986627531189
12.259999999998644 -0.004395506409063254
12.269999999998639 -0.002783074092983079
12.279999999998633 -0.001165507816598814
12.289999999998628 -0.0002893199868553129
12.299999999998622 -0.0006656185646727354
12.309999999998617 -0.0021774012150039533
12.319999999998611 -0.004052766541391893
12.329999999998606 -0.005378383588342759
12.3399999999986 -0.005606508455713151
12.349999999998595 -0.004703261051817508
12.359999999998589 -0.003056530177372549
12.369999999998583 -0.0013254049946363356
12.379999999998578 -0.000262333909557784
12.389999999998572 -0.00041694041142166613
12.399999999998567 -0.001758231006909374
12.409999999998561 -0.0035913651800605745
12.419999999998556 -0.00500957521454567
12.42999999999855 -0.005417927198258163
12.439999999998545 -0.004712343545426597
12.44999999999854 -0.0032109935922759614
12.459999999998534 -0.0015244791118869125
12.469999999998528 -0.00040119187208705433
12.479999999998522 -0.00044917962078785007
12.489999999998517 -0.0017324212680976127
12.499999999998511 -0.0036084071541347524
12.509999999998506 -0.005140304609368462
12.5199999999985 -0.005662370275596755
12.529999999998495 -0.005016542734049753
12.53999999999849 -0.0035002756796760656
12.549999999998484 -0.0017198005480119996
12.559999999998478 -0.00042601741437018513
12.569999999998473 -0.00025444113198485214
12.579999999998467 -0.0013454364992959262
12.589999999998462 -0.003143934093409914
12.599999999998456 -0.004738052000822194
12.60999999999845 -0.005424713847879386
12.619999999998445 -0.0049791278745531615
12.62999999999844 -0.0036268472366048172
12.639999999998434 -0.0019184333106982605
12.649999999998428 -0.0005874141390610659
12.659999999998423 -0.0003121421538207445
12.669999999998417 -0.001325180880923977
12.679999999998412 -0.0031414267684360575
12.689999999998406 -0.004837864907411514
12.6999999999984 -0.005644594765381089
12.709999999998395 -0.005275135822228854
12.71999999999839 -0.003927109735584417
12.729999999998384 -0.0021443920179237772
12.739999999998378 -0.0006607690593583631
12.749999999998373 -0.00017291514258393397
12.759999999998367 -0.0009777802044757889
12.769999999998362 -0.002682731272675541
12.779999999998356 -0.004408560169589578
12.78999999999835 -0.005360066281760651
12.799999999998345 -0.005188929557612606
12.80999999999834 -0.004019988541216337
12.819999999998334 -0.002335596048614534
12.829999999998329 -0.0008403488449110876
12.839999999998323 -0.00025776574917139367
12.849999999998317 -0.0009693915078163419
12.859999999998312 -0.002666132729743789
12.869999999998306 -0.004478490843455994
12.8799999999983 -0.005552503517804982
12.889999999998295 -0.005472252749008247
12.89999999999829 -0.004326412797691076
12.909999999998284 -0.0025873361736179845
12.919999999998279 -0.0009583164209770124
12.929999999998273 -0.00017411837235842465
12.939999999998268 -0.0006677950646915648
12.949999999998262 -0.0022221842480010133
12.959999999998256 -0.004029347319317321
12.969999999998251 -0.005224432546189018
12.979999999998245 -0.005336020682705791
12.98999999999824 -0.00438051233240645
12.999999999998234 -0.0027641108080874318
13.009999999998229 -0.0011506721334772275
13.019999999998223 -0.00028619522882620066
13.029999999998218 -0.0006768963124178628
13.039999999998212 -0.002197650966084647
13.049999999998207 -0.004071621036081858
13.059999999998201 -0.005387304307989132
13.069999999998196 -0.005602384233634362
13.07999999999819 -0.004688315815952007
13.089999999998184 -0.0030367577315697763
13.099999999998179 -0.0013088998825043403
13.109999999998173 -0.0002568625823306219
13.119999999998168 -0.00042590155244069493
13.129999999998162 -0.0017772468628527308
13.139999999998157 -0.0036105533102812363
13.149999999998151 -0.005020102384680654
13.159999999998146 -0.0054159982094858184
13.16999999999814 -0.004699378583429211
13.179999999998135 -0.0031923072024208506
13.189999999998129 -0.0015078356741882967
13.199999999998123 -0.00039464649077099477
13.209999999998118 -0.00045708206558889216
13.219999999998112 -0.0017513443137928486
13.229999999998107 -0.0036285690870967984
13.239999999998101 -0.0051522003460993055
13.249999999998096 -0.005661447915311888
13.25999999999809 -0.005003833243939576
13.269999999998085 -0.0034809942081690964
13.27999999999808 -0.001701695961803063
13.289999999998074 -0.00041725209269611913
13.299999999998068 -0.0002599214522942679
13.309999999998062 -0.0013627773196323797
13.319999999998057 -0.0031640464784763967
13.329999999998051 -0.004751293126565688
13.339999999998046 -0.005425916003958438
13.34999999999804 -0.004968523298372075
13.359999999998035 -0.003608921837592168
13.36999999999803 -0.0019004943475519453
13.379999999998024 -0.0005777386119310222
13.389999999998018 -0.0003164532604210031
13.399999999998013 -0.001342140507180769
13.409999999998007 -0.003162292174230706
13.419999999998002 -0.004852455843592165
13.429999999997996 -0.005646945461377265
13.43999999999799 -0.005264988459346688
13.449999999997985 -0.003908802283214211
13.45999999999798 -0.0021252048268742846
13.469999999997974 -0.0006490332458568939
13.479999999997968 -0.0001747675717013107
13.489999999997963 -0.0009928543195036228
13.499999999997957 -0.002703152720367496
13.509999999997952 -0.004424196752466523
13.519999999997946 -0.005364420505032409
13.52999999999794 -0.005180966331672679
13.539999999997935 -0.004003278727786973
13.54999999999793 -0.0023168843934499453
13.559999999997924 -0.0008279187801589891
13.569999999997918 -0.00025840818381595216
13.579999999997913 -0.0009838179811750348
13.589999999997907 -0.0026870499476484328
13.599999999997902 -0.0044954066020536755
13.609999999997896 -0.005558118378552447
13.61999999999789 -0.00546494078537251
13.629999999997885 -0.004309532620389311
13.63999999999788 -0.0025675909783267744
13.649999999997874 -0.0009440092296513134
13.659999999997869 -0.00017232873943440771
13.669999999997863 -0.0006800904553149102
13.679999999997857 -0.0022422635698276907
13.689999999997852 -0.0040469751462111556
13.699999999997846 -0.0052318810370478525
13.70999999999784 -0.005330924284368532
13.719999999997835 -0.004365437284096438
13.72999999999783 -0.002745146890755808
13.739999999997824 -0.0011359275620019455
13.749999999997819 -0.000283226277253311
13.759999999997813 -0.0006883156069803272
13.769999999997808 -0.002217943717719128
13.779999999997802 -0.00409040481307435
13.789999999997796 -0.005396088735029367
13.799999999997791 -0.00559812155711636
13.809999999997785 -0.004673280201216655
13.81999999999778 -0.003016975080756576
13.829999999997774 -0.0012924768609394119
13.839999999997769 -0.0002515424941432977
13.849999999997763 -0.00043501070319616384
13.859999999997758 -0.001796322139020442
13.869999999997752 -0.0036296875047933572
13.879999999997747 -0.005030504123547175
13.889999999997741 -0.005413932996235906
13.899999999997736 -0.004686316954676873
13.90999999999773 -0.003173598271168759
13.919999999997724 -0.0014912612604060028
13.929999999997719 -0.0003882464161742448
13.939999999997713 -0.00046513876029352674
13.949999999997708 -0.0017703395116839774
13.959999999997702 -0.003648685565882432
13.969999999997697 -0.0051639700500176805
13.979999999997691 -0.005660382249788293
13.989999999997686 -0.004991017876452265
13.99999999999768 -0.0034616806681247387
14.009999999997675 -0.0016836510666614778
14.019999999997669 -0.0004086257786801441
14.029999999997663 -0.0002655593194697263
14.039999999997658 -0.0013802049897251468
14.049999999997652 -0.003184130843877154
14.059999999997647 -0.00476442081962649
14.069999999997641 -0.005426979262470597
14.079999999997636 -0.004957808465335702
14.08999999999763 -0.003590953132310525
14.099999999997625 -0.0018826015116099265
14.10999999999762 -0.0005681936596342069
14.119999999997614 -0.0003209252428651448
14.129999999997608 -0.0013591991918986827
14.139999999997602 -0.003183139930420367
14.149999999997597 -0.004866935034542084
14.159999999997591 -0.00564915137923689
14.169999999997586 -0.005254721924301898
14.17999999999758 -0.0038904420577826784
14.189999999997575 -0.002106054286714863
14.19999999999757 -0.0006374204359800829
14.209999999997564 -0.0001767811868381985
14.219999999997558 -0.001008039862943639
14.229999999997553 -0.002723574161741023
14.239999999997547 -0.004439735744216345
14.249999999997542 -0.005368636510228084
14.259999999997536 -0.005172881582758288
14.26999999999753 -0.003986506274301095
14.279999999997525 -0.0022981957893193944
14.28999999999752 -0.0008156012389817863
14.299999999997514 -0.00025921202413795627
14.309999999997508 -0.0009983668230478596
14.319999999997503 -0.0027079789677296427
14.329999999997497 -0.004512228826618538
14.339999999997492 -0.00556359064230263
14.349999999997486 -0.0054574988220265795
14.35999999999748 -0.004292580414575703
14.369999999997475 -0.0025478593181569023
14.37999999999747 -0.0009298061177932899
14.389999999997464 -0.00017069817811701771
14.399999999997458 -0.0006925177826139684
14.409999999997453 -0.002262371993194553
14.419999999997447 -0.004064524927788928
14.429999999997442 -0.00523919556545943
14.439999999997436 -0.005325697659147803
14.44999999999743 -0.0043502819341862215
14.459999999997425 -0.00272618329449844
14.46999999999742 -0.001121275047851383
14.479999999997414 -0.00028041352014649177
14.489999999997409 -0.0006998758212447742
14.499999999997403 -0.0022382782473816037
14.509999999997397 -0.004109116934995676
14.519999999997392 -0.005404736618218193
14.529999999997386 -0.0055937208087530445
14.53999999999738 -0.004658155009100204
14.549999999997375 -0.002997183251060926
14.55999999999737 -0.001276136901681406
14.569999999997364 -0.0002463740635384341
14.579999999997359 -0.000444267261644028
14.589999999997353 -0.0018154555107052766
14.599999999997348 -0.003648766596729402
14.609999999997342 -0.005040779902857112
14.619999999997336 -0.005411731671230223
14.629999999997331 -0.004673159249911038
14.639999999997325 -0.0031548677096982724
14.64999999999732 -0.0014747568608285838
14.659999999997314 -0.00038199222860438255
14.669999999997309 -0.00047334931832792313
14.679999999997303 -0.0017894056816670355
14.689999999997298 -0.0036687554990533695
14.699999999997292 -0.005175613269047567
14.709999999997287 -0.005659173502078022
14.719999999997281 -0.004978097331348146
14.729999999997275 -0.0034423360391357388
14.73999999999727 -0.0016656668810735614
14.749999999997264 -0.00040013908654153586
14.759999999997259 -0.00027135440467502376
14.769999999997253 -0.0013977182994981397
14.779999999997248 -0.00320418593176722
14.789999999997242 -0.004777434400239207
14.799999999997237 -0.0054279036084127555
14.809999999997231 -0.004946983877233204
14.819999999997226 -0.003572941977045194
14.82999999999722 -0.0018647558105910269
14.839999999997215 -0.0005587800200659743
14.849999999997209 -0.00032555797089963464
14.859999999997203 -0.0013763558648598418
14.869999999997198 -0.003203968830901259
14.879999999997192 -0.004881301833198014
14.889999999997187 -0.005651212572030164
14.899999999997181 -0.005244336804817434
14.909999999997176 -0.003872029977772756
14.91999999999717 -0.002086941433457392
14.929999999997165 -0.0006259313990793549
14.939999999997159 -0.00017895592979794112
14.949999999997154 -0.001023335792151041
14.959999999997148 -0.002743994282175864
14.969999999997142 -0.004455176312892328
14.979999999997137 -0.005372714141792424
14.989999999997131 -0.005164675713075738
14.999999999997126 -0.003969671971392065
15.00999999999712 -0.002279531237957634
15.019999999997115 -0.0008033970795238459
15.02999999999711 -0.0002601773928117075
15.039999999997104 -0.0010130371342616663
15.049999999997098 -0.0027289185180326236
15.059999999997093 -0.00452895668636267
15.069999999997087 -0.0055689201833908466
15.079999999997082 -0.0054499273234885105
15.089999999997076 -0.004275557025302402
15.09999999999707 -0.0025281422222423254
15.109999999997065 -0.0009157079700386992
15.11999999999706 -0.00016922688414814318
15.129999999997054 -0.0007050762168546979
15.139999999997048 -0.002282508191961159
15.149999999997043 -0.004081995686286351
15.159999999997037 -0.005246375824478772
15.169999999997032 -0.005320341097975104
15.179999999997026 -0.0043350469980819786
15.18999999999702 -0.002707220995336302
15.199999999997015 -0.0011067155329554429
15.20999999999701 -0.00027775731371377317
15.219999999997004 -0.0007115762760233948
15.229999999996998 -0.0022586532746423776
15.239999999996993 -0.004127756405256332
15.249999999996987 -0.005413247647292592
15.259999999996982 -0.005589182317704616
15.269999999996976 -0.004642941000304507
15.27999999999697 -0.0029773832444663314
15.289999999996965 -0.0012598809677334911
15.29999999999696 -0.0002413577123961199
15.309999999996954 -0.0004536706439488489
15.319999999996949 -0.0018346456939768684
15.329999999996943 -0.0036677894776304693
15.339999999996937 -0.0050509292563957475
15.349999999996932 -0.005409394401708594
15.359999999996926 -0.004659906100184616
15.36999999999692 -0.00313611645192588
15.379999999996915 -0.0014583234677857928
15.38999999999691 -0.0003758844869821442
15.399999999996904 -0.0004817133126600853
15.409999999996899 -0.0018085415979061936
15.419999999996893 -0.003688777750272282
15.429999999996888 -0.0051871295063907735
15.439999999996882 -0.00565782185333857
15.449999999996876 -0.004965072274553224
15.459999999996871 -0.0034229612791525127
15.469999999996865 -0.0016477444136957578
15.47999999999686 -0.00039179262925159047
15.489999999996854 -0.00027730638727790295
15.499999999996849 -0.0014153160649940436
15.509999999996843 -0.0032242105284209584
15.519999999996838 -0.004790333239005335
15.529999999996832 -0.00542868907288645
15.539999999996827 -0.004936050071367792
15.549999999996821 -0.0035548892500642673
15.559999999996815 -0.0018469582579716108
15.56999999999681 -0.0005494984175617032
15.579999999996804 -0.0003303512828678761
15.589999999996799 -0.0013936094187523137
15.599999999996793 -0.0032247776351288886
15.609999999996788 -0.004895555559123954
15.619999999996782 -0.005653129060779136
15.629999999996777 -0.005233833661257017
15.639999999996771 -0.003853566942907519
15.649999999996766 -0.002067867293307888
15.65999999999676 -0.0006145669008107271
15.669999999996755 -0.00018129174400776532
15.679999999996749 -0.0010387410791837706
15.689999999996743 -0.002764411799231824
15.699999999996738 -0.004470517667162247
15.709999999996732 -0.0053766532831196765
15.719999999996727 -0.005156349155981715
15.729999999996721 -0.003952776630363872
15.739999999996716 -0.0022608917491037193
15.74999999999671 -0.0007913071521971879
15.759999999996705 -0.00026130438836279095
15.769999999996699 -0.0010278279847375806
15.779999999996694 -0.0027498672994360172
15.789999999996688 -0.004545589325902839
15.799999999996682 -0.005574106852339296
15.809999999996677 -0.005442226732828006
15.819999999996671 -0.004258463281871142
15.829999999996666 -0.002508440710628898
15.83999999999666 -0.0009017156662962885
15.849999999996655 -0.00016791505092396538
15.85999999999665 -0.0007177649343997212
15.869999999996644 -0.0023026708620921795
15.879999999996638 -0.00409938647634733
15.889999999996633 -0.005253421540064633
15.899999999996627 -0.0053148549190914504
15.909999999996622 -0.0043197332102934945
15.919999999996616 -0.0026882609785204726
15.92999999999661 -0.0010922499557901554
15.939999999996605 -0.00027525799594966773
15.9499999999966 -0.0007234162658535013
15.959999999996594 -0.002279067496638195
15.969999999996588 -0.0041463222092022745
15.979999999996583 -0.005421621494911405
15.989999999996577 -0.005584506396982817
15.999999999996572 -0.004627638922762232
16.009999999996584 -0.002957576054991777
16.019999999996596 -0.0012437100172350414
16.02999999999661 -0.00023649385819161
16.03999999999662 -0.000463220266212528
16.049999999996633 -0.0018538914184876862
16.059999999996645 -0.0036867550644019854
16.069999999996657 -0.005060951745747815
16.07999999999667 -0.005406921378915312
16.08999999999668 -0.004646558154044526
16.099999999996694 -0.003117345441533355
16.109999999996706 -0.0014419620732380773
16.11999999999672 -0.0003699237369183373
16.12999999999673 -0.0004902302937281952
16.139999999996743 -0.0018277460149587154
16.149999999996755 -0.0037087511696974255
16.159999999996767 -0.005198518253532477
16.16999999999678 -0.005656327473238687
16.17999999999679 -0.004951943362093573
16.189999999996804 -0.003403557339496113
16.199999999996816 -0.0016298846687203936
16.20999999999683 -0.00038358701464343616
16.21999999999684 -0.00028341494252202045
16.229999999996853 -0.0014329971087105923
16.239999999996865 -0.003244203439261682
16.249999999996877 -0.004803116729982712
16.25999999999689 -0.005429335708191133
16.2699999999969 -0.0049250076010258475
16.279999999996914 -0.0035367958394877824
16.289999999996926 -0.0018292098690359797
16.29999999999694 -0.0005403495671886045
16.30999999999695 -0.00033530499788750925
16.319999999996963 -0.0014109587282006267
16.329999999996975 -0.0032455650918917244
16.339999999996987 -0.004909695524282006
16.349999999997 -0.0056549008590186444
16.35999999999701 -0.0052232130468003795
16.369999999997024 -0.0038350538477005276
16.379999999997036 -0.0020488328887083014
16.38999999999705 -0.000603327701817149
16.39999999999706 -0.00018378856644580172
16.409999999997073 -0.0010542546967722633
16.419999999997085 -0.0027848254439780443
16.429999999997097 -0.00448575903537863
16.43999999999711 -0.00538045383642676
16.44999999999712 -0.005147902359488968
16.459999999997134 -0.003935821072191258
16.469999999997146 -0.0022422783358044492
16.47999999999716 -0.000779332301438646
16.48999999999717 -0.00026259309319308924
16.499999999997183 -0.0010427384271757697
16.509999999997195 -0.002770824003517267
16.519999999997207 -0.004562125885232556
16.52999999999722 -0.00557915049552041
16.53999999999723 -0.005434397488470643
16.549999999997244 -0.004241300009800723
16.559999999997256 -0.0024887558004493405
16.56999999999727 -0.0008878300820900216
16.57999999999728 -0.00016676286443079185
16.589999999997293 -0.000730583107844111
16.599999999997305 -0.0023228587078530302
16.609999999997317 -0.004116696368903401
16.61999999999733 -0.005260332454973059
16.62999999999734 -0.005309239454283642
16.639999999997354 -0.00430434131468829
16.649999999997366 -0.0026693042336119626
16.65999999999738 -0.001077879251493255
16.66999999999739 -0.0002729158917038524
16.679999999997403 -0.0007353950686856153
16.689999999997415 -0.0022995196013875898
16.699999999997427 -0.0041648133294832
16.70999999999744 -0.005429857832264436
16.71999999999745 -0.0055796933572947825
16.729999999997464 -0.00461224952201958
16.739999999997476 -0.0029377626746530635
16.74999999999749 -0.001227625004821412
16.7599999999975 -0.0002317829110291764
16.769999999997513 -0.0004729155376554101
16.779999999997525 -0.0018731914173868115
16.789999999997537 -0.0037056622870227478
16.79999999999755 -0.005070846947531492
16.80999999999756 -0.005404312806740951
16.819999999997574 -0.004633116069054321
16.829999999997586 -0.0030985556271566532
16.839999999997598 -0.0014256736678805464
16.84999999999761 -0.00036411051371263
16.859999999997623 -0.0004988997961676786
16.869999999997635 -0.0018470176776070892
16.879999999997647 -0.0037286746057293937
16.88999999999766 -0.005209779002533338
16.89999999999767 -0.005654690531249108
16.909999999997684 -0.004938711248966067
16.919999999997696 -0.0033841251703975355
16.929999999997708 -0.001612088647805071
16.93999999999772 -0.0003755228438841101
16.949999999997733 -0.0002896797369081801
16.959999999997745 -0.0014507602523222338
16.969999999997757 -0.00326416347959204
16.97999999999777 -0.0048157842806651405
16.98999999999778 -0.005429843578548834
16.999999999997794 -0.004913857028216146
17.009999999997806 -0.003518662638785698
17.019999999997818 -0.0018115116594053817
17.02999999999783 -0.0005313341763252577
17.039999999997843 -0.00034041892040703064
17.049999999997855 -0.0014284026569467818
17.059999999997867 -0.003266329948231523
17.06999999999788 -0.004923721042640304
17.07999999999789 -0.005656527981918824
17.089999999997904 -0.0052124755149205735
17.099999999997916 -0.003816491586459607
17.109999999997928 -0.002029839240529488
17.11999999999794 -0.0005922145571644108
17.129999999997953 -0.00018644632459425276
17.139999999997965 -0.00106987561313435
17.149999999997977 -0.002805233954084035
17.15999999999799 -0.004500899657791271
17.169999999998 -0.005384115715255048
17.179999999998014 -0.0051393357801285625
17.189999999998026 -0.003918806123434005
17.199999999998038 -0.0022236920126638498
17.20999999999805 -0.0007674733663408564
17.219999999998063 -0.00026404357656653507
17.229999999998075 -0.0010577675022288885
17.239999999998087 -0.0027917873192831537
17.2499999999981 -0.0045785655071806895
17.25999999999811 -0.005584050962462684
17.269999999998124 -0.0054264400304239605
17.279999999998136 -0.004224068035249013
17.289999999998148 -0.002469088508175994
17.29999999999816 -0.0008740520886213504
17.309999999998173 -0.00016577050130887682
17.319999999998185 -0.0007435299023700023
17.329999999998197 -0.0023430704367247636
17.33999999999821 -0.004133924445185515
17.34999999999822 -0.005267108322755928
17.359999999998234 -0.005303495043757724
17.369999999998246 -0.00428887206086875
17.379999999998258 -0.0026503517526475155
17.38999999999827 -0.0010636043518835415
17.399999999998283 -0.00027073131454783024
17.409999999998295 -0.0007475119495461822
17.419999999998307 -0.0023200082728340706
17.42999999999832 -0.004183228751807992
17.43999999999833 -0.005437956334876866
17.449999999998344 -0.005574743512170996
17.459999999998356 -0.004596773545073807
17.469999999998368 -0.0029179440956445387
17.47999999999838 -0.0012116268820732687
17.489999999998393 -0.00022722527248077582
17.499999999998405 -0.00048275585808822214
17.509999999998417 -0.0018925444236264988
17.51999999999843 -0.003724510083994555
17.52999999999844 -0.00508061444864332
17.539999999998454 -0.00540156889748755
17.549999999998466 -0.004619580508639913
17.559999999998478 -0.0030797479605922783
17.56999999999849 -0.0014094592407874178
17.579999999998503 -0.0003584453434380985
17.589999999998515 -0.0005077213413459537
17.599999999998527 -0.0018663553246066442
17.60999999999854 -0.0037485469094296515
17.61999999999855 -0.005220911250606786
17.629999999998564 -0.005652911200823507
17.639999999998576 -0.004925376592416414
17.649999999998588 -0.0033646657230288167
17.6599999999986 -0.0015943573507430303
17.669999999998613 -0.00036760071084701015
17.679999999998625 -0.0002961004264676528
17.689999999998637 -0.0014686043140320778
17.69999999999865 -0.003284089471182025
17.70999999999866 -0.004828335308253406
17.719999999998674 -0.005430212756642735
17.729999999998686 -0.004902598920963436
17.739999999998698 -0.0035004905450987485
17.74999999999871 -0.00179386464447064
17.759999999998723 -0.0005224529452122186
17.769999999998735 -0.00034569284190743947
17.779999999998747 -0.0014459400606041614
17.78999999999876 -0.0032870709528223445
17.79999999999877 -0.004937631433759163
17.809999999998784 -0.005658010449662789
17.819999999998796 -0.005201621622144808
17.829999999998808 -0.00379788105512452
17.83999999999882 -0.0020108873688478176
17.849999999998833 -0.000581228216074488
17.859999999998845 -0.00018926493528132013
17.869999999998857 -0.0010856027900990148
17.87999999999887 -0.0028256360712995685
17.88999999999888 -0.0045159387836562915
17.899999999998894 -0.005387638841670551
17.909999999998906 -0.005130649880658312
17.919999999998918 -0.003901732614712601
17.92999999999893 -0.0022051337951747773
17.939999999998943 -0.0007557311808489968
17.949999999998955 -0.0002656558957045313
17.959999999998967 -0.0010729142404944001
17.96999999999898 -0.002812755935745031
17.97999999999899 -0.004594907340206463
17.989999999999004 -0.005588808108558165
17.999999999999016 -0.005418354802574253
18.009999999999028 -0.004206768186638273
18.01999999999904 -0.0024494398504267363
18.029999999999053 -0.000860382552740136
18.039999999999065 -0.00016493812809418126
18.049999999999077 -0.0007566044744292713
18.05999999999909 -0.0023633047575740466
18.0699999999991 -0.004151069794512453
18.079999999999114 -0.00527374890552025
18.089999999999126 -0.005297622034220828
18.099999999999138 -0.00427332620281891
18.10999999999915 -0.0026314045294424586
18.119999999999163 -0.0010494261854321124
18.129999999999175 -0.00026870456743793413
18.139999999999187 -0.0007597661619471422
18.1499999999992 -0.0023405321928014295
18.15999999999921 -0.004201567467116149
18.169999999999224 -0.005445916684763584
18.179999999999236 -0.005569657179853677
18.189999999999248 -0.004581211741783028
18.19999999999926 -0.00289812131112419
18.209999999999273 -0.0011957165976382792
18.219999999999285 -0.00022282133510790955
18.229999999999297 -0.0004927406169923899
18.23999999999931 -0.001911949168655981
18.24999999999932 -0.0037432974006771933
18.259999999999334 -0.005090253844484409
18.269999999999346 -0.005398689870280572
18.279999999999358 -0.004605952140908729
18.28999999999937 -0.0030609233961175495
18.299999999999383 -0.0013933197792474785
18.309999999999395 -0.0003529287433035961
18.319999999999407 -0.0005166944383284375
18.32999999999942 -0.0018857576901609
18.33999999999943 -0.0037683669362065506
18.349999999999444 -0.005231914501823421
18.359999999999456 -0.005650989660936092
18.369999999999468 -0.004911940053141833
18.37999999999948 -0.0033451799502368113
18.389999999999493 -0.001576691775673467
18.399999999999505 -0.00035982120182800615
18.409999999999517 -0.00030267665612084704
18.41999999999953 -0.0014865281076542342
18.42999999999954 -0.0033039802410409153
18.439999999999554 -0.004840769238268775
18.449999999999566 -0.005430443322317097
18.459999999999578 -0.004891233852293039
18.46999999999959 -0.0034822804586032248
18.479999999999603 -0.0017762698391532402
18.489999999999615 -0.00051370656711148
18.499999999999627 -0.0003511265415345145
18.50999999999964 -0.0014635697877576975
18.51999999999965 -0.0033077868572821746
18.529999999999664 -0.004951426024134071
18.539999999999676 -0.005659348288688787
18.549999999999688 -0.00519065192906502
18.5599999999997 -0.0037792231519321075
18.569999999999713 -0.0019919782932011744
18.579999999999725 -0.0005703694217759017
18.589999999999737 -0.00019224430423295914
18.59999999999975 -0.0011014351824676768
18.60999999999976 -0.002846030540572112
18.619999999999774 -0.004530875670168876
18.629999999999786 -0.005391023145211504
18.639999999999798 -0.005121845129199292
18.64999999999981 -0.0038846013801318224
18.659999999999823 -0.002186604699446798
18.669999999999835 -0.0007441065737893109
18.679999999999847 -0.00026743009617252115
18.68999999999986 -0.0010881776633183578
18.69999999999987 -0.002833728542943422
18.709999999999884 -0.004611150539456981
18.719999999999896 -0.005593421796058812
18.729999999999908 -0.005410142253523062
18.73999999999992 -0.0041894012952434926
18.749999999999932 -0.0024298108442373356
18.759999999999945 -0.0008468223368868951
18.769999999999957 -0.00016426590090429948
18.77999999999997 -0.0007698059712982817
18.78999999999998 -0.00238356038003798
18.799999999999994 -0.004168131513485738
18.810000000000006 -0.005280253973086213
18.820000000000018 -0.005291620778155089
18.83000000000003 -0.004257704498391981
18.840000000000042 -0.0026124635593123085
18.850000000000055 -0.001035345677210707
18.860000000000067 -0.0002668359429261859
18.87000000000008 -0.0007721569484535758
18.88000000000009 -0.0023610900417963773
18.890000000000104 -0.004219828472413462
18.900000000000116 -0.005453738571225074
18.910000000000128 -0.005564434683981514
18.92000000000014 -0.004565564865375846
18.930000000000152 -0.0028782953154826074
18.940000000000165 -0.0011798950972340713
18.950000000000177 -0.00021857148224149433
18.96000000000019 -0.0005028691932036755
18.9700000000002 -0.0019314043820073336
18.980000000000214 -0.0037620231886988254
18.990000000000226 -0.005099764738296285
19.000000000000238 -0.005395675950464795
19.01000000000025 -0.004592231638200921
19.020000000000262 -0.0030420828902217385
19.030000000000275 -0.001377256268666781
19.040000000000287 -0.0003475612217436224
19.0500000000003 -0.0005258185842583072
19.06000000000031 -0.0019052235045483638
19.070000000000324 -0.003788133546482036
19.080000000000336 -0.005242788267745595
19.090000000000348 -0.005648926096636735
19.10000000000036 -0.004898402295723782
19.110000000000372 -0.0033256688067967786
19.120000000000385 -0.00155909291912328
19.130000000000397 -0.00035218489539272905
19.14000000000041 -0.00030940805944377743
19.15000000000042 -0.0015045304423429338
19.160000000000434 -0.003323834621003439
19.170000000000446 -0.004853085504038488
19.180000000000458 -0.005430535362080518
19.19000000000047 -0.004879762399841965
19.200000000000482 -0.003464033282261731
19.210000000000495 -0.0017587282577860085
19.220000000000507 -0.0005050957283180572
19.23000000000052 -0.0003567197863318916
19.24000000000053 -0.0014812906804468312
19.250000000000544 -0.003328476416713392
19.260000000000556 -0.0049651041477031975
19.270000000000568 -0.005660541532137378
19.28000000000058 -0.005179567000698079
19.290000000000592 -0.0037605187776474053
19.300000000000605 -0.00197311303265358
19.310000000000617 -0.0005596389114004573
19.32000000000063 -0.00019538432589215446
19.33000000000064 -0.001117371737839096
19.340000000000654 -0.0028664161097742232
19.350000000000666 -0.004545709582074759
19.360000000000678 -0.005394268562485105
19.37000000000069 -0.0051129219989021705
19.380000000000702 -0.003867413257054784
19.390000000000715 -0.0021681057420795693
19.400000000000727 -0.000732600368832993
19.41000000000074 -0.0002693662120017701
19.42000000000075 -0.0011035567831558211
19.430000000000764 -0.002854703832393441
19.440000000000776 -0.004627294267176572
19.450000000000788 -0.005597891894436056
19.4600000000008 -0.0054018028368821355
19.470000000000812 -0.004171968195396878
19.480000000000825 -0.0024102025071368245
19.490000000000837 -0.0008333722990258967
19.50000000000085 -0.0001637539652921839
19.51000000000086 -0.0007831335309596789
19.520000000000874 -0.0024038360143618263
19.530000000000886 -0.004185108705708287
19.540000000000898 -0.00528662330266531
19.55000000000091 -0.005285491633533483
19.560000000000922 -0.004242007709109099
19.570000000000935 -0.0025935298389477405
19.580000000000947 -0.001021363748829263
19.59000000000096 -0.00026512572320163205
19.60000000000097 -0.0007846835409373716
19.610000000000984 -0.002381680499380271
19.620000000000996 -0.004238010771108987
19.630000000001008 -0.005461421691137533
19.64000000000102 -0.005559076353827503
19.650000000001032 -0.0045498336726277405
19.660000000001045 -0.002858467104421726
19.670000000001057 -0.0011641633236087613
19.68000000000107 -0.00021447608785986385
19.69000000000108 -0.000513140954822383
19.700000000001094 -0.001950908791213734
19.710000000001106 -0.0037806864057662207
19.720000000001118 -0.0051091467409095735
19.73000000000113 -0.005392527369365551
19.740000000001142 -0.004578419676911975
19.750000000001155 -0.0030232274014891022
19.760000000001167 -0.0013612696924948774
19.77000000000118 -0.00034234327840608996
19.78000000000119 -0.0005350932645180112
19.790000000001204 -0.0019247514944327158
19.800000000001216 -0.003807845605977896
19.810000000001228 -0.005253532067663609
19.82000000000124 -0.005646720699241062
19.830000000001252 -0.004884763988775448
19.840000000001265 -0.0033061332494887232
19.850000000001277 -0.0015415617759874565
19.86000000000129 -0.00034469236227418587
19.8700000000013 -0.00031629425858854885
19.880000000001314 -0.001522610122564132
19.890000000001326 -0.0033436514476186843
19.900000000001338 -0.004865283546505559
19.91000000000135 -0.0054304889689075365
19.920000000001362 -0.004868185145702713
19.930000000001375 -0.0034457499217159207
19.940000000001387 -0.0017412409140363874
19.9500000000014 -0.0004966211081150589
19.96000000000141 -0.0003624723313249862
19.970000000001424 -0.0014991015744182025
19.980000000001436 -0.0033491383899546517
19.990000000001448 -0.004978665146043178
20.00000000000146 -0.00566159022000316
