t val
0.01 0.0002743134948424153
0.020000000000000004 -0.0018744372263501674
0.030000000000000013 -0.00332664167629515
0.04000000000000002 -0.005402000953862007
0.05000000000000003 -0.006013915025034677
0.06000000000000004 -0.0075690358297491045
0.07000000000000005 -0.008893670421212363
0.08000000000000006 -0.011740464946910834
0.09000000000000007 -0.014001552359163227
0.10000000000000007 -0.017113071018430404
0.11000000000000008 -0.019294365225139387
0.12000000000000009 -0.022337642743552877
0.1300000000000001 -0.024845451474359237
0.1400000000000001 -0.027830756275644575
0.1500000000000001 -0.030462381004003447
0.16000000000000011 -0.03324261368079817
0.17000000000000012 -0.03588723001641014
0.18000000000000013 -0.03836301892619076
0.19000000000000014 -0.04042950682561397
0.20000000000000015 -0.042394810385321335
0.21000000000000016 -0.044036667422510334
0.22000000000000017 -0.0460794340211379
0.23000000000000018 -0.04775300790625536
0.24000000000000019 -0.04964520976749398
0.25000000000000017 -0.05098306111734274
0.2600000000000002 -0.052606272546412924
0.2700000000000002 -0.05416799657630378
0.2800000000000002 -0.05620145130678367
0.2900000000000002 -0.05814747264125941
0.3000000000000002 -0.060342830260147196
0.3100000000000002 -0.062313617917837405
0.32000000000000023 -0.06468863476436582
0.33000000000000024 -0.06700083295012149
0.34000000000000025 -0.06970750941698611
0.35000000000000026 -0.07218832020470956
0.36000000000000026 -0.07474307497409427
0.3700000000000003 -0.07707863720364827
0.3800000000000003 -0.07940992545904635
0.3900000000000003 -0.08159977355354187
0.4000000000000003 -0.083675237914548
0.4100000000000003 -0.08543992948449386
0.4200000000000003 -0.08699994894836749
0.4300000000000003 -0.08814279280555581
0.44000000000000034 -0.08916768574454892
0.45000000000000034 -0.08979038046057752
0.46000000000000035 -0.09035386055190031
0.47000000000000036 -0.09056714020972123
0.48000000000000037 -0.0906755607963845
0.4900000000000004 -0.09046768440350661
0.5000000000000003 -0.09015271248403423
0.5100000000000003 -0.089654094059199
0.5200000000000004 -0.08919522220755027
0.5300000000000004 -0.08863512380085581
0.5400000000000004 -0.08812246104928789
0.5500000000000004 -0.08740862685581874
0.5600000000000004 -0.08667935646283809
0.5700000000000004 -0.08578149996768047
0.5800000000000004 -0.08490297671966118
0.5900000000000004 -0.0838830661489709
0.6000000000000004 -0.0827013547556561
0.6100000000000004 -0.08113302549581647
0.6200000000000004 -0.07909406252832696
0.6300000000000004 -0.07638834330875
0.6400000000000005 -0.07296052045563783
0.6500000000000005 -0.06848481282315788
0.6600000000000005 -0.06278391120568472
0.6700000000000005 -0.055337817271833956
0.6800000000000005 -0.045879598417585044
0.6900000000000005 -0.033868963990300927
0.7000000000000005 -0.019004165022678876
0.7100000000000005 -0.000771662855029831
0.7200000000000005 0.021214332051016527
0.7300000000000005 0.04748531955983992
0.7400000000000005 0.07843571576208319
0.7500000000000006 0.11452122277680132
0.7600000000000006 0.15598220465145118
0.7700000000000006 0.2031305980379443
0.7800000000000006 0.25607681167390695
0.7900000000000006 0.31505545133414614
0.8000000000000006 0.380137495477598
0.8100000000000006 0.4514590015106137
0.8200000000000006 0.5290093585374365
0.8300000000000006 0.612786273597635
0.8400000000000006 0.7027040015403543
0.8500000000000006 0.7987221454889664
0.8600000000000007 0.9007351917759223
0.8700000000000007 1.008694629329625
0.8800000000000007 1.122414884546174
0.8900000000000007 1.2417659081034174
0.9000000000000007 1.366467775737945
0.9100000000000007 1.4963205745945345
0.9200000000000007 1.6310183701186958
0.9300000000000007 1.7703104159963772
0.9400000000000007 1.9138561511376082
0.9500000000000007 2.061328783440402
0.9600000000000007 2.2123220690651664
0.9700000000000008 2.366456596579795
0.9800000000000008 2.5232792646176136
0.9900000000000008 2.682381923256372
1.0000000000000007 2.8432607068553466
1.0100000000000007 3.005444549001254
1.0200000000000007 3.1683633947041443
1.0300000000000007 3.331469125773154
1.0400000000000007 3.4941404268941483
1.0500000000000007 3.6557467236123955
1.0600000000000007 3.815549738392619
1.0700000000000007 3.972698341901804
1.0800000000000007 4.1260929976984215
1.0900000000000007 4.274378241915727
1.1000000000000008 4.415828174212692
1.1100000000000008 4.548464696254001
1.1200000000000008 4.6700936586830295
1.1300000000000008 4.778592905135113
1.1400000000000008 4.872058780046913
1.1500000000000008 4.949037288625348
1.1600000000000008 5.00853662429428
1.1700000000000008 5.050027775554398
1.1800000000000008 5.073326464730343
1.1900000000000008 5.078556592271511
1.2000000000000008 5.066077235945912
1.2100000000000009 5.036502249445803
1.2200000000000009 4.990588697710834
1.2300000000000009 4.929171491528649
1.2400000000000009 4.852962750672333
1.2500000000000009 4.762475140816548
1.260000000000001 4.657933964173793
1.270000000000001 4.539341973186822
1.280000000000001 4.406535782784218
1.290000000000001 4.259296485685127
1.300000000000001 4.097394345287086
1.310000000000001 3.9206779308670505
1.320000000000001 3.7291207206829853
1.330000000000001 3.5229638073317204
1.340000000000001 3.302792799735464
1.350000000000001 3.06965198138802
1.360000000000001 2.8250176213296214
1.370000000000001 2.5707502488904552
1.380000000000001 2.30894631102246
1.390000000000001 2.0418141354261934
1.400000000000001 1.7715351146308933
1.410000000000001 1.5001744380967708
1.420000000000001 1.2295750389454838
1.430000000000001 0.9612956725521542
1.440000000000001 0.6965346849360792
1.450000000000001 0.4361460204751815
1.460000000000001 0.18068102039741163
1.470000000000001 -0.06946908292175635
1.480000000000001 -0.31393731486111065
1.490000000000001 -0.5522339979785613
1.500000000000001 -0.7836731037797264
1.5100000000000011 -1.0073422104197718
1.5200000000000011 -1.2221446404305745
1.5300000000000011 -1.426861748161743
1.5400000000000011 -1.6202683512497202
1.5500000000000012 -1.8012468034131288
1.5600000000000012 -1.9689451813772934
1.5700000000000012 -2.122898513512837
1.5800000000000012 -2.2631357762534607
1.5900000000000012 -2.3901886824323038
1.6000000000000012 -2.5050326343711022
1.6100000000000012 -2.608936142589945
1.6200000000000012 -2.7032822901252676
1.6300000000000012 -2.789375930415183
1.6400000000000012 -2.8682956978812992
1.6500000000000012 -2.940780809886988
1.6600000000000013 -3.0071948559839576
1.6700000000000013 -3.0675342786258533
1.6800000000000013 -3.1215196627637773
1.6900000000000013 -3.1687238358101126
1.7000000000000013 -3.208746606619453
1.7100000000000013 -3.241370355819349
1.7200000000000013 -3.2666782727557546
1.7300000000000013 -3.285086727873182
1.7400000000000013 -3.2973003995367236
1.7500000000000013 -3.3041914585731966
1.7600000000000013 -3.3066531739323395
1.7700000000000014 -3.3054458059083167
1.7800000000000014 -3.3010873593853916
1.7900000000000014 -3.2937881720696573
1.8000000000000014 -3.2834616435139665
1.8100000000000014 -3.269791616058562
1.8200000000000014 -3.252359924044111
1.8300000000000014 -3.2307941209886337
1.8400000000000014 -3.2049073210741614
1.8500000000000014 -3.174780806987842
1.8600000000000014 -3.140769198934496
1.8700000000000014 -3.103411673498856
1.8800000000000014 -3.063280814492762
1.8900000000000015 -3.0207959270066116
1.9000000000000015 -2.9760631748085395
1.9100000000000015 -2.9287710428284477
1.9200000000000015 -2.878181710481098
1.9300000000000015 -2.823214781290399
1.9400000000000015 -2.7626202218203613
1.9500000000000015 -2.695202012688349
1.9600000000000015 -2.6200548253365126
1.9700000000000015 -2.536756104782187
1.9800000000000015 -2.445474973102888
1.9900000000000015 -2.346960460301567
2.0000000000000013 -2.2424158493675073
2.0100000000000002 -2.1344364377566585
2.019999999999999 -2.0250221890616444
2.029999999999998 -1.9129321771586412
2.039999999999997 -1.8003104152757015
2.049999999999996 -1.6858691928282
2.0599999999999947 -1.571903186219929
2.0699999999999936 -1.45593898644319
2.0799999999999925 -1.3389382868794506
2.0899999999999914 -1.2169166407859429
2.0999999999999903 -1.0909946221613325
2.109999999999989 -0.9593502281588684
2.119999999999988 -0.8235841580113927
2.129999999999987 -0.6826482830261789
2.139999999999986 -0.5379137635083495
2.149999999999985 -0.3911194093674766
2.1599999999999837 -0.24519781883159553
2.1699999999999826 -0.10475458223031708
2.1799999999999815 0.029189625180212175
2.1899999999999804 0.15860464901975746
2.1999999999999793 0.2919964903009955
2.209999999999978 0.44109931509710165
2.219999999999977 0.6172113783168172
2.229999999999976 0.8257424469916437
2.239999999999975 1.0606137959004869
2.249999999999974 1.3067305283804522
2.2599999999999727 1.541049266672367
2.2699999999999716 1.7427451903488667
2.2799999999999705 1.8962396803488168
2.2899999999999694 1.9969549452974071
2.2999999999999683 2.0478735357662075
2.309999999999967 2.060713170419234
2.319999999999966 2.050842260008082
2.329999999999965 2.038724316716422
2.339999999999964 2.04562047427968
2.349999999999963 2.092678251858679
2.3599999999999617 2.1945911421448194
2.3699999999999606 2.356819327015579
2.3799999999999595 2.572830954929323
2.3899999999999584 2.825481063170283
2.3999999999999573 3.0918972697122555
2.409999999999956 3.348858108714108
2.419999999999955 3.577815560612372
2.429999999999954 3.7672722590824534
2.439999999999953 3.912298593219468
2.4499999999999518 4.013616562206813
2.4599999999999507 4.075145840732468
2.4699999999999496 4.104360918088826
2.4799999999999485 4.110373740898403
2.4899999999999474 4.10440199153966
2.4999999999999463 4.097551960285969
2.509999999999945 4.100733900068796
2.519999999999944 4.123566314916623
2.529999999999943 4.176148563417833
2.539999999999942 4.269156187036668
2.5499999999999408 4.414842066851691
2.5599999999999397 4.624426170511175
2.5699999999999386 4.905283505206992
2.5799999999999375 5.25603425807633
2.5899999999999364 5.663983732505027
2.5999999999999353 6.1040253987633015
2.609999999999934 6.540882055839386
2.619999999999933 6.933641934733409
2.629999999999932 7.241842230320021
2.639999999999931 7.432029349987626
2.6499999999999297 7.484352461566267
2.6599999999999286 7.397534225416692
2.6699999999999275 7.192334158715781
2.6799999999999264 6.910916528921398
2.6899999999999253 6.613269556177688
2.6999999999999242 6.368592403832
2.709999999999923 6.245085863881421
2.719999999999922 6.2982525454659
2.729999999999921 6.561638413439123
2.73999999999992 7.040394753188615
2.7499999999999187 7.709783963633761
2.7599999999999176 8.517315098582905
2.7699999999999165 9.38924243562359
2.7799999999999154 10.239337148622582
2.7899999999999143 10.980016601406529
2.7999999999999132 11.533378995249219
2.809999999999912 11.841714585673078
2.819999999999911 11.875216253243234
2.82999999999991 11.636434560854745
2.839999999999909 11.160745461028139
2.8499999999999077 10.513204604512492
2.8599999999999066 9.782367807481172
2.8699999999999055 9.072135999498265
2.8799999999999044 8.491882472223054
2.8899999999999033 8.145762168997244
2.899999999999902 8.120999920571709
2.909999999999901 8.476684387694565
2.9199999999999 9.233450249301459
2.929999999999899 10.36641493138799
2.939999999999898 11.802125240924134
2.9499999999998967 13.421245171490327
2.9599999999998956 15.067069766933717
2.9699999999998945 16.56022114240096
2.9799999999998934 17.718240282494925
2.9899999999998923 18.378979754132338
2.999999999999891 18.42489951153142
3.00999999999989 17.805504491047493
3.019999999999889 16.553601768064297
3.029999999999888 14.792117518102735
3.039999999999887 12.728392157481235
3.0499999999998857 10.635536975063623
3.0599999999998846 8.822107667470494
3.0699999999998835 7.593541107225889
3.0799999999998824 7.209736591991039
3.0899999999998813 7.844243053561971
3.09999999999988 9.550685496498645
3.109999999999879 12.242610685381603
3.119999999999878 15.69137180068283
3.129999999999877 19.544663274961053
3.139999999999876 23.36392091455067
3.1499999999998747 26.676001429307924
3.1599999999998736 29.03214957516199
3.1699999999998725 30.067713131994534
3.1799999999998714 29.556237233251572
3.1899999999998703 27.45165960933631
3.199999999999869 23.911354535923895
3.209999999999868 19.29389705349545
3.219999999999867 14.129029097920892
3.229999999999866 9.063587884620361
3.2399999999998648 4.791073345819282
3.2499999999998637 1.9728465523114274
3.2599999999998626 1.1557202191329168
3.2699999999998615 2.6902480067963204
3.2799999999998604 6.658547149344045
3.2899999999998593 12.828140322819547
3.299999999999858 20.649909029579423
3.309999999999857 29.307967078232885
3.319999999999856 37.81087274605496
3.329999999999855 45.10203438123142
3.3399999999998538 50.17213861294212
3.3499999999998527 52.17298966287919
3.3599999999998515 50.5401914122171
3.3699999999998504 45.1182667933261
3.3799999999998493 36.2529760527379
3.3899999999998482 24.802924964222
3.399999999999847 12.050152366861674
3.409999999999846 -0.45790705173779855
3.419999999999845 -11.075930213357047
3.429999999999844 -18.20759092700792
3.4399999999998427 -20.459875486504902
3.4499999999998416 -16.858222515253484
3.4599999999998405 -7.123810223122948
3.4699999999998394 8.096892426187125
3.4799999999998383 27.221844810659334
3.4899999999998372 48.009961751740285
3.499999999999836 67.97562290942311
3.509999999999835 84.69588714108674
3.519999999999834 95.91501937321921
3.529999999999833 99.60259724826929
3.5399999999998317 94.23379039828703
3.5499999999998306 79.37521954113488
3.5599999999998295 56.22751695636664
3.5699999999998284 27.554675052741658
3.5799999999998273 -3.0895665115240547
3.589999999999826 -32.1989041529453
3.599999999999825 -56.57438797342688
3.609999999999824 -73.01358718559152
3.619999999999823 -78.00398084782253
3.629999999999822 -68.26480667517602
3.6399999999998207 -42.566025467520944
3.6499999999998196 -3.6389704341526468
3.6599999999998185 42.25377226437398
3.6699999999998174 88.35263433556914
3.6799999999998163 129.93567223946627
3.689999999999815 164.13696112797498
3.699999999999814 187.87008835068815
3.709999999999813 195.7429795628097
3.719999999999812 180.80367231423025
3.729999999999811 140.30644937860114
3.7399999999998097 81.07708141848886
3.7499999999998086 15.375973059605442
3.7599999999998075 -47.63170571314831
3.7699999999998064 -103.64686334378551
3.7799999999998053 -150.13902479251374
3.789999999999804 -183.2425672924628
3.799999999999803 -192.127403861121
3.809999999999802 -159.93793134947052
3.819999999999801 -85.20195006711998
3.8299999999998 6.253032723039155
3.8399999999997987 89.37906050364799
3.8499999999997976 158.73150151036208
3.8599999999997965 213.8148494909716
3.8699999999997954 257.99440529393604
3.8799999999997943 291.66270495193345
3.889999999999793 288.363115842274
3.899999999999792 226.37808103052453
3.909999999999791 134.56548306002244
3.91999999999979 44.465846733763
3.9299999999997888 -41.93255589230435
3.9399999999997877 -104.53484900398448
3.9499999999997866 -141.7451069628611
3.9599999999997855 -172.4590657460044
3.9699999999997844 -175.93465653028312
3.9799999999997833 -139.04462968192348
3.989999999999782 -92.02776869396611
3.999999999999781 -41.91466094896356
4.00999999999978 18.056092034648316
4.019999999999779 71.88915863567573
4.029999999999778 114.06323226912616
4.039999999999777 152.24790562738613
4.049999999999776 167.68211237207453
4.059999999999775 159.8282613547549
4.069999999999774 153.6205214485874
4.079999999999773 139.77222714781828
4.089999999999772 107.10160270728906
4.0999999999997705 63.97091999993688
4.109999999999769 4.980910622844576
4.119999999999768 -62.67272896421568
4.129999999999767 -108.08134985823018
4.139999999999766 -118.93518065577175
4.149999999999765 -109.76193667189109
4.159999999999764 -93.00142794952144
4.169999999999763 -78.46873505206356
4.179999999999762 -67.98452984971108
4.189999999999761 -46.08107269047365
4.1999999999997595 4.737871578648338
4.209999999999758 73.58026445214998
4.219999999999757 133.8485327509883
4.229999999999756 164.27469751628777
4.239999999999755 157.28112624972658
4.249999999999754 131.1664572978819
4.259999999999753 110.6943353006119
4.269999999999752 98.62006419703461
4.279999999999751 83.65608468716357
4.28999999999975 50.630802838735036
4.2999999999997485 -10.43167356880717
4.309999999999747 -82.11313922714864
4.319999999999746 -130.33313803774985
4.329999999999745 -136.61823586288338
4.339999999999744 -109.82665325570734
4.349999999999743 -73.06488943319096
4.359999999999742 -46.702682038865305
4.369999999999741 -34.57643573900789
4.37999999999974 -19.779770004334736
4.3899999999997386 17.655924484558696
4.3999999999997375 76.44572257977923
4.409999999999736 134.49831807998387
4.419999999999735 166.1721169681058
4.429999999999734 159.70149061362343
4.439999999999733 126.46250788199814
4.449999999999732 88.12195567565483
4.459999999999731 57.898492703453115
4.46999999999973 34.71159861613711
4.479999999999729 4.661941364671918
4.4899999999997275 -43.05771243101589
4.499999999999726 -100.21965865177533
4.509999999999725 -144.0153505693532
4.519999999999724 -154.8698038888894
4.529999999999723 -130.47058140508213
4.539999999999722 -85.99233214178906
4.549999999999721 -41.25572603223028
4.55999999999972 -6.847649867879966
4.569999999999719 22.772503904828895
4.579999999999718 59.15150535046779
4.5899999999997165 103.55945152004756
4.599999999999715 144.49485883854106
4.609999999999714 165.6546147626418
4.619999999999713 157.68888779246367
4.629999999999712 124.47985806908582
4.639999999999711 78.89048921761156
4.64999999999971 33.355877402845366
4.659999999999709 -9.095468525359209
4.669999999999708 -52.099470267234835
4.679999999999707 -95.34009269841117
4.6899999999997055 -131.35662588108744
4.699999999999704 -148.7132166283247
4.709999999999703 -140.50751039954466
4.719999999999702 -110.53083978077137
4.729999999999701 -68.86713544478245
4.7399999999997 -25.082168228935814
4.749999999999699 17.882227196983195
4.759999999999698 62.25303192587582
4.769999999999697 106.07724199843766
4.779999999999696 141.0075465024938
4.7899999999996945 157.82510072503123
4.799999999999693 152.8970121651131
4.809999999999692 129.34017625863694
4.819999999999691 93.60097907982541
4.82999999999969 52.46755967310605
4.839999999999689 7.345291033198521
4.849999999999688 -43.96349016990706
4.859999999999687 -96.15728509919047
4.869999999999686 -137.0839023742675
4.879999999999685 -154.57228806476814
4.8899999999996835 -144.15469084346427
4.899999999999682 -113.52567375580578
4.909999999999681 -75.20474085381888
4.91999999999968 -37.12499887988935
4.929999999999679 1.2591754653840326
4.939999999999678 45.761391013785925
4.949999999999677 95.31893150001702
4.959999999999676 138.3881118318411
4.969999999999675 160.78086921918867
4.979999999999674 156.7361372488962
4.9899999999996725 131.70182088709151
4.999999999999671 95.59191505238618
5.00999999999967 57.05611659183015
5.019999999999669 17.609942354971793
5.029999999999668 -28.795776741779463
5.039999999999667 -81.33109840839981
5.049999999999666 -128.17335703352717
5.059999999999665 -154.14561647196567
5.069999999999664 -150.46536033404195
5.079999999999663 -121.96765369441361
5.0899999999996615 -82.47298178406174
5.09999999999966 -43.247550529877195
5.109999999999659 -6.574038687235969
5.119999999999658 33.924957757551894
5.129999999999657 80.95496803727163
5.139999999999656 126.12521529468654
5.149999999999655 155.17253673202947
5.159999999999654 158.95593810015941
5.169999999999653 139.46982657223123
5.1799999999996515 105.49039541025016
5.1899999999996504 66.45375812739599
5.199999999999649 26.915307554133378
5.209999999999648 -17.59581421893735
5.219999999999647 -68.70703027695033
5.229999999999646 -117.17086080650165
5.239999999999645 -148.64985582511383
5.249999999999644 -152.6068202430767
5.259999999999643 -130.27856944167394
5.269999999999642 -93.53775612703545
5.2799999999996405 -54.19550065308055
5.289999999999639 -16.918019290749655
5.299999999999638 22.902532975418225
5.309999999999637 69.28205209294481
5.319999999999636 115.91508238997875
5.329999999999635 149.23411590668746
5.339999999999634 158.68318202294486
5.349999999999633 144.2413094637245
5.359999999999632 113.74993063476973
5.369999999999631 76.32757668434857
5.3799999999996295 37.76867764720713
5.389999999999628 -4.9766364043376115
5.399999999999627 -55.47007109627408
5.409999999999626 -106.39061263028515
5.419999999999625 -143.42903197029855
5.429999999999624 -154.23139543737426
5.439999999999623 -137.08344756069005
5.449999999999622 -102.53249160458483
5.459999999999621 -63.43404308904152
5.46999999999962 -26.456071098431906
5.4799999999996185 11.487360498388497
5.489999999999617 56.252668053701385
5.499999999999616 104.36756931425083
5.509999999999615 142.9488849690751
5.519999999999614 159.22128015074756
5.529999999999613 150.1026359252843
5.539999999999612 122.29818608971408
5.549999999999611 85.45145795094874
5.55999999999961 47.09366462763669
5.569999999999609 6.4284089837756255
5.5799999999996075 -41.859007524121765
5.589999999999606 -93.77302073430307
5.599999999999605 -136.12483034331416
5.609999999999604 -154.8844741044935
5.619999999999603 -144.5173130330745
5.629999999999602 -112.7938954662108
5.639999999999601 -73.26560492612785
5.6499999999996 -35.0899151752065
5.659999999999599 2.0539800833658575
5.669999999999598 44.61514618809818
5.6799999999995965 92.37501062235286
5.689999999999595 134.58449589272107
5.699999999999594 157.46923770263706
5.709999999999593 154.79713179160433
5.719999999999592 131.01405012237836
5.729999999999591 95.40346825458008
5.73999999999959 56.637638137799456
5.749999999999589 16.74634068195678
5.759999999999588 -29.588494956385816
5.769999999999587 -81.3522701615403
5.7799999999995855 -127.20906332010412
5.789999999999584 -152.7351927569642
5.799999999999583 -149.56251797086426
5.809999999999582 -122.16883776327475
5.819999999999581 -83.58899896376889
5.82999999999958 -44.56913868000919
5.839999999999579 -7.453842883742908
5.849999999999578 33.60149341653221
5.859999999999577 80.79280186490409
5.869999999999576 125.61154342682951
5.8799999999995745 154.13617249835056
5.889999999999573 157.67963025447355
5.899999999999572 138.4228904406361
5.909999999999571 105.01741434560662
5.91999999999957 66.54877749591697
5.929999999999569 27.274118300806634
5.939999999999568 -17.27265641260837
5.949999999999567 -68.6413638593869
5.959999999999566 -117.43001838676402
5.9699999999995645 -149.10501999483728
5.979999999999563 -153.0116884894677
5.989999999999562 -130.41339399199947
5.999999999999561 -93.38123316906614
6.00999999999956 -53.94348908738287
6.019999999999559 -16.828492517537185
6.029999999999558 22.654133531116386
6.039999999999557 68.80038217825546
6.049999999999556 115.57272794968806
6.059999999999555 149.35969530921858
6.0699999999995535 159.2435171906044
6.079999999999552 144.85072164896314
6.089999999999551 114.00750405415516
6.09999999999955 76.11058601217516
6.109999999999549 37.28492632219394
6.119999999999548 -5.32838099381965
6.129999999999547 -55.486729123566164
6.139999999999546 -106.27130133753428
6.149999999999545 -143.56962908779184
6.159999999999544 -154.83027153371626
6.1699999999995425 -137.91290716254127
6.179999999999541 -103.11564432198787
6.18999999999954 -63.43727535693192
6.199999999999539 -25.901203933509777
6.209999999999538 12.262696167964165
6.219999999999537 56.8220836703933
6.229999999999536 104.54811003070402
6.239999999999535 142.90675732051824
6.249999999999534 159.2626767147715
6.259999999999533 150.39716811218779
6.2699999999995315 122.75094024531073
6.27999999999953 85.77866181919934
6.289999999999529 47.05539704288401
6.299999999999528 5.996460064097192
6.309999999999527 -42.46974789956556
6.319999999999526 -94.2524998019563
6.329999999999525 -136.2827736596202
6.339999999999524 -154.7510689089571
6.349999999999523 -144.28536408770637
6.359999999999522 -112.64186268957376
6.3699999999995205 -73.21233733718317
6.379999999999519 -35.01130214415787
6.389999999999518 2.3326986187109924
6.399999999999517 45.14622694808246
6.409999999999516 92.99431867012633
6.419999999999515 135.0389194703199
6.429999999999514 157.61359176105924
6.439999999999513 154.69752119916012
6.449999999999512 130.8761398842021
6.459999999999511 95.38809460926495
6.4699999999995095 56.754010630500346
6.479999999999508 16.841084110063946
6.489999999999507 -29.69274029167184
6.499999999999506 -81.6618308828851
6.509999999999505 -127.54170685437202
6.519999999999504 -152.84556008845138
6.529999999999503 -149.33185311591285
6.539999999999502 -121.70052676751297
6.549999999999501 -83.09870615603852
6.5599999999995 -44.21884183088258
6.5699999999994985 -7.243361339585277
6.579999999999497 33.803506043793305
6.589999999999496 81.079800921366
6.599999999999495 125.94057249521047
6.609999999999494 154.37279664065522
6.619999999999493 157.72770906762543
6.629999999999492 138.29835210575905
6.639999999999491 104.81932779543882
6.64999999999949 66.39527390364071
6.6599999999994886 27.206328260009826
6.6699999999994874 -17.309998359955117
6.679999999999486 -68.6955368558028
6.689999999999485 -117.48642290842595
6.699999999999484 -149.09620092634344
6.709999999999483 -152.86824060035443
6.719999999999482 -130.1310239692186
6.729999999999481 -93.02167623795347
6.73999999999948 -53.585570380030006
6.749999999999479 -16.515164089140697
6.7599999999994775 22.930332278419144
6.769999999999476 69.04889499011676
6.779999999999475 115.77841984568539
6.789999999999474 149.49536634002135
6.799999999999473 159.30383962905256
6.809999999999472 144.85570664639738
6.819999999999471 113.9754172810178
6.82999999999947 76.0565548199023
6.839999999999469 37.211223638988116
6.849999999999468 -5.4392798066988775
6.8599999999994665 -55.61500492174616
6.869999999999465 -106.35620795696369
6.879999999999464 -143.5529027615634
6.889999999999463 -154.69002181179917
6.899999999999462 -137.679930757611
6.909999999999461 -102.84913759917707
6.91999999999946 -63.17884677535385
6.929999999999459 -25.652857542962508
6.939999999999458 12.52926358814122
6.949999999999457 57.10785194776645
6.9599999999994555 104.80718500956452
6.969999999999454 143.07890267130574
6.979999999999453 159.3233223865588
6.989999999999452 150.37571562056252
6.999999999999451 122.69408171781106
7.00999999999945 85.71805675304613
7.019999999999449 46.9950823643573
7.029999999999448 5.9030257388888
7.039999999999447 -42.60808554917891
7.049999999999446 -94.39093230533729
7.0599999999994445 -136.35134580470196
7.069999999999443 -154.69744664150755
7.079999999999442 -144.1097969377264
7.089999999999441 -112.39677121878981
7.09999999999944 -72.9566498859658
7.109999999999439 -34.77352966900533
7.119999999999438 2.5698420103231854
7.129999999999437 45.40184084878176
7.139999999999436 93.24893477136209
7.149999999999435 135.2441490788333
7.1599999999994335 157.72828269995443
7.169999999999432 154.71918636159512
7.179999999999431 130.8313048097192
7.18999999999943 95.30727107741558
7.199999999999429 56.660094861532215
7.209999999999428 16.723989800697538
7.219999999999427 -29.845266291106185
7.229999999999426 -81.81811705060684
7.239999999999425 -127.64426705523164
7.249999999999424 -152.84304650799132
7.2599999999994225 -149.21069795277958
7.269999999999421 -121.49691271658052
7.27999999999942 -82.86374291781155
7.289999999999419 -43.98559805690302
7.299999999999418 -7.006598186238122
7.309999999999417 34.06066439940065
7.319999999999416 81.33868857742155
7.329999999999415 126.15153877696028
7.339999999999414 154.49100080088277
7.349999999999413 157.7479971521817
7.3599999999994115 138.24991550786973
7.36999999999941 104.7338262778408
7.379999999999409 66.2951695468897
7.389999999999408 27.083756491934565
7.399999999999407 -17.476784707348415
7.409999999999406 -68.88115856934513
7.419999999999405 -117.62741236727709
7.429999999999404 -149.13056491445698
7.439999999999403 -152.77343770672638
7.4499999999994015 -129.9430674467527
7.4599999999994 -92.80093288005907
7.469999999999399 -53.3719919741429
7.479999999999398 -16.306017282051542
7.489999999999397 23.164717714744924
7.499999999999396 69.30489664605298
7.509999999999395 116.00636895766499
7.519999999999394 149.63490978859727
7.529999999999393 159.33183871057693
7.539999999999392 144.79764904558138
7.5499999999993905 113.87257277944025
7.559999999999389 75.94279310170329
7.569999999999388 37.09020733331509
7.579999999999387 -5.597650324148049
7.589999999999386 -55.80638237887129
7.599999999999385 -106.52561178335706
7.609999999999384 -143.63092230470053
7.619999999999383 -154.63560714776747
7.629999999999382 -137.51327082443984
7.639999999999381 -102.63284015569981
7.6499999999993795 -62.96537321398772
7.659999999999378 -25.454888953701698
7.669999999999377 12.740730871772996
7.679999999999376 57.345557831435116
7.689999999999375 105.03508235623704
7.699999999999374 143.23543847831064
7.709999999999373 159.37035840831564
7.719999999999372 150.32506049791584
7.729999999999371 122.58475685237093
7.73999999999937 85.58889203632701
7.7499999999993685 46.86422867885294
7.759999999999367 5.746783535370184
7.769999999999366 -42.7989975038561
7.779999999999365 -94.57420114630878
7.789999999999364 -136.4612847752841
7.799999999999363 -154.68456547198736
7.809999999999362 -143.9776121210573
7.819999999999361 -112.1996902833211
7.82999999999936 -72.75012177174753
7.839999999999359 -34.581439279707965
7.8499999999993575 2.7683914187923477
7.859999999999356 45.62698249496168
7.869999999999355 93.47540775949774
7.879999999999354 135.41378427807345
7.889999999999353 157.79475548156995
7.899999999999352 154.6830346451328
7.909999999999351 130.72720033633178
7.91999999999935 95.17372275241719
7.929999999999349 56.52275896304304
7.939999999999348 16.56790983063233
7.9499999999993465 -30.038238008355123
7.959999999999345 -82.01572307889961
7.969999999999344 -127.78317301107141
7.979999999999343 -152.8673240142466
7.989999999999342 -149.11034806646106
7.999999999999341 -121.31837591276678
8.009999999999344 -82.66525751884622
8.019999999999348 -43.799377337064016
8.029999999999351 -6.819989279960197
8.039999999999354 34.27424731990682
8.049999999999358 81.56503636538551
8.059999999999361 126.33609070695371
8.069999999999364 154.579355930487
8.079999999999368 157.72834780393225
8.089999999999371 138.15222673186526
8.099999999999374 104.59789025156336
8.109999999999378 66.15269273381908
8.119999999999381 26.930123595075827
8.129999999999384 -17.666741543084967
8.139999999999388 -69.08833544165799
8.149999999999391 -117.79289674894112
8.159999999999394 -149.19266396423143
8.169999999999398 -152.70767582831155
8.179999999999401 -129.78427446785201
8.189999999999404 -92.60922245014093
8.199999999999408 -53.18807029421902
8.209999999999411 -16.128393595921295
8.219999999999414 23.36560714810028
8.229999999999418 69.5274852710928
8.239999999999421 116.20338482648758
8.249999999999424 149.74682222066707
8.259999999999428 159.33356408470775
8.269999999999431 144.71095456877663
8.279999999999434 113.73715558847599
8.289999999999438 75.79471968887323
8.299999999999441 36.936866802415295
8.309999999999444 -5.782745813127747
8.319999999999448 -56.017837080364274
8.329999999999451 -106.71156350636832
8.339999999999455 -143.72702783282205
8.349999999999458 -154.60489915030863
8.359999999999461 -137.37660251864162
8.369999999999465 -102.4491659063773
8.379999999999468 -62.78221762282129
8.389999999999471 -25.28246133582536
8.399999999999475 12.930348376619762
8.409999999999478 57.56237542347918
8.419999999999481 105.24115092947319
8.429999999999485 143.36948458472045
8.439999999999488 159.39542349161636
8.449999999999491 150.25296075271234
8.459999999999495 122.45377185701133
8.469999999999498 85.43749490183379
8.479999999999501 46.710437791404516
8.489999999999505 5.5677378192832805
8.499999999999508 -43.010830672966165
8.509999999999511 -94.77585906459869
8.519999999999515 -136.58798213911285
8.529999999999518 -154.6889067820274
8.539999999999521 -143.86547008287266
8.549999999999525 -112.02581960840513
8.559999999999528 -72.56774457508479
8.569999999999531 -34.41176627143702
8.579999999999535 2.947758561635723
8.589999999999538 45.836047185485626
8.599999999999541 93.68732288113281
8.609999999999545 135.56854579652241
8.619999999999548 157.84495029886398
8.629999999999551 154.6287509371552
8.639999999999555 130.6036052040704
8.649999999999558 95.02086901361383
8.659999999999561 56.36740024884068
8.669999999999565 16.39517412422002
8.679999999999568 -30.246658238082816
8.689999999999571 -82.22807159116441
8.699999999999575 -127.93669266427452
8.709999999999578 -152.9064227893993
8.719999999999581 -149.0256026185584
8.729999999999585 -121.15659861426471
8.739999999999588 -82.48400515304368
8.749999999999591 -43.62985486109637
8.759999999999595 -6.648821711223988
8.769999999999598 34.474046508786216
8.779999999999601 81.7790394877551
8.789999999999605 126.50889257599216
8.799999999999608 154.65561067826238
8.809999999999611 157.6953475066676
8.819999999999615 138.0395570638787
8.829999999999618 104.4462056569167
8.839999999999621 65.99503706426755
8.849999999999625 26.762560185826956
8.859999999999628 -17.869141397937057
8.869999999999632 -69.30666757057948
8.879999999999635 -117.96890423555078
8.889999999999638 -149.26526803288903
8.899999999999642 -152.65309586696418
8.909999999999645 -129.63790548229244
8.919999999999648 -92.43072823877955
8.929999999999652 -53.01714626916969
8.939999999999655 -15.962777993317204
8.949999999999658 23.555781261331717
8.959999999999662 69.74037142813845
8.969999999999665 116.39091485607
8.979999999999668 149.84876738642998
8.989999999999672 159.32446511023923
8.999999999999675 144.61248856122194
9.009999999999678 113.58958287241116
9.019999999999682 75.63502824954712
9.029999999999685 36.77281521897291
9.039999999999688 -5.977620946317515
9.049999999999692 -56.23814207808594
9.059999999999695 -106.90571140439154
9.069999999999698 -143.83101818602364
9.079999999999702 -154.58230120037933
9.089999999999705 -137.24898450926983
9.099999999999708 -102.27552171811294
9.109999999999712 -62.6093737413062
9.119999999999715 -25.119840582577325
9.129999999999718 13.11115265097213
9.139999999999722 57.77136726393823
9.149999999999725 105.43982960092858
9.159999999999728 143.49590855643623
9.169999999999732 159.41220607012838
9.179999999999735 150.17174130423064
9.189999999999738 122.31316424071517
9.199999999999742 85.27679177995012
9.209999999999745 46.548141911731534
9.219999999999748 5.38103374541943
9.229999999999752 -43.22946697864515
9.239999999999755 -94.98373183686722
9.249999999999758 -136.72066177849564
9.259999999999762 -154.6993874941948
9.269999999999765 -143.76014295604523
9.279999999999768 -111.85955362249965
9.289999999999772 -72.39326296025942
9.299999999999775 -34.24968705511104
9.309999999999778 3.120194094740768
9.319999999999782 46.03883664639093
9.329999999999785 93.89329089309722
9.339999999999788 135.71729233701404
9.349999999999792 157.8888310314478
9.359999999999795 154.56768804135868
9.369999999999798 130.47278577073217
9.379999999999802 94.86080347421085
9.389999999999805 56.20526314193668
9.399999999999809 16.216209096089614
9.409999999999812 -30.46057635356928
9.419999999999815 -82.44524214321346
9.429999999999819 -128.0946896452802
9.439999999999822 -152.95007592718497
9.449999999999825 -148.94599493362026
9.459999999999829 -121.00074096696827
9.469999999999832 -82.30902010733539
9.479999999999835 -43.46635583972068
9.489999999999839 -6.483051513443897
9.499999999999842 34.66904055030841
9.509999999999845 81.98848620865608
9.519999999999849 126.67701031190519
9.529999999999852 154.72690842282736
9.539999999999855 157.6570975438033
9.549999999999859 137.92135790315
9.559999999999862 104.28897175564413
9.569999999999865 65.83211541168103
9.579999999999869 26.590039800315978
9.589999999999872 -18.07604745576377
9.599999999999875 -69.52892762057301
9.609999999999879 -118.14840541885313
9.619999999999882 -149.34122519011856
9.629999999999885 -152.60218359109354
9.639999999999889 -129.49587844248362
9.649999999999892 -92.2570478850428
9.659999999999895 -52.851015585751455
9.669999999999899 -15.801498715044005
9.679999999999902 23.742169009623666
9.689999999999905 69.94976643269462
9.699999999999909 116.57487956396118
9.709999999999912 149.94688302085868
9.719999999999915 159.31127147047852
9.729999999999919 144.50969744523985
9.739999999999922 113.43763774014688
9.749999999999925 75.47120027770498
9.759999999999929 36.604880686163185
9.769999999999932 -6.17608956966356
9.779999999999935 -56.46158996718144
9.789999999999939 -107.10259899187628
9.799999999999942 -143.93753180209166
9.809999999999945 -154.56234592519348
9.819999999999949 -137.12450776799153
9.829999999999952 -102.10549064046606
9.839999999999955 -62.440257133336765
9.849999999999959 -24.960667535137063
9.859999999999962 13.288952919770736
9.869999999999965 57.977629838948175
9.879999999999969 105.6357424087637
9.889999999999972 143.61933662539815
9.899999999999975 159.4257705780593
9.909999999999979 150.08713233752655
9.919999999999982 122.1691021212402
9.929999999999986 85.11280020486521
9.939999999999989 46.38276912595235
9.949999999999992 5.191436309157723
9.959999999999996 -43.45063507127446
9.969999999999999 -95.19373628091294
9.980000000000002 -136.85519884979237
9.990000000000006 -154.71172094538065
10.000000000000009 -143.65703894741603
10.010000000000012 -111.69598056074966
10.020000000000016 -72.22167959024642
10.030000000000019 -34.09035581375967
10.040000000000022 3.290251859384341
10.050000000000026 46.239506596485526
10.060000000000029 94.09711778827298
10.070000000000032 135.86367574509762
10.080000000000036 157.93014122963348
10.090000000000039 154.50393913624913
10.100000000000042 130.3392427452757
10.110000000000046 94.69814073044436
10.120000000000049 56.04071330428548
10.130000000000052 16.03492900273571
10.140000000000056 -30.67656130825972
10.150000000000059 -82.66410986944591
10.160000000000062 -128.25407129393773
10.170000000000066 -152.9950059630405
10.180000000000069 -148.8679048148186
10.190000000000072 -120.8468433742393
10.200000000000076 -82.13626797913366
10.210000000000079 -43.30505547142399
10.220000000000082 -6.319182112973365
10.230000000000086 34.8623874852658
10.240000000000089 82.19628891314909
10.250000000000092 126.8432739483153
10.260000000000096 154.7961373310345
10.270000000000099 157.61668307670337
10.280000000000102 137.80098275758377
10.290000000000106 104.1296640720279
10.300000000000109 65.6672950102775
10.310000000000112 26.41568032358967
10.320000000000116 -18.2846475453629
10.330000000000119 -69.75256044580688
10.340000000000122 -118.32895456383437
10.350000000000126 -149.41805099727134
10.360000000000129 -152.55226379569098
10.370000000000132 -129.35523315161564
10.380000000000136 -92.08506004102598
10.39000000000014 -52.68663450865403
10.400000000000142 -15.641747949651489
10.410000000000146 23.927275132481498
10.42000000000015 70.15790641706214
10.430000000000152 116.75739582939757
10.440000000000156 150.04332558258312
10.45000000000016 159.2963116536036
10.460000000000163 144.40515296898366
10.470000000000166 113.28402835337764
10.48000000000017 75.30587083586053
10.490000000000173 36.43549358380788
10.500000000000176 -6.37595539800914
10.51000000000018 -56.68617355078722
10.520000000000183 -107.30029703517785
10.530000000000186 -144.04462291647113
10.54000000000019 -154.54299091571932
10.550000000000193 -137.00095384896815
10.560000000000196 -101.93671580133324
10.5700000000002 -62.27252439268821
10.580000000000203 -24.802733796874293
10.590000000000206 13.465755381965238
10.60000000000021 58.18294968969224
10.610000000000213 105.83053823042036
10.620000000000216 143.74140638185844
10.63000000000022 159.4378639167976
10.640000000000223 150.00107865957648
10.650000000000226 122.02368695826382
10.66000000000023 84.94761145880315
10.670000000000233 46.2162614789398
10.680000000000236 5.0006915830703065
10.69000000000024 -43.67276379369042
10.700000000000243 -95.40439135358427
10.710000000000246 -136.99011520285325
10.72000000000025 -154.72436704248494
10.730000000000253 -143.5544889416175
10.740000000000256 -111.53330255078532
10.75000000000026 -72.05117592252275
10.760000000000263 -33.932039984861746
10.770000000000266 3.4595205373750986
10.78000000000027 46.43947661679576
10.790000000000273 94.30010000272107
10.800000000000276 136.00896309193087
10.81000000000028 157.9702098363585
10.820000000000283 154.43897030730375
10.830000000000286 130.20457808494785
10.84000000000029 94.53450639844982
10.850000000000293 55.8752812932124
10.860000000000296 15.852719272888734
10.8700000000003 -30.893369309626962
10.880000000000303 -82.88352038178154
10.890000000000306 -128.41370364123284
10.90000000000031 -153.04004716191565
10.910000000000313 -148.79007884535972
10.920000000000316 -120.6935397359382
10.93000000000032 -81.96433675781928
10.940000000000323 -43.1445876268548
10.950000000000326 -6.155949339892473
10.96000000000033 35.05521962795255
10.970000000000333 82.40346777131772
10.980000000000336 127.00866188401581
10.99000000000034 154.8643087934048
11.000000000000343 157.5752126687895
11.010000000000346 137.67965596290367
11.02000000000035 103.96955025744488
11.030000000000353 65.50178541102021
11.040000000000356 26.240580627974808
11.05000000000036 -18.493958243064313
11.060000000000363 -69.97666468759317
11.070000000000366 -118.50967636316857
11.08000000000037 -149.49485291306533
11.090000000000373 -152.50238597706468
11.100000000000376 -129.2149307596035
11.11000000000038 -91.91367354165216
11.120000000000383 -52.52293215178928
11.130000000000386 -15.482524318620179
11.14000000000039 24.1120044925258
11.150000000000393 70.36560187172162
11.160000000000396 116.93922560555322
11.1700000000004 150.1388652987355
11.180000000000403 159.2804170199202
11.190000000000406 144.29977831862476
11.20000000000041 113.12973308050138
11.210000000000413 75.13999408056308
11.220000000000416 36.2655301863667
11.23000000000042 -6.576433605714996
11.240000000000423 -56.91118309044535
11.250000000000426 -107.498127999062
11.26000000000043 -144.15160743444295
11.270000000000433 -154.52351316425353
11.280000000000436 -136.8775314457954
11.29000000000044 -101.76835304533404
11.300000000000443 -62.10533561689756
11.310000000000446 -24.645248491266827
11.32000000000045 13.642278619135155
11.330000000000453 58.387968648757436
11.340000000000456 106.02481211014091
11.35000000000046 143.86270976881352
11.360000000000463 159.44911569388185
11.370000000000466 149.91427780806677
11.38000000000047 121.87767050165944
11.390000000000473 84.7819737611566
11.400000000000476 46.04931503668999
11.41000000000048 4.809426879576378
11.420000000000483 -43.895288673525755
11.430000000000486 -95.61516690008142
11.44000000000049 -137.12488339206686
11.450000000000493 -154.73677576641927
11.460000000000496 -143.45189396791582
11.4700000000005 -111.37087111655524
11.480000000000503 -71.88109423010137
11.490000000000506 -33.774112844114526
11.50000000000051 3.628573516418328
11.510000000000513 46.639257538771844
11.520000000000516 94.5027031954052
11.53000000000052 136.1536092759261
11.540000000000523 158.00951437290541
11.550000000000527 154.373309021329
11.56000000000053 130.06936883704978
11.570000000000533 94.37048673009124
11.580000000000537 55.70951923381649
11.59000000000054 15.670079823896955
11.600000000000543 -31.110551423156352
11.610000000000547 -83.10305726958289
11.62000000000055 -128.5731775766816
11.630000000000553 -153.08477845686053
11.640000000000557 -148.71206357164465
11.65000000000056 -120.54033527722939
11.660000000000563 -81.79271506885617
11.670000000000567 -42.98445785644057
11.68000000000057 -5.992896036295292
11.690000000000573 35.247945776929384
11.700000000000577 82.61039061919273
11.71000000000058 127.17352628513356
11.720000000000583 154.9317865337344
11.730000000000587 157.53308505716882
11.74000000000059 137.55781879444308
11.750000000000593 103.80908845248982
11.760000000000597 65.33602494806465
11.7700000000006 26.065139610089787
11.780000000000603 -18.70362167810849
11.790000000000607 -70.20091259543389
11.80000000000061 -118.69025309988474
11.810000000000613 -149.57130760818956
11.820000000000617 -152.45220576473582
11.83000000000062 -129.0745943114427
11.840000000000623 -91.74249168011782
11.850000000000627 -52.35951913408418
11.86000000000063 -15.323464015258836
11.870000000000633 24.296684462088763
11.880000000000637 70.57314501322645
11.89000000000064 117.12064338379288
11.900000000000643 150.2337807197148
11.910000000000647 159.2638894241108
11.92000000000065 144.19390935109953
11.930000000000653 112.97510785493834
11.940000000000657 74.97391694444644
11.95000000000066 36.09530876049834
11.960000000000663 -6.777238179017942
11.970000000000667 -57.13635908584422
11.98000000000067 -107.69584408498683
11.990000000000673 -144.25823620997858
12.000000000000677 -154.50365063086534
12.01000000000068 -136.7539542063277
12.020000000000683 -101.60009594064394
12.030000000000687 -61.93838478624176
12.04000000000069 -24.487922444323402
12.050000000000693 13.818784950446528
12.060000000000697 58.59291977892198
12.0700000000007 106.21877908352145
12.080000000000704 143.98346099578396
12.090000000000707 159.4597550573836
12.10000000000071 149.826984883949
12.110000000000714 121.7313280729681
12.120000000000717 84.61616092192347
12.13000000000072 45.88218350719022
12.140000000000724 4.617870796321554
12.150000000000727 -44.11800344499517
12.16000000000073 -95.8258687377777
12.170000000000734 -137.25931045126887
12.180000000000737 -154.7487466853027
12.19000000000074 -143.3490365561641
12.200000000000744 -111.20845054207153
12.210000000000747 -71.71119481791857
12.22000000000075 -33.6163450021041
12.230000000000754 3.7976208901302613
12.240000000000757 46.839035990398585
12.25000000000076 94.70509678683764
12.260000000000764 136.29777973327083
12.270000000000767 158.04822916824395
12.28000000000077 154.30714861298446
12.290000000000774 129.93382687239682
12.300000000000777 94.20629706720355
12.31000000000078 55.54362933348719
12.320000000000784 15.487193481054078
12.330000000000787 -31.327943069532907
12.34000000000079 -83.32256768569692
12.350000000000794 -128.7323430972096
12.360000000000797 -153.1290459175865
12.3700000000008 -148.6336937494231
12.380000000000804 -120.38704943904801
12.390000000000807 -81.62121584689721
12.40000000000081 -42.82448464073295
12.410000000000814 -5.829854199108567
12.420000000000817 35.44071565712602
12.43000000000082 82.81719159106704
12.440000000000824 127.33799554142115
12.450000000000827 154.99870365169306
12.46000000000083 157.49044681286452
12.470000000000834 137.4356335412832
12.480000000000837 103.64844726577203
12.49000000000084 65.17017446498699
12.500000000000844 25.88950343110089
12.510000000000847 -18.913506257889424
12.52000000000085 -70.42518320436807
12.530000000000854 -118.8705676621859
12.540000000000857 -149.6472963023981
12.55000000000086 -152.40159739117126
12.560000000000864 -128.93408605252094
12.570000000000867 -91.57136912826613
12.58000000000087 -52.19625215190036
12.590000000000874 -15.164432879925727
12.600000000000877 24.481435382943076
12.61000000000088 70.78064252720064
12.620000000000884 117.30174923445406
12.630000000000887 150.32817377373817
12.64000000000089 159.24684009991495
12.650000000000894 144.08766999563937
12.660000000000897 112.82028411534186
12.6700000000009 74.80776715689504
12.680000000000904 35.924946065889415
12.690000000000907 -6.978263844762765
12.70000000000091 -57.361605427078516
12.710000000000914 -107.89335344704679
12.720000000000917 -144.36441717936287
12.73000000000092 -154.4833072339134
12.740000000000924 -136.630117413952
12.750000000000927 -101.43183216469137
12.76000000000093 -61.77155922424506
12.770000000000934 -24.3306487235495
12.780000000000937 13.995371151111627
12.79000000000094 58.797888379035896
12.800000000000944 106.41251752097641
12.810000000000947 144.10373838998453
12.82000000000095 159.46986651263666
12.830000000000954 149.73929429231853
12.840000000000957 121.58476161980573
12.85000000000096 84.45027413820355
12.860000000000964 45.71496012904716
12.870000000000967 4.426107515501769
12.88000000000097 -44.340831499428106
12.890000000000974 -96.03642454914613
12.900000000000977 -137.39332469835546
12.91000000000098 -154.76020604647152
12.920000000000984 -143.24583719637064
12.930000000000987 -111.04595447194222
12.94000000000099 -71.54138945229576
12.950000000000994 -33.458651474926384
12.960000000000997 3.96674045919022
12.970000000001 47.038880430544395
12.980000000001004 94.90734248694814
12.990000000001007 136.44153484417558
13.00000000000101 158.08641855080305
13.010000000001014 154.24056086988753
13.020000000001017 129.79803090491782
13.03000000000102 94.04201729105685
13.040000000001024 55.37768604691726
13.050000000001027 15.30412749473949
13.06000000000103 -31.545483046224376
13.070000000001034 -83.54199443657161
13.080000000001037 -128.8911441442292
13.09000000000104 -153.17279263050324
13.100000000001044 -148.5549089696785
13.110000000001047 -120.2336162021856
13.12000000000105 -81.44977031871376
13.130000000001054 -42.66460067249611
13.140000000001058 -5.666761348124126
13.15000000000106 35.63358439366573
13.160000000001064 83.02391952501215
13.170000000001068 127.50211635492504
13.18000000000107 155.06510918166038
13.190000000001074 157.44735248773705
13.200000000001078 137.31316073350516
13.21000000000108 103.48768947485252
13.220000000001084 65.00429341164985
13.230000000001088 25.7137257423755
13.240000000001091 -19.123563049001632
13.250000000001094 -70.64943110504855
13.260000000001098 -119.05057599111403
13.270000000001101 -149.72277482367446
13.280000000001104 -152.35051480235035
13.290000000001108 -128.79335578476412
13.300000000001111 -91.40025255836358
13.310000000001114 -52.03307814921879
13.320000000001118 -15.005380812889186
13.330000000001121 24.666301734723774
13.340000000001124 70.98813329315169
13.350000000001128 117.48257939185154
13.360000000001131 150.42208188512507
13.370000000001134 159.22931048279005
13.380000000001138 143.98110665279665
13.390000000001141 112.66531096992637
13.400000000001144 74.64159215024972
13.410000000001148 35.75448490699979
13.420000000001151 -7.179471539569704
13.430000000001154 -57.58688591958031
13.440000000001158 -108.09062130845848
13.450000000001161 -144.4701158383508
13.460000000001164 -154.4624476852036
13.470000000001168 -136.50598303878326
13.480000000001171 -101.26352063941292
13.490000000001174 -61.60481730951041
13.500000000001178 -24.173387291717972
13.510000000001181 14.172073185995274
13.520000000001184 59.00290555794872
13.530000000001188 106.6060556613662
13.540000000001191 144.22357051300196
13.550000000001194 159.47948153656947
13.560000000001198 149.65124150128008
13.570000000001201 121.43800939919493
13.580000000001204 84.28435117181054
13.590000000001208 45.5476791005765
13.600000000001211 4.234168131346635
13.610000000001214 -44.563743918977494
13.620000000001218 -96.24680675587479
13.630000000001221 -137.5268990103262
13.640000000001224 -154.77112661098852
13.650000000001228 -143.1422671255706
13.660000000001231 -110.88335150799287
13.670000000001234 -71.37164565982178
13.680000000001238 -33.30100042315712
13.690000000001241 4.1359613381575855
13.700000000001245 47.2388158841559
13.710000000001248 95.109462406671
13.720000000001251 136.58489641079444
13.730000000001255 158.1241063925576
13.740000000001258 154.17357287263494
13.750000000001261 129.66201061141373
13.760000000001265 93.87767738844956
13.770000000001268 55.21171676397547
13.780000000001271 15.120906528573627
13.790000000001275 -31.76314823756354
13.800000000001278 -83.76131556271218
13.810000000001281 -129.04955925771208
13.820000000001285 -153.21599738564697
13.830000000001288 -148.4756874362335
13.840000000001291 -120.0800117507878
13.850000000001295 -81.27835332809266
13.860000000001298 -42.504780775628845
13.870000000001301 -5.503593921436405
13.880000000001305 35.82657223285186
13.890000000001308 83.23059184345166
13.900000000001311 127.66590535616045
13.910000000001315 155.13102118993095
13.920000000001318 157.40382271662133
13.930000000001321 137.19042332384845
13.940000000001325 103.3268388067381
13.950000000001328 64.8384037799824
13.960000000001331 25.537826078265823
13.970000000001335 -19.333773646145517
13.980000000001338 -70.87363872882047
13.990000000001341 -119.23026100155651
14.000000000001345 -149.79772648808358
14.010000000001348 -152.2989413878185
14.020000000001351 -128.65238558862097
14.030000000001355 -91.22912264688466
14.040000000001358 -51.869977363030074
14.050000000001361 -14.846288801764857
14.060000000001365 24.85129999748665
14.070000000001368 71.19563112352373
14.080000000001371 117.66314655788683
14.090000000001375 150.5155186470139
14.100000000001378 159.21131627045105
14.110000000001381 143.87423703291557
14.120000000001385 112.51020712857111
14.130000000001388 74.47540962300572
14.140000000001391 35.583940777774615
14.150000000001395 -7.380846688620181
14.160000000001398 -57.81218648190324
14.170000000001401 -108.28763398652538
14.180000000001405 -144.57531892987703
14.190000000001408 -154.44105917764452
14.200000000001411 -136.38153768972938
14.210000000001415 -101.09514665767946
14.220000000001418 -61.438143673925104
14.230000000001422 -24.01612288043077
14.240000000001425 14.348904546643368
14.250000000001428 59.20798237254854
14.260000000001432 106.7994032214688
14.270000000001435 144.3429675251968
14.280000000001438 159.48861199592648
14.290000000001442 149.56284017003415
14.300000000001445 121.29108609092216
14.310000000001448 84.11840630267884
14.320000000001452 45.38035277037346
14.330000000001455 4.042064082514571
14.340000000001458 -44.786729420738695
14.350000000001462 -96.45700432759676
14.360000000001465 -137.6600227509222
14.370000000001468 -154.78149835279737
14.380000000001472 -143.03831636367906
14.390000000001475 -110.72063057538799
14.400000000001478 -71.20195163509746
14.410000000001482 -33.14337966228368
14.420000000001485 4.305294601740471
14.430000000001488 47.43885130482013
14.440000000001492 95.31146400119488
14.450000000001495 136.7278719545379
14.460000000001498 158.1613016020933
14.470000000001502 154.10619513618428
14.480000000001505 129.52577749421184
14.490000000001508 93.71328886642574
14.500000000001512 55.04573141449584
14.510000000001515 14.937539495748211
14.520000000001518 -31.98092964670262
14.530000000001522 -83.98052213575212
14.540000000001525 -129.2075797971297
14.550000000001528 -153.25865219698807
14.560000000001532 -148.39602166962553
14.570000000001535 -119.92622790704006
14.580000000001538 -81.10695589226304
14.590000000001542 -42.345015379361925
14.600000000001545 -5.34034279326643
14.610000000001548 36.01968649904194
14.620000000001552 83.4372143204947
14.630000000001555 127.82936804686003
14.640000000001558 155.19644625986652
14.650000000001562 157.35986556792307
14.660000000001565 137.0674303257219
14.670000000001568 103.16590451260268
14.680000000001572 64.67251366957447
14.690000000001575 25.361811340436688
14.700000000001578 -19.5441309334107
14.710000000001582 -71.0977988490517
14.720000000001585 -119.40961560411283
14.730000000001588 -149.8721448246493
14.740000000001592 -152.24687142894635
14.750000000001595 -128.51116953840415
14.760000000001599 -91.0579726450932
14.770000000001602 -51.70694240746279
14.780000000001605 -14.687149340412049
14.790000000001609 25.036436259419816
14.800000000001612 71.40314055750483
14.810000000001615 117.84345470288761
14.820000000001619 150.60848882832897
14.830000000001622 159.19286358770512
14.840000000001625 143.76706821708285
14.850000000001629 112.35497998580023
14.860000000001632 74.30922627731873
14.870000000001635 35.413319024012935
14.880000000001639 -7.58238377484372
14.890000000001642 -58.03750125885185
14.900000000001645 -108.48438559836757
14.910000000001649 -144.68002111138054
14.920000000001652 -154.41913722196324
14.930000000001655 -136.2567771527123
14.940000000001659 -100.92670526220424
14.950000000001662 -61.27153273591282
14.960000000001665 -23.85884937244161
14.970000000001669 14.525870353306885
14.980000000001672 59.41312244851261
14.990000000001675 106.99256302809643
15.000000000001679 144.46193276527822
15.010000000001682 159.49726248818894
15.020000000001685 149.47409586798835
15.030000000001689 121.14399762308645
15.040000000001692 83.95244509954932
15.050000000001695 45.21298535863093
15.060000000001699 3.849799547287475
15.070000000001702 -45.00978328470481
15.080000000001705 -96.6670123690617
15.090000000001709 -137.79269140936316
15.100000000001712 -154.79131761985275
15.110000000001715 -142.93398192733798
15.120000000001719 -110.5577881700118
15.130000000001722 -71.03230323764865
15.140000000001725 -32.98578432858328
15.150000000001729 4.4747446348766715
15.160000000001732 47.63898966603017
15.170000000001735 95.51334928562305
15.180000000001739 136.87046370043697
15.190000000001742 158.1980075143293
15.200000000001745 154.03843203281943
15.210000000001749 129.38933630146914
15.220000000001752 93.54885637327635
15.230000000001755 54.87973344737489
15.240000000001759 14.754029452257527
15.250000000001762 -32.19882352291444
15.260000000001765 -84.19961006947338
15.270000000001769 -129.3652018930483
15.280000000001772 -153.3007539884344
15.290000000001776 -148.3159095162024
15.300000000001779 -119.7722623013614
15.310000000001782 -80.9355750377396
15.320000000001786 -42.185300707789025
15.330000000001789 -5.177004204920607
15.340000000001792 36.21292972481855
15.350000000001796 83.64378839718502
15.360000000001799 127.99250579489674
15.370000000001802 155.26138671473026
15.380000000001806 157.31548443273698
15.390000000001809 136.94418557977653
15.400000000001812 103.00489044732373
15.410000000001816 64.50662602168993
15.420000000001819 25.18568371283412
15.430000000001822 -19.754632012385514
15.440000000001826 -71.32190805604836
15.450000000001829 -119.58863642800978
15.460000000001832 -149.9460271415938
15.470000000001836 -152.194303291784
15.480000000001839 -128.3697061513774
15.490000000001842 -90.88680051388911
15.500000000001846 -51.54397046974367
15.510000000001849 -14.52795921878726
15.520000000001852 25.221712744031095
15.530000000001856 71.61066266459756
15.540000000001859 118.0235045554425
15.550000000001862 150.7009939141912
15.560000000001866 159.1739550220453
15.570000000001869 143.65960332579238
15.580000000001872 112.19963275536662
15.590000000001876 74.14304469060275
15.600000000001879 35.2426212294523
15.610000000001882 -7.784080669684698
15.620000000001886 -58.26282741965193
15.630000000001889 -108.68087319852407
15.640000000001892 -144.78421994231513
15.650000000001896 -154.39668046914616
15.660000000001899 -136.13170058286914
15.670000000001902 -100.75819516938704
15.680000000001906 -61.10498249659815
15.690000000001909 -23.70156409877778
15.700000000001912 14.70297264669938
15.710000000001916 59.61832663320297
15.720000000001919 107.18553537194065
15.730000000001922 144.58046702704672
15.740000000001926 159.50543490601734
15.75000000000193 149.38501113567298
15.760000000001932 120.99674667483272
15.770000000001936 83.78646986708434
15.78000000000194 45.0455780911535
15.790000000001942 3.657375959529702
15.800000000001946 -45.23290319312291
15.81000000000195 -96.87682829581159
15.820000000001953 -137.924902727402
15.830000000001956 -154.8005831800147
15.84000000000196 -142.82926340028757
15.850000000001963 -110.39482360719471
15.860000000001966 -70.86269916009569
15.87000000000197 -32.82821227729315
15.880000000001973 4.644313336105412
15.890000000001976 47.83923171294032
15.90000000000198 95.71511825814878
15.910000000001983 137.01267189157215
15.920000000001986 158.23422542086368
15.93000000000199 153.97028562607773
15.940000000001993 129.25268929110524
15.950000000001996 93.3843819726655
15.960000000002 54.71372392584308
15.970000000002003 14.570377257447177
15.980000000002006 -32.416828027647824
15.99000000000201 -84.41857710492388
16.00000000000201 -129.52242342351116
16.010000000002005 -153.3423015367456
16.020000000002 -148.23535078923584
16.030000000001994 -119.61811473305976
16.04000000000199 -80.76421001890724
16.050000000001983 -42.02563514242483
16.060000000001978 -5.013576382671872
16.070000000001972 36.40630264088168
16.080000000001966 83.85031391788765
16.09000000000196 128.1553184214178
16.100000000001955 155.3258433019709
16.11000000000195 157.27068096590256
16.120000000001944 136.82069099532816
16.13000000000194 102.84379847168861
16.140000000001933 64.34074184968645
16.150000000001928 25.009443641565753
16.160000000001922 -19.965275535904723
16.170000000001917 -71.54596437149874
16.18000000000191 -119.76732148452871
16.190000000001906 -150.0193721628574
16.2000000000019 -152.14123685233616
16.210000000001894 -128.2279955969044
16.22000000000189 -90.7156059579792
16.230000000001883 -51.38106043324593
16.240000000001878 -14.36871682800782
16.250000000001872 25.407130247659268
16.260000000001867 71.8181972238934
16.27000000000186 118.20329564815324
16.280000000001856 150.7930341637827
16.29000000000185 159.15459184775568
16.300000000001845 143.55184399699542
16.31000000000184 112.0441670942174
16.320000000001833 73.97686591033059
16.330000000001828 35.07184758269237
16.340000000001822 -7.985936493217906
16.350000000001817 -58.4881632715107
16.36000000000181 -108.87709491335112
16.370000000001806 -144.88791408943115
16.3800000000018 -154.37368871428455
16.390000000001795 -136.00630841619204
16.40000000000179 -100.5896164325602
16.410000000001784 -60.93849231589669
16.420000000001778 -23.544265645813937
16.430000000001773 14.880212296861359
16.440000000001767 59.823594755733424
16.45000000000176 107.37831957482699
16.460000000001756 144.69857017964716
16.47000000000175 159.51313012608577
16.480000000001745 149.29558740954513
16.49000000000174 120.84933470071465
16.500000000001734 83.62048171808878
16.510000000001728 44.878131051103395
16.520000000001723 3.4647937748834607
16.530000000001717 -45.45608775395635
16.54000000000171 -97.08645034824181
16.550000000001706 -138.05665532155246
16.5600000000017 -154.80929466055204
16.570000000001695 -142.72416136053977
16.58000000000169 -110.23173722502584
16.590000000001684 -70.69313917363012
16.60000000000168 -32.67066235448647
16.610000000001673 4.814001659706506
16.620000000001667 48.03957737842697
16.63000000000166 95.91677014488108
16.640000000001656 137.1544960652152
16.65000000000165 158.26995581743952
16.660000000001645 153.90175716170592
16.67000000000164 129.11583774963418
16.680000000001634 93.21986681686097
16.69000000000163 54.54770297132524
16.700000000001623 14.386583005565697
16.710000000001617 -32.634942085241875
16.720000000001612 -84.63742161284547
16.730000000001606 -129.67924296281012
16.7400000000016 -153.38329427316881
16.750000000001595 -148.1543460657522
16.76000000000159 -119.46378578652374
16.770000000001584 -80.59286093363536
16.78000000000158 -41.86601784792498
16.790000000001573 -4.850058316142224
16.800000000001567 36.59980533497205
16.810000000001562 84.05679009896528
16.820000000001556 128.31780520606213
16.83000000000155 155.38981615584612
16.840000000001545 157.22545619998033
16.85000000000154 136.69694774338734
16.860000000001534 102.68262971919528
16.87000000000153 64.17486142908228
16.880000000001523 24.833090944775563
16.890000000001518 -20.17606075281185
16.900000000001512 -71.769966329432
16.910000000001506 -119.94566931495858
16.9200000000015 -150.092179129109
16.930000000001495 -152.08767256486715
16.94000000000149 -128.0860386499224
16.950000000001484 -90.54438933632508
16.96000000000148 -51.21821180613978
16.970000000001473 -14.20942115755851
16.980000000001468 25.59268903343893
16.990000000001462 72.02574353098389
17.000000000001457 118.38282706715333
17.01000000000145 150.88460938736316
17.020000000001446 159.13477484650883
17.03000000000144 143.44379132372626
17.040000000001434 111.88858407680314
17.05000000000143 73.81069041039484
17.060000000001423 34.90099775682148
17.070000000001418 -8.187950836405733
17.080000000001412 -58.71350752891529
17.090000000001407 -109.07304928689348
17.1000000000014 -144.99110261374386
17.110000000001396 -154.35016220377423
17.12000000000139 -135.88060154305262
17.130000000001385 -100.42096962406751
17.14000000000138 -60.77206203343819
17.150000000001373 -23.38695309153168
17.160000000001368 15.057589766273992
17.170000000001362 60.02892622838728
17.180000000001357 107.57091464028778
17.19000000000135 144.81624170950005
17.200000000001346 159.52034868727856
17.21000000000134 149.2058256775932
17.220000000001335 120.70176273474596
17.23000000000133 83.45448128236256
17.240000000001324 44.71064393418004
17.250000000001318 3.272053045436408
17.260000000001313 -45.67933587378754
17.270000000001307 -97.29587711902617
17.2800000000013 -138.187948088041
17.290000000001296 -154.81745206390823
17.30000000000129 -142.61867670663173
17.310000000001285 -110.06852978809417
17.32000000000128 -70.5236234041145
17.330000000001274 -32.51313381347735
17.340000000001268 4.983810245041511
17.350000000001263 48.24002625078893
17.360000000001257 96.11830392902944
17.37000000000125 137.29593544584367
17.380000000001246 158.30519896540142
17.39000000000124 153.83284751738387
17.400000000001235 128.9787826691296
17.41000000000123 93.0553116492152
17.420000000001224 54.38167041928797
17.43000000000122 14.202646445762696
17.440000000001213 -32.85316484161764
17.450000000001207 -84.8561422538502
17.4600000000012 -129.8356592928467
17.470000000001196 -153.4237319255688
17.48000000000119 -148.0728961641189
17.490000000001185 -119.30927637781335
17.50000000000118 -80.42152815401782
17.510000000001174 -41.70644831551765
17.52000000000117 -4.686449239331438
17.530000000001163 36.793437607076086
17.540000000001157 84.26321597245051
17.550000000001152 128.4799651752141
17.560000000001146 155.45330524025255
17.57000000000114 157.17981088051502
17.580000000001135 136.5729567790736
17.59000000000113 102.52138499077611
17.600000000001124 64.00898482072812
17.61000000000112 24.6566251459178
17.620000000001113 -20.386987070871683
17.630000000001107 -71.99391270750984
17.640000000001102 -120.12367860858514
17.650000000001096 -150.16444752485486
17.66000000000109 -152.03361105212025
17.670000000001085 -127.94383636060677
17.68000000000108 -90.37315119952693
17.690000000001074 -51.05542437591201
17.70000000000107 -14.050071372355134
17.710000000001063 25.77838911982765
17.720000000001058 72.23330073727662
17.730000000001052 118.5620977031589
17.740000000001046 150.9757192535045
17.75000000000104 159.11450460217716
17.760000000001035 143.33544621017228
17.77000000000103 111.73288454453316
17.780000000001024 73.64451846828186
17.79000000000102 34.73007120848419
17.800000000001013 -8.390123432298253
17.810000000001008 -58.93885909060063
17.820000000001002 -109.26873498139503
17.830000000000997 -145.09378476429345
17.84000000000099 -154.32610131513962
17.850000000000986 -135.75458106366085
17.86000000000098 -100.25225546788235
17.870000000000974 -60.60569170440998
17.88000000000097 -23.229625655114575
17.890000000000963 15.235105318497233
17.900000000000958 60.234320355886965
17.910000000000952 107.7633193995876
17.920000000000947 144.93348101795422
17.93000000000094 159.52709095046174
17.940000000000936 149.1157268147549
17.95000000000093 120.55403160122428
17.960000000000925 83.28846906095772
17.97000000000092 44.54311623761512
17.980000000000913 3.079153729062753
17.990000000000908 -45.90264662084343
18.000000000000902 -97.50510727924174
18.010000000000897 -138.3187800835577
18.02000000000089 -154.8250554789261
18.030000000000886 -142.51281051430254
18.04000000000088 -109.90520216293575
18.050000000000875 -70.35415215997952
18.06000000000087 -32.355626009781176
18.070000000000864 5.153739557847572
18.080000000000858 48.440577833199384
18.090000000000853 96.31971844993471
18.100000000000847 137.43698920441614
18.11000000000084 158.33995498052224
18.120000000000836 153.76355750445242
18.13000000000083 128.84152486586973
18.140000000000825 92.89071712298241
18.15000000000082 54.2156259434669
18.160000000000814 14.018567253680544
18.170000000000808 -33.071495563874294
18.180000000000803 -85.07473775807327
18.190000000000797 -129.99167129958298
18.20000000000079 -153.46361430456898
18.210000000000786 -147.99100202788387
18.22000000000078 -119.15458751754333
18.230000000000775 -80.25021218508151
18.24000000000077 -41.5469261239238
18.250000000000764 -4.522748508365979
18.26000000000076 36.98719918295589
18.270000000000753 84.46959046456358
18.280000000000747 128.64179730125963
18.29000000000074 155.51631040963258
18.300000000000736 157.13374570411546
18.31000000000073 136.44871891461707
18.320000000000725 102.36006503335855
18.33000000000072 63.8431119274841
18.340000000000714 24.48004573076264
18.35000000000071 -20.598054021778637
18.360000000000703 -72.21780231139853
18.370000000000697 -120.3013481677487
18.380000000000692 -150.23617687292426
18.390000000000686 -151.9790530614509
18.40000000000068 -127.80138981594185
18.410000000000675 -90.20189223564961
18.42000000000067 -50.892697963382425
18.430000000000664 -13.89066677024536
18.44000000000066 25.96423049439875
18.450000000000653 72.44086788595135
18.460000000000647 118.74110641575318
18.470000000000642 151.0663633521736
18.480000000000636 159.09378164152415
18.49000000000063 143.22680948255845
18.500000000000625 111.57706925606678
18.51000000000062 73.47835027994039
18.520000000000614 34.55906732453535
18.53000000000061 -8.592454080167343
18.540000000000603 -59.16421690093108
18.550000000000598 -109.46415073007958
18.560000000000592 -145.19595983608193
18.570000000000586 -154.30150650564553
18.58000000000058 -135.6282481309632
18.590000000000575 -100.08347476554657
18.60000000000057 -60.43938144169863
18.610000000000564 -23.072282626182925
18.62000000000056 15.412759159638156
18.630000000000553 60.43977637784225
18.640000000000548 107.95553264735628
18.650000000000542 145.0502874464696
18.660000000000537 159.53335724696717
18.67000000000053 149.02529161831063
18.680000000000526 120.40614208220755
18.69000000000052 83.12244546962054
18.700000000000514 44.37554741542796
18.71000000000051 2.8860957222070454
18.720000000000503 -46.12601909476824
18.730000000000498 -97.71413955457304
18.740000000000492 -138.4491504005219
18.750000000000487 -154.83210505792
18.76000000000048 -142.40656389779477
18.770000000000476 -109.7417552813107
18.78000000000047 -70.18472578670486
18.790000000000465 -32.19813835655833
18.80000000000046 5.323790048642266
18.810000000000453 48.64123157289633
18.820000000000448 96.52101252909542
18.830000000000442 137.5776564455188
18.840000000000437 158.3742239615058
18.85000000000043 153.69388785479913
18.860000000000426 128.70406513247775
18.87000000000042 92.72608381520628
18.880000000000415 54.049569173917995
18.89000000000041 13.83434504402031
18.900000000000404 -33.2899335459298
18.910000000000398 -85.29320689622396
18.920000000000393 -130.14727793211983
18.930000000000387 -153.502941250449
18.94000000000038 -147.90866464330463
18.950000000000376 -118.99972024094637
18.96000000000037 -80.07891356859058
18.970000000000365 -41.3874508928112
18.98000000000036 -4.358955521187411
18.990000000000354 37.181089738540095
19.000000000000348 84.67591247359103
19.010000000000343 128.8033005262064
19.020000000000337 155.578831512896
19.03000000000033 157.08726131039685
19.040000000000326 136.3242349487552
19.05000000000032 102.19867052126354
19.060000000000315 63.677242650108
19.07000000000031 24.303352126462002
19.080000000000304 -20.809261134315477
19.0900000000003 -72.44163399901917
19.100000000000293 -120.4786768009331
19.110000000000287 -150.30736674511846
19.12000000000028 -151.92399935158465
19.130000000000276 -127.6587001645668
19.14000000000027 -90.03061313192262
19.150000000000265 -50.73003244801469
19.16000000000026 -13.731206646357734
19.170000000000254 26.150213076005116
19.18000000000025 72.6484440224093
19.190000000000243 118.91985202245625
19.200000000000237 151.1565412666156
19.210000000000232 159.07260647106102
19.220000000000226 143.11788193054855
19.23000000000022 111.42113895448895
19.240000000000215 73.31218599170637
19.25000000000021 34.38798547543372
19.260000000000204 -8.794942605322248
19.2700000000002 -59.38957991950713
19.280000000000193 -109.65929528757742
19.290000000000187 -145.29762714494984
19.300000000000182 -154.27637826386177
19.310000000000176 -135.50160391405532
19.32000000000017 -99.91462835309865
19.330000000000165 -60.2731313693344
19.34000000000016 -22.9149233259498
19.350000000000154 15.590551475971509
19.36000000000015 60.64529350942286
19.370000000000143 108.14755315778909
19.380000000000138 145.16666032637607
19.390000000000132 159.53914788550225
19.400000000000126 148.93452087005625
19.41000000000012 120.25809493173321
19.420000000000115 82.95641090076381
19.43000000000011 44.20793689684588
19.440000000000104 2.692878907529817
19.4500000000001 -46.34945241064105
19.460000000000093 -97.922972685226
19.470000000000088 -138.5790581521868
19.480000000000082 -154.83860097377942
19.490000000000077 -142.29993799151066
19.50000000000007 -109.57819009488499
19.510000000000066 -70.01534464486407
19.52000000000006 -32.040670290636925
19.530000000000054 5.493962124914958
19.54000000000005 48.84198689422185
19.550000000000043 96.72218496169302
19.560000000000038 137.71793628540382
19.570000000000032 158.40800598679442
19.580000000000027 153.62383931349248
19.59000000000002 128.56640422508582
19.600000000000016 92.56141230246816
19.61000000000001 53.88349971478046
19.620000000000005 13.649979446243535
19.63 -33.508478105912815
19.639999999999993 -85.51154843308146
19.649999999999988 -130.30247814110282
19.659999999999982 -153.54171261887836
19.669999999999977 -147.82588502677183
19.67999999999997 -118.8446755963704
19.689999999999966 -79.90763288011642
19.69999999999996 -41.228022229792145
19.709999999999955 -4.195069712779841
19.71999999999995 37.37510896700718
19.729999999999944 84.8821808564465
19.739999999999938 128.96447380948945
19.749999999999932 155.6408683499941
19.759999999999927 157.0403583743019
19.76999999999992 136.19950562385287
19.779999999999916 102.03720216440144
19.78999999999991 63.511376811385716
19.799999999999905 24.12654380054032
19.8099999999999 -21.020607998200745
19.819999999999894 -72.66540658159649
19.829999999999888 -120.65566337893706
19.839999999999883 -150.3780166842194
19.849999999999877 -151.86845074200068
19.85999999999987 -127.51576851476159
19.869999999999866 -89.85931463548201
19.87999999999986 -50.56742766973768
19.889999999999855 -13.571690359271685
19.89999999999985 26.336336825893852
19.909999999999844 72.85602812607124
19.91999999999984 119.09833338270172
19.929999999999833 151.24625253042268
19.939999999999827 159.05097962530363
19.94999999999982 143.0086643021483
19.959999999999816 111.26509439700689
19.96999999999981 73.14602570907715
19.979999999999805 34.216825051947026
19.9899999999998 -8.99758886932186
19.999999999999794 -59.61494707838722
