t val
0.01 -6.9705873673518e-10
0.020000000000000004 -3.3410799789028662e-09
0.030000000000000013 -9.340221976525897e-09
0.04000000000000002 -2.1465771963293075e-08
0.05000000000000003 -3.9482220108419396e-08
0.06000000000000004 -6.881798017904414e-08
0.07000000000000005 -1.140887738215189e-07
0.08000000000000006 -1.8666617567107698e-07
0.09000000000000007 -2.95095210449835e-07
0.10000000000000007 -4.5059804613474587e-07
0.11000000000000008 -6.610590869185199e-07
0.12000000000000009 -9.36933597392601e-07
0.1300000000000001 -1.289275736386997e-06
0.1400000000000001 -1.7307835323667754e-06
0.1500000000000001 -2.2742680954406583e-06
0.16000000000000011 -2.9301271202658483e-06
0.17000000000000012 -3.7078559852603623e-06
0.18000000000000013 -4.613977295266753e-06
0.19000000000000014 -5.655430177154271e-06
0.20000000000000015 -6.837198806728182e-06
0.21000000000000016 -8.16456260249628e-06
0.22000000000000017 -9.640993999952683e-06
0.23000000000000018 -1.1268922150305463e-05
0.24000000000000019 -1.304921114678256e-05
0.25000000000000017 -1.4981303464614246e-05
0.2600000000000002 -1.70646960841949e-05
0.2700000000000002 -1.929849445377815e-05
0.2800000000000002 -2.168332122161123e-05
0.2900000000000002 -2.421932774908901e-05
0.3000000000000002 -2.690728263990631e-05
0.3100000000000002 -2.974688499480905e-05
0.32000000000000023 -3.273817844765702e-05
0.33000000000000024 -3.588120698310009e-05
0.34000000000000025 -3.917675549913789e-05
0.35000000000000026 -4.262593777078901e-05
0.36000000000000026 -4.6229229768870455e-05
0.3700000000000003 -4.9986403220196414e-05
0.3800000000000003 -5.389549332642324e-05
0.3900000000000003 -5.7953664541085516e-05
0.4000000000000003 -6.215651931831152e-05
0.4100000000000003 -6.649898131388355e-05
0.4200000000000003 -7.097444054900739e-05
0.4300000000000003 -7.557502526228939e-05
0.44000000000000034 -8.029106647346076e-05
0.45000000000000034 -8.511121923582661e-05
0.46000000000000035 -9.002285211277102e-05
0.47000000000000036 -9.501237366436746e-05
0.48000000000000037 -0.00010006606526451115
0.4900000000000004 -0.00010516992141403955
0.5000000000000003 -0.00011031014267019301
0.5100000000000003 -0.00011547267450098817
0.5200000000000004 -0.00012064378507988435
0.5300000000000004 -0.00012581019626919877
0.5400000000000004 -0.00013095978253432563
0.5500000000000004 -0.00013608176705317196
0.5600000000000004 -0.00014116673739155761
0.5700000000000004 -0.00014620652475124294
0.5800000000000004 -0.00015119385599263014
0.5900000000000004 -0.0001561225616810957
0.6000000000000004 -0.00016098749724810944
0.6100000000000004 -0.00016578495242387708
0.6200000000000004 -0.0001705124915539835
0.6300000000000004 -0.00017516899213006746
0.6400000000000005 -0.00017975427322812525
0.6500000000000005 -0.00018426899721466487
0.6600000000000005 -0.0001887146438419846
0.6700000000000005 -0.00019309360714717772
0.6800000000000005 -0.00019740941367000546
0.6900000000000005 -0.00020166660654831624
0.7000000000000005 -0.00020587062677168596
0.7100000000000005 -0.00021002731873294957
0.7200000000000005 -0.00021414269026724073
0.7300000000000005 -0.00021822254447477813
0.7400000000000005 -0.00022227236076123038
0.7500000000000006 -0.00022629700267056785
0.7600000000000006 -0.00023030034082294616
0.7700000000000006 -0.0002342847539279662
0.7800000000000006 -0.0002382506147746691
0.7900000000000006 -0.0002421960222848464
0.8000000000000006 -0.0002461166496558068
0.8100000000000006 -0.00025000589710181626
0.8200000000000006 -0.0002538549722981071
0.8300000000000006 -0.0002576530816237298
0.8400000000000006 -0.00026138753783684057
0.8500000000000006 -0.00026504403658242305
0.8600000000000007 -0.00026860705547586644
0.8700000000000007 -0.0002720604313887185
0.8800000000000007 -0.00027538801043784785
0.8900000000000007 -0.0002785741830265387
0.9000000000000007 -0.0002816043043806155
0.9100000000000007 -0.00028446485542669867
0.9200000000000007 -0.00028714350701417154
0.9300000000000007 -0.0002896289871382175
0.9400000000000007 -0.0002919108405988998
0.9500000000000007 -0.00029397890452910686
0.9600000000000007 -0.00029582249906851243
0.9700000000000008 -0.00029742926688813056
0.9800000000000008 -0.0002987836923003941
0.9900000000000008 -0.00029986535742881405
1.0000000000000007 -0.0003006468724221476
1.0100000000000007 -0.00030109145421553635
1.0200000000000007 -0.0003011500095193725
1.0300000000000007 -0.00030075784644324223
1.0400000000000007 -0.0002998312700145853
1.0500000000000007 -0.0002982647873574198
1.0600000000000007 -0.00029592984448681176
1.0700000000000007 -0.0002926761458223307
1.0800000000000007 -0.00028833627873900376
1.0900000000000007 -0.00028273367536927604
1.1000000000000008 -0.0002756930825486147
1.1100000000000008 -0.00026705197003063544
1.1200000000000008 -0.0002566712220793077
1.1300000000000008 -0.00024444380340078964
1.1400000000000008 -0.00023030080086049163
1.1500000000000008 -0.00021421455996583708
1.1600000000000008 -0.00019619865114933453
1.1700000000000008 -0.00017630421888471757
1.1800000000000008 -0.0001546125196010513
1.1900000000000008 -0.00013122422856831823
1.2000000000000008 -0.00010624707620439112
1.2100000000000009 -7.97839835277251e-05
1.2200000000000009 -5.192362178594341e-05
1.2300000000000009 -2.2734500827257358e-05
1.2400000000000009 7.737292038485677e-06
1.2500000000000009 3.946706171144985e-05
1.260000000000001 7.244755301479857e-05
1.270000000000001 0.00010668221435807634
1.280000000000001 0.00014217590443528177
1.290000000000001 0.00017892380712402736
1.300000000000001 0.00021690006423892246
1.310000000000001 0.0002560481033709735
1.320000000000001 0.00029627443422513124
1.330000000000001 0.0003374469243027468
1.340000000000001 0.0003793975806752332
1.350000000000001 0.00042192917752206067
1.360000000000001 0.0004648247688351915
1.370000000000001 0.0005078591069103367
1.380000000000001 0.0005508108974065681
1.390000000000001 0.0005934745521221456
1.400000000000001 0.000635669799901117
1.410000000000001 0.0006772475199414265
1.420000000000001 0.0007180907149319979
1.430000000000001 0.0007581105364980669
1.440000000000001 0.0007972383883432547
1.450000000000001 0.0008354159079943525
1.460000000000001 0.0008725848936933497
1.470000000000001 0.0009086790380308062
1.480000000000001 0.0009436189146199366
1.490000000000001 0.0009773111967380582
1.500000000000001 0.0010096525841177277
1.5100000000000011 0.0010405382615500368
1.5200000000000011 0.001069873855905639
1.5300000000000011 0.001097588960347202
1.5400000000000011 0.0011236496544196283
1.5500000000000012 0.0011480673905478731
1.5600000000000012 0.0011709022203434671
1.5700000000000012 0.0011922594429370108
1.5800000000000012 0.0012122800119285016
1.5900000000000012 0.0012311261272447468
1.6000000000000012 0.0012489641848565686
1.6100000000000012 0.001265947644341108
1.6200000000000012 0.001282202434557265
1.6300000000000012 0.001297817231447221
1.6400000000000012 0.001312840258601679
1.6500000000000012 0.0013272831678504949
1.6600000000000013 0.0013411312171413253
1.6700000000000013 0.0013543576806265046
1.6800000000000013 0.001366939575784855
1.6900000000000013 0.0013788716163767609
1.7000000000000013 0.0013901758244686396
1.7100000000000013 0.0014009052638519854
1.7200000000000013 0.0014111415957426324
1.7300000000000013 0.0014209873351237908
1.7400000000000013 0.0014305546143639943
1.7500000000000013 0.0014399528328062608
1.7600000000000013 0.001449277698512553
1.7700000000000014 0.001458603797246029
1.7800000000000014 0.001467981962842023
1.7900000000000014 0.0014774415249131404
1.8000000000000014 0.0014869962627110688
1.8100000000000014 0.0014966519573319313
1.8200000000000014 0.0015064130944665132
1.8300000000000014 0.0015162866263365388
1.8400000000000014 0.0015262816358993896
1.8500000000000014 0.001536404976555577
1.8600000000000014 0.0015466541581380987
1.8700000000000014 0.0015570096282383273
1.8800000000000014 0.001567428970357581
1.8900000000000015 0.001577845316624257
1.9000000000000015 0.0015881714678138536
1.9100000000000015 0.0015983099490143116
1.9200000000000015 0.0016081677496925719
1.9300000000000015 0.0016176731437216472
1.9400000000000015 0.0016267911230481952
1.9500000000000015 0.0016355338849977537
1.9600000000000015 0.0016439635721117592
1.9700000000000015 0.0016521859305596279
1.9800000000000015 0.0016603353909012345
1.9900000000000015 0.0016685538610133582
2.0000000000000013 0.0016769668607217894
2.0100000000000002 0.0016856570337942943
2.019999999999999 0.0016946475780552923
2.029999999999998 0.0017038992491138685
2.039999999999997 0.0017133032428792365
2.049999999999996 0.0017227176563663026
2.0599999999999947 0.0017319485987107716
2.0699999999999936 0.0017408150135579442
2.0799999999999925 0.0017491379791237081
2.0899999999999914 0.001756798600098784
2.0999999999999903 0.0017637233441053619
2.109999999999989 0.001769912284713154
2.119999999999988 0.0017753987331606351
2.129999999999987 0.0017802349844983952
2.139999999999986 0.0017844315869709232
2.149999999999985 0.001787903379096403
2.1599999999999837 0.001790431776109874
2.1699999999999826 0.0017916817035675075
2.1799999999999815 0.0017912968060012123
2.1899999999999804 0.0017890476125414856
2.1999999999999793 0.0017849989798374836
2.209999999999978 0.00177960543800926
2.219999999999977 0.001773714978229974
2.229999999999976 0.0017684612872538082
2.239999999999975 0.0017650801661609214
2.249999999999974 0.0017646937809755083
2.2599999999999727 0.0017680947895304254
2.2699999999999716 0.0017755625938590135
2.2799999999999705 0.0017867233947881306
2.2899999999999694 0.0018005111780292594
2.2999999999999683 0.0018152434427167394
2.309999999999967 0.0018288540850797557
2.319999999999966 0.0018392435630807027
2.329999999999965 0.0018446892120943025
2.339999999999964 0.0018442032001220955
2.349999999999963 0.0018377577931023216
2.3599999999999617 0.001826322906595867
2.3699999999999606 0.0018117195177788478
2.3799999999999595 0.0017963418181721226
2.3899999999999584 0.00178280117141552
2.3999999999999573 0.0017735567093855817
2.409999999999956 0.0017705699707155043
2.419999999999955 0.0017750326483526606
2.429999999999954 0.0017871935079537267
2.439999999999953 0.0018063231467041504
2.4499999999999518 0.0018308187288988136
2.4599999999999507 0.001858427983854729
2.4699999999999496 0.0018865421265611998
2.4799999999999485 0.0019124975392597549
2.4899999999999474 0.0019338410225455563
2.4999999999999463 0.0019485368339044343
2.509999999999945 0.0019551284925119635
2.519999999999944 0.0019528663321839574
2.529999999999943 0.001941815735728545
2.539999999999942 0.0019229336241571495
2.5499999999999408 0.0018980919555502
2.5599999999999397 0.0018700173973205652
2.5699999999999386 0.001842128525251905
2.5799999999999375 0.0018182614463938826
2.5899999999999364 0.001802289002601291
2.5999999999999353 0.0017976570723785062
2.609999999999934 0.001806874452304291
2.619999999999933 0.0018310202058728297
2.629999999999932 0.001869349617826024
2.639999999999931 0.0019190942977653357
2.6499999999999297 0.001975534731956616
2.6599999999999286 0.0020323914182019463
2.6699999999999275 0.002082520551994695
2.6799999999999264 0.0021188403217233228
2.6899999999999253 0.00213536382912303
2.6999999999999242 0.002128185096690114
2.709999999999923 0.002096261958748775
2.719999999999922 0.0020418586154897053
2.729999999999921 0.0019705536771353754
2.73999999999992 0.0018907724598582873
2.7499999999999187 0.0018128730610974461
2.7599999999999176 0.0017478834169272612
2.7699999999999165 0.001706048505894336
2.7799999999999154 0.0016953843596850026
2.7899999999999143 0.0017204439454556791
2.7999999999999132 0.0017814734689417019
2.809999999999912 0.001874085114506864
2.819999999999911 0.0019895060683324237
2.82999999999991 0.002115391151944729
2.839999999999909 0.002237122288236682
2.8499999999999077 0.0023394616907792456
2.8599999999999066 0.002408384558290919
2.8699999999999055 0.0024328894493158408
2.8799999999999044 0.002406578493593934
2.8899999999999033 0.002328812104657033
2.899999999999902 0.002205276862850652
2.909999999999901 0.002047857103615304
2.9199999999999 0.0018737651199833445
2.929999999999899 0.0017039586431080267
2.939999999999898 0.001560952109189834
2.9499999999998967 0.0014662073891787899
2.9599999999998956 0.0014373608176953118
2.9699999999998945 0.001485600846718452
2.9799999999998934 0.0016135394307571348
2.9899999999998923 0.001813911158858232
2.999999999999891 0.002069378075505468
3.00999999999989 0.002353613824395685
3.019999999999889 0.0026336930991133736
3.029999999999888 0.002873636515648505
3.039999999999887 0.003038780482852549
3.0499999999998857 0.003100483336144838
3.0599999999998846 0.0030405725510946288
3.0699999999998835 0.002854902262850299
3.0799999999998824 0.002555437109167528
3.0899999999998813 0.0021704086231017906
3.09999999999988 0.0017423009861862715
3.109999999999879 0.0013236986687555556
3.119999999999878 0.0009713389416071698
3.129999999999877 0.0007390068132277655
3.139999999999876 0.000670130231999896
3.1499999999998747 0.0007910379300710443
3.1599999999998736 0.0011058206059244118
3.1699999999998725 0.0015936039714920434
3.1799999999998714 0.002208816043240173
3.1899999999998703 0.002884716271488199
3.199999999999869 0.003540054125281875
3.209999999999868 0.004088275843138223
3.219999999999867 0.004448281375607561
3.229999999999866 0.004555447026593441
3.2399999999998648 0.004371530531979161
3.2499999999998637 0.0038921484983411503
3.2599999999998626 0.003150701613224465
3.2699999999998615 0.0022178907286868857
3.2799999999998604 0.0011963602793269963
3.2899999999998593 0.0002105867204110728
3.299999999999858 -0.0006071342850916734
3.309999999999857 -0.0011330427503389439
3.319999999999856 -0.0012686183157785895
3.329999999999855 -0.0009555876649111534
3.3399999999998538 -0.00018739702769133702
3.3499999999998527 0.0009844513543841142
3.3599999999998515 0.0024506080543879065
3.3699999999998504 0.004051674445571766
3.3799999999998493 0.005593766331723849
3.3899999999998482 0.006870611761355398
3.399999999999847 0.00768947819139159
3.409999999999846 0.007897422060386199
3.419999999999845 0.007404592058147714
3.429999999999844 0.006202128961122423
3.4399999999998427 0.004372602771453102
3.4499999999998416 0.002090501796062972
3.4599999999998405 -0.00038997644143113193
3.4699999999998394 -0.0027610289639064356
3.4799999999998383 -0.004698737490486952
3.4899999999998372 -0.005905636354505937
3.499999999999836 -0.006151052242842958
3.509999999999835 -0.005304483994021948
3.519999999999834 -0.0033607223807158894
3.529999999999833 -0.00045579513719009077
3.5399999999998317 0.003130563118330517
3.5499999999998306 0.006993191660835009
3.5599999999998295 0.010645081349921766
3.5699999999998284 0.01358162588179893
3.5799999999998273 0.015350925963395013
3.589999999999826 0.015613594938190442
3.599999999999825 0.014185589064885443
3.609999999999824 0.011070713018841565
3.619999999999823 0.006489807073307072
3.629999999999822 0.0008963572318790485
3.6399999999998207 -0.0050487965353481126
3.6499999999998196 -0.010562040067803787
3.6599999999998185 -0.014864012031305635
3.6699999999998174 -0.017300827845319434
3.6799999999998163 -0.01741775865528112
3.689999999999815 -0.014989823729497363
3.699999999999814 -0.010052182324523186
3.709999999999813 -0.0029577697329644143
3.719999999999812 0.00556762065773609
3.729999999999811 0.014444343566676112
3.7399999999998097 0.022394585110142425
3.7499999999998086 0.028216273736769347
3.7599999999998075 0.031025287033576883
3.7699999999998064 0.030317076051242405
3.7799999999998053 0.025902358829439826
3.789999999999804 0.01791016862705704
3.799999999999803 0.006945609535877614
3.809999999999802 -0.005727404752146308
3.819999999999801 -0.018216169042835222
3.8299999999998 -0.02844955760166821
3.8399999999997987 -0.03486917434055797
3.8499999999997976 -0.036714126545739405
3.8599999999997965 -0.03376398986340858
3.8699999999997954 -0.026127001255257954
3.8799999999997943 -0.014283485822013605
3.889999999999793 0.0006818448853173924
3.899999999999792 0.016665518143204557
3.909999999999791 0.03069566879515298
3.91999999999979 0.04031341577418582
3.9299999999997888 0.04451055818474589
3.9399999999997877 0.043239313047874615
3.9499999999997866 0.03697825784762332
3.9599999999997855 0.026444108903038013
3.9699999999997844 0.012433328473318963
3.9799999999997833 -0.0035837323218546424
3.989999999999782 -0.019137506828404805
3.999999999999781 -0.031593834689930426
4.00999999999978 -0.039212033193602024
4.019999999999779 -0.04151840720255819
4.029999999999778 -0.039052386788894076
4.039999999999777 -0.032600875629013835
4.049999999999776 -0.02269466043445502
4.059999999999775 -0.009930667824242413
4.069999999999774 0.004598567941815609
4.079999999999773 0.019117059484655762
4.089999999999772 0.03122573414257876
4.0999999999997705 0.03897288924358164
4.109999999999769 0.04186127885983482
4.119999999999768 0.040352621868326895
4.129999999999767 0.03508759488590858
4.139999999999766 0.026644569958511957
4.149999999999765 0.015509104710272942
4.159999999999764 0.0023287358017773357
4.169999999999763 -0.01153141735580052
4.179999999999762 -0.02387642440649014
4.189999999999761 -0.03259770069940608
4.1999999999997595 -0.03671663923214792
4.209999999999758 -0.036415993398750464
4.219999999999757 -0.032420080709351554
4.229999999999756 -0.025406532566811434
4.239999999999755 -0.015802754216117747
4.249999999999754 -0.004076518409810239
4.259999999999753 0.008795471085093442
4.269999999999752 0.02105810819476942
4.279999999999751 0.030546407905543124
4.28999999999975 0.03578059667442609
4.2999999999997485 0.03654893610327291
4.309999999999747 0.033444659117230095
4.319999999999746 0.02724565768524124
4.329999999999745 0.018612540349282756
4.339999999999744 0.008077227140815744
4.349999999999743 -0.0036555893512650347
4.359999999999742 -0.015300681342647284
4.369999999999741 -0.02504080565849868
4.37999999999974 -0.03127134992573311
4.3899999999997386 -0.033317447720045086
4.3999999999997375 -0.031403690987814606
4.409999999999736 -0.026192364697521488
4.419999999999735 -0.018383016469287312
4.429999999999734 -0.008573969030449336
4.439999999999733 0.0025754913420775677
4.449999999999732 0.014033636655391202
4.459999999999731 0.024256992369158986
4.46999999999973 0.03157736933875977
4.479999999999729 0.034930842840515924
4.4899999999997275 0.03414950884331232
4.499999999999726 0.02967734848835598
4.509999999999725 0.022212991941019274
4.519999999999724 0.012520938819751188
4.529999999999723 0.001431662311666534
4.539999999999722 -0.00999789533386603
4.549999999999721 -0.020357822782393713
4.55999999999972 -0.02811577385634002
4.569999999999719 -0.03217146711005026
4.579999999999718 -0.0321767728594983
4.5899999999997165 -0.028385021735080916
4.599999999999715 -0.02136012433000032
4.609999999999714 -0.011812686439170382
4.619999999999713 -0.0006098860314218771
4.629999999999712 0.0111024246606921
4.639999999999711 0.021844962497201366
4.64999999999971 0.030057884929275844
4.659999999999709 0.03461593839728512
4.669999999999708 0.0351160296394441
4.679999999999707 0.031737233113128135
4.6899999999997055 0.02497512006366081
4.699999999999704 0.015498139927718337
4.709999999999703 0.004179695768533082
4.719999999999702 -0.0077783416282025345
4.729999999999701 -0.018827689008641495
4.7399999999997 -0.02736282536840699
4.749999999999699 -0.03224933251120759
4.759999999999698 -0.03310582253892937
4.769999999999697 -0.030123259495862933
4.779999999999696 -0.023757769867159016
4.7899999999996945 -0.01458405165431342
4.799999999999693 -0.0033539219697993577
4.809999999999692 0.00882022283090155
4.819999999999691 0.02036216857753696
4.82999999999969 0.02950597649214432
4.839999999999689 0.03493940994699025
4.849999999999688 0.03619172072367471
4.859999999999687 0.03345429047462446
4.869999999999686 0.027232969999411705
4.879999999999685 0.01814781745390887
4.8899999999996835 0.00695042900598439
4.899999999999682 -0.0052846926348017135
4.909999999999681 -0.01702312161656404
4.91999999999968 -0.026492701388804312
4.929999999999679 -0.03230630198774129
4.939999999999678 -0.033925342381608416
4.949999999999677 -0.03153077220032659
4.959999999999676 -0.02563521366759312
4.969999999999675 -0.016843615440049312
4.979999999999674 -0.005856858224390049
4.9899999999996725 0.006343059661578437
4.999999999999671 0.01830217753999487
5.00999999999967 0.0282230364078696
5.019999999999669 0.03458752933433427
5.029999999999668 0.03671666353789845
5.039999999999667 0.03470960472189183
5.049999999999666 0.02907240921480952
5.059999999999665 0.02045301414417726
5.069999999999664 0.009588586487854258
5.079999999999663 -0.002543174582207472
5.0899999999996615 -0.014540757263208618
5.09999999999966 -0.02467134073239593
5.109999999999659 -0.03141045034733277
5.119999999999658 -0.03400720043779724
5.129999999999657 -0.032499875594707614
5.139999999999656 -0.02735226429802016
5.149999999999655 -0.019163469040752338
5.159999999999654 -0.008611767892526968
5.169999999999653 0.003400589064264509
5.1799999999996515 0.015543119998746989
5.1899999999996504 0.026078845601264427
5.199999999999649 0.03337716098635601
5.209999999999648 0.036549039404634234
5.219999999999647 0.035532948971332357
5.229999999999646 0.03075636617211263
5.239999999999645 0.02283437347511081
5.249999999999644 0.012468103161507737
5.259999999999643 0.0005570405391039011
5.269999999999642 -0.011603230110757926
5.2799999999996405 -0.022325332877622728
5.289999999999639 -0.029977634727177987
5.299999999999638 -0.03360573602571271
5.309999999999637 -0.03308905508865303
5.319999999999636 -0.02881997807524007
5.329999999999635 -0.021371149582339953
5.339999999999634 -0.011383378496063544
5.349999999999633 0.0003266695835527684
5.359999999999632 0.012552771972829778
5.369999999999631 0.0236312813610955
5.3799999999996295 0.03183642605927155
5.389999999999628 0.03606211914432635
5.399999999999627 0.03606914218176416
5.409999999999626 0.032200925847780726
5.419999999999625 0.025043716246423233
5.429999999999624 0.015269209719187691
5.439999999999623 0.003696984324997802
5.449999999999622 -0.008503800172641272
5.459999999999621 -0.01973122993894021
5.46999999999962 -0.028277500898288312
5.4799999999996185 -0.03296977672719202
5.489999999999617 -0.0334893843234899
5.499999999999616 -0.030134690540565504
5.509999999999615 -0.023454874467416027
5.519999999999614 -0.014073166368611932
5.529999999999613 -0.0027407292581055425
5.539999999999612 0.009461515185425802
5.549999999999611 0.02098235047721046
5.55999999999961 0.030053228085780148
5.569999999999609 0.035354804705086715
5.5799999999996075 0.03643060280135767
5.589999999999606 0.03350556259128522
5.599999999999605 0.027126315854309826
5.609999999999604 0.017949734704194392
5.619999999999603 0.006746679018848953
5.629999999999602 -0.005418233827890541
5.639999999999601 -0.017045695844888558
5.6499999999996 -0.02640516634378773
5.659999999999599 -0.032136807259054156
5.669999999999598 -0.03370664192969366
5.6799999999995965 -0.03128823058620549
5.689999999999595 -0.025389735454410173
5.699999999999594 -0.01661977066645708
5.709999999999593 -0.005686790354081316
5.719999999999592 0.006425726956395556
5.729999999999591 0.01827960479451933
5.73999999999959 0.02811072193537019
5.749999999999589 0.03443027002071976
5.759999999999588 0.03656496911034968
5.769999999999587 0.03460169956384006
5.7799999999995855 0.02902989393538838
5.789999999999584 0.020484333785278353
5.799999999999583 0.009695512179797736
5.809999999999582 -0.002361469055568348
5.819999999999581 -0.014290343786063791
5.82999999999958 -0.024370466484831994
5.839999999999579 -0.03109021775742701
5.849999999999578 -0.033702124317029895
5.859999999999577 -0.03223835334498695
5.869999999999576 -0.02715317635558718
5.8799999999995745 -0.01903667745844186
5.889999999999573 -0.008559128731735175
5.899999999999572 0.003384904250576464
5.909999999999571 0.015473278843497777
5.91999999999957 0.02597760604550327
5.929999999999569 0.033270690421228294
5.939999999999568 0.03645910840166908
5.949999999999567 0.035474437177948584
5.959999999999566 0.03073906538276844
5.9699999999995645 0.02286503479493284
5.979999999999563 0.01255055539341784
5.989999999999562 0.0006890810965038378
5.999999999999561 -0.011433893645300116
6.00999999999956 -0.022140964621722423
6.019999999999559 -0.02980206745006039
6.029999999999558 -0.03345384170649974
6.039999999999557 -0.03296463359908564
6.049999999999556 -0.028720742460394567
6.059999999999555 -0.021294431983309048
6.0699999999995535 -0.011329108986829895
6.079999999999552 0.0003573878484008161
6.089999999999551 0.012562847429145707
6.09999999999955 0.023631750796468877
6.109999999999549 0.03184251994962906
6.119999999999548 0.036083747197479706
6.129999999999547 0.03610633782341307
6.139999999999546 0.032246257329482636
6.149999999999545 0.025087557435193673
6.159999999999544 0.01530521394147406
6.1699999999995425 0.0037251034061742427
6.179999999999541 -0.008478609134195876
6.18999999999954 -0.01970386869765715
6.199999999999539 -0.028246787415091373
6.209999999999538 -0.03293711058891912
6.219999999999537 -0.033454424096141085
6.229999999999536 -0.030093326977380947
6.239999999999535 -0.023400345266787664
6.249999999999534 -0.013999333855597831
6.259999999999533 -0.0026465848078268436
6.2699999999995315 0.009568979279178217
6.27999999999953 0.021090061093840488
6.289999999999529 0.030148643914563403
6.299999999999528 0.03543163216911154
6.309999999999527 0.03648821550267433
6.319999999999526 0.033544795256466156
6.329999999999525 0.027146445895479966
6.339999999999524 0.017948409103447877
6.349999999999523 0.006722823811173377
6.359999999999522 -0.005460117309288364
6.3699999999995205 -0.01709353208978921
6.379999999999519 -0.02644329662444722
6.389999999999518 -0.032153813987661775
6.399999999999517 -0.03369887473888559
6.409999999999516 -0.0312572416590255
6.419999999999515 -0.0253383309083349
6.429999999999514 -0.016549617530097614
6.439999999999513 -0.00559873056658078
6.449999999999512 0.006528602818454872
6.459999999999511 0.01838845417369457
6.4699999999995095 0.028211571356829834
6.479999999999508 0.03451022013904503
6.489999999999507 0.03661749187972777
6.499999999999506 0.03462658534477939
6.509999999999505 0.0290305330702164
6.519999999999504 0.02046513072032525
6.529999999999503 0.009660755903489297
6.539999999999502 -0.0024066319169539388
6.549999999999501 -0.014337846757239607
6.5599999999995 -0.02440912250621472
6.5699999999994985 -0.03110952085455433
6.579999999999497 -0.03369643497676093
6.589999999999496 -0.032207394596271866
6.599999999999495 -0.027100181639321964
6.609999999999494 -0.018966549832267927
6.619999999999493 -0.008477444894404787
6.629999999999492 0.00347185664813854
6.639999999999491 0.015557772153171275
6.64999999999949 0.02605073706811984
6.6599999999994886 0.03332506330923581
6.6699999999994874 0.03649126024438554
6.679999999999486 0.03548461918068036
6.689999999999485 0.030729936787281517
6.699999999999484 0.02284067489729738
6.709999999999483 0.012516050927393229
6.719999999999482 0.0006506893921563903
6.729999999999481 -0.011468658938765983
6.73999999999948 -0.022164364765661478
6.749999999999479 -0.02980851564916219
6.7599999999994775 -0.033441493283154246
6.769999999999476 -0.032934628518501194
6.779999999999475 -0.028675607110658072
6.789999999999474 -0.021237198353779553
6.799999999999473 -0.011263410677284104
6.809999999999472 0.00042663959679391055
6.819999999999471 0.012628972091606287
6.82999999999947 0.02368714626766952
6.839999999999469 0.03188139590930381
6.849999999999468 0.03610417000138865
6.8599999999994665 0.0361094621237197
6.869999999999465 0.032234594886607466
6.879999999999464 0.025064010445137556
6.889999999999463 0.015273041597756385
6.899999999999462 0.003688684265254959
6.909999999999461 -0.00851304304493987
6.91999999999946 -0.019728899034728572
6.929999999999459 -0.02825640611172833
6.939999999999458 -0.032929037831948386
6.949999999999457 -0.03342975646422777
6.9599999999994555 -0.0300547130596477
6.969999999999454 -0.023350684846283234
6.979999999999453 -0.013941581788542603
6.989999999999452 -0.0025844534611763293
6.999999999999451 0.00963010692382537
7.00999999999945 0.02114321321653449
7.019999999999449 0.030187457601483694
7.029999999999448 0.03545300314295362
7.039999999999447 0.03649244727535179
7.049999999999446 0.03353403182826294
7.0599999999994445 0.02712344439696819
7.069999999999443 0.017916173615745826
7.079999999999442 0.006685075765179391
7.089999999999441 -0.0054981242284894314
7.09999999999944 -0.017125027835078795
7.109999999999439 -0.026461852390779646
7.119999999999438 -0.032155862538912325
7.129999999999437 -0.03368421569227359
7.139999999999436 -0.03122765215387406
7.149999999999435 -0.02529623071764286
7.1599999999994335 -0.016497656227468648
7.169999999999432 -0.005540267750701093
7.179999999999431 0.006588624793410693
7.18999999999943 0.01844324131702049
7.199999999999429 0.028254106995884837
7.209999999999428 0.034536092517864506
7.219999999999427 0.0366258087618863
7.229999999999426 0.034618702676599195
7.239999999999425 0.02900872157100365
7.249999999999424 0.0204320609089871
7.2599999999994225 0.009619854447999334
7.269999999999421 -0.0024503141036931074
7.27999999999942 -0.014377356843630026
7.289999999999419 -0.02443713625336953
7.299999999999418 -0.031121166691661872
7.309999999999417 -0.0336905339009885
7.319999999999416 -0.03218527880072112
7.329999999999415 -0.02706410659041786
7.339999999999414 -0.018919001449672245
7.349999999999413 -0.008421476456333104
7.3599999999994115 0.0035316660087958735
7.36999999999941 0.01561468351041288
7.379999999999409 0.026097005633344203
7.389999999999408 0.03335498777846077
7.399999999999407 0.0365029723189881
7.409999999999406 0.035479123916031176
7.419999999999405 0.030709498331744634
7.429999999999404 0.022807953305839953
7.439999999999403 0.012474195266523163
7.4499999999994015 0.0006042218331846502
7.4599999999994 -0.011513154230758254
7.469999999999399 -0.022199168100117274
7.479999999999398 -0.029827589900463324
7.489999999999397 -0.0334425613647109
7.499999999999396 -0.03291853811512593
7.509999999999395 -0.028644599161287896
7.519999999999394 -0.021193848517939626
7.529999999999393 -0.011210641486327218
7.539999999999392 0.0004847198408095783
7.5499999999993905 0.012686169863599515
7.559999999999389 0.023735659628704282
7.569999999999388 0.03191456940493533
7.579999999999387 0.03611902179668493
7.589999999999386 0.036106384611495006
7.599999999999385 0.03221571974618345
7.609999999999384 0.025032078119147254
7.619999999999383 0.015231175851732597
7.629999999999382 0.0036410671693984323
7.639999999999381 -0.008560333828168634
7.6499999999993795 -0.019768261898657352
7.659999999999378 -0.02828113380191805
7.669999999999377 -0.032935872073497865
7.679999999999376 -0.03341891541932813
7.689999999999375 -0.030028248674238405
7.699999999999374 -0.023311198635875236
7.709999999999373 -0.01389196634426775
7.719999999999372 -0.002528527946037451
7.729999999999371 0.009686667679878608
7.73999999999937 0.021192888562164447
7.7499999999993685 0.030223118619694678
7.759999999999367 0.03547078762186839
7.769999999999366 0.0364921114985216
7.779999999999365 0.033517425839703685
7.789999999999364 0.027093217131298992
7.799999999999363 0.017875334634294835
7.809999999999362 0.006637477224503302
7.819999999999361 -0.005546906757172025
7.82999999999936 -0.017167669867011928
7.839999999999359 -0.026491237020444685
7.8499999999993575 -0.03216786795148201
7.859999999999356 -0.03367838589921487
7.869999999999355 -0.031205739466262285
7.879999999999354 -0.02526073343588241
7.889999999999353 -0.01645133090334817
7.899999999999352 -0.005486599522809804
7.909999999999351 0.006644480613033179
7.91999999999935 0.018494108201992064
7.929999999999349 0.028292483599091194
7.939999999999348 0.034557210455297534
7.9499999999993465 0.036628695139582335
7.959999999999345 0.0346048678748509
7.969999999999344 0.02898069249240434
7.979999999999343 0.020392725372659508
7.989999999999342 0.009572742196177965
7.999999999999341 -0.002500139348651469
8.009999999999344 -0.014422922577276863
8.019999999999348 -0.024471009480020744
8.029999999999351 -0.031138323724823797
8.039999999999354 -0.03368972183480691
8.049999999999358 -0.0321678814348792
8.059999999999361 -0.027032526293925597
8.069999999999364 -0.018875909987436275
8.079999999999368 -0.008370077429748815
8.089999999999371 0.003586734521339516
8.099999999999374 0.015666705930733535
8.109999999999378 0.026138288576672112
8.119999999999381 0.03337986530288598
8.129999999999384 0.03650959718387203
8.139999999999388 0.035468550925489735
8.149999999999391 0.030684097656894026
8.159999999999394 0.022770529388291685
8.169999999999398 0.012428031784462824
8.179999999999401 0.0005539019366842065
8.189999999999404 -0.011561106850386648
8.199999999999408 -0.022237195324215843
8.209999999999411 -0.029849827149353348
8.219999999999414 -0.03344683540094753
8.229999999999418 -0.03290572622238657
8.239999999999421 -0.028616946532574836
8.249999999999424 -0.02115396352808576
8.259999999999428 -0.011161523843144026
8.269999999999431 0.0005388785847908701
8.279999999999434 0.012739158164310838
8.289999999999438 0.023779781136554146
8.299999999999441 0.03194336727570499
8.309999999999444 0.03612969251716699
8.319999999999448 0.03609941416815428
8.329999999999451 0.032193262957057774
8.339999999999455 0.024996862572819165
8.349999999999458 0.015186308063961223
8.359999999999461 0.0035907177509537373
8.369999999999465 -0.008610119853836586
8.379999999999468 -0.019809972197098822
8.389999999999471 -0.028308199063265448
8.399999999999475 -0.032945157166353475
8.409999999999478 -0.03341069050732137
8.419999999999481 -0.030004546854451603
8.429999999999485 -0.023274569882944594
8.439999999999488 -0.01384525802891011
8.449999999999491 -0.002475541546902059
8.459999999999495 0.009740250006022912
8.469999999999498 0.021239548364001114
8.479999999999501 0.030255772559409453
8.489999999999505 0.03548564404964055
8.499999999999508 0.03648898363575866
8.509999999999511 0.033498191058608566
8.519999999999515 0.027060517991694167
8.529999999999518 0.017832147301334582
8.539999999999521 0.006587612629766381
8.549999999999525 -0.005597907147375427
8.559999999999528 -0.017212503789353628
8.569999999999531 -0.026522802737389738
8.579999999999535 -0.032182057308888144
8.589999999999538 -0.03367474933081078
8.599999999999541 -0.031186022323533787
8.609999999999545 -0.025227419212145524
8.619999999999548 -0.01640716177773237
8.629999999999551 -0.005435050360123679
8.639999999999555 0.00669825525515013
8.649999999999558 0.018542923019265467
8.659999999999561 0.028328831114957976
8.669999999999565 0.034576323577832344
8.679999999999568 0.036629605226469304
8.689999999999571 0.03458909280536541
8.699999999999575 0.028950765651018093
8.709999999999578 0.02035153220482497
8.719999999999581 0.009523801200786988
8.729999999999585 -0.0025517803618189602
8.739999999999588 -0.014470304289201165
8.749999999999591 -0.02450670057508178
8.759999999999595 -0.031157290131485337
8.769999999999598 -0.03369069273080151
8.779999999999601 -0.032152219510460864
8.789999999999605 -0.027002617560879093
8.799999999999608 -0.018834422325929325
8.809999999999611 -0.008320223364054906
8.819999999999615 0.00364029762244517
8.829999999999618 0.015717237063140304
8.839999999999621 0.026178075338344958
8.849999999999625 0.033403237103492675
8.859999999999628 0.03651470976646255
8.869999999999632 0.0354564657049203
8.879999999999635 0.030657193422162284
8.889999999999638 0.02273161647297947
8.899999999999642 0.012380397038335229
8.909999999999645 0.0005021319279166219
8.919999999999648 -0.011610484090529121
8.929999999999652 -0.022276617120489835
8.939999999999655 -0.029873426958526753
8.949999999999658 -0.03345243994215068
8.959999999999662 -0.03289420997735711
8.969999999999665 -0.028590550144474904
8.979999999999668 -0.021115295381322712
8.989999999999672 -0.011113591604250204
8.999999999999675 0.0005918675169769208
9.009999999999678 0.012790970692139839
9.019999999999682 0.023822704847223878
9.029999999999685 0.03197094652050357
9.039999999999688 0.03613913648550523
9.049999999999692 0.036091223942802106
9.059999999999695 0.03216960783874478
9.069999999999698 0.024960480185356716
9.079999999999702 0.015140309238441702
9.089999999999705 0.0035392745043445165
9.099999999999708 -0.00866096266931719
9.109999999999712 -0.019852704366711306
9.119999999999715 -0.028336257064750396
9.129999999999718 -0.03295541346467982
9.139999999999722 -0.03340341911515
9.149999999999725 -0.029981780876877303
9.159999999999728 -0.023238861072425898
9.169999999999732 -0.013799461245926235
9.179999999999735 -0.002423470997391268
9.189999999999738 0.009792896706338983
9.199999999999742 0.021285243088928808
9.209999999999745 0.03028743854870014
9.219999999999748 0.03549950693364749
9.229999999999752 0.03648487299351934
9.239999999999755 0.033477997490095245
9.249999999999758 0.027026893854844088
9.259999999999762 0.01778807481762971
9.269999999999765 0.006536906943590006
9.279999999999768 -0.0056497030212306456
9.289999999999772 -0.01725809190031006
9.299999999999775 -0.02655509378231045
9.309999999999778 -0.03219695891475759
9.319999999999782 -0.03367182140862181
9.329999999999785 -0.031167011312985108
9.339999999999788 -0.025194807638071703
9.349999999999792 -0.016363695325948238
9.359999999999795 -0.0053842135238084355
9.369999999999798 0.006751294422771668
9.379999999999802 0.018590970046735485
9.389999999999805 0.02836438561522382
9.399999999999809 0.03459463877856592
9.409999999999812 0.036629731003578955
9.419999999999815 0.0345725586908135
9.429999999999819 0.028920111286337324
9.439999999999822 0.020309645588961516
9.449999999999825 0.009474203236263393
9.459999999999829 -0.0026040388141059623
9.469999999999832 -0.014518264117141614
9.479999999999835 -0.024542939432884825
9.489999999999839 -0.031176790257312847
9.499999999999842 -0.03369219624529175
9.509999999999845 -0.03213709267111993
9.519999999999849 -0.026973244667513798
9.529999999999852 -0.01879347120832853
9.539999999999855 -0.008270912012089258
9.549999999999859 0.0036933006580029573
9.559999999999862 0.015767179249070572
9.569999999999865 0.02621724478080229
9.579999999999869 0.03342597927677801
9.589999999999872 0.036519198868278216
9.599999999999875 0.035443775521356885
9.609999999999879 0.03062970936982577
9.619999999999882 0.022692151313229467
9.629999999999885 0.012332239292143391
9.639999999999889 0.0004498715256523847
9.649999999999892 -0.01166031640253976
9.659999999999895 -0.022316462662378037
9.669999999999899 -0.029897432305114276
9.679999999999902 -0.03345844563128062
9.689999999999905 -0.0328830967101558
9.699999999999909 -0.028564558569549696
9.709999999999912 -0.02107703357310343
9.719999999999915 -0.011066070900656824
9.729999999999919 0.000644430783224619
9.739999999999922 0.012842332067681256
9.749999999999925 0.02386514837541754
9.759999999999929 0.03199802820002616
9.769999999999932 0.036148082719947405
9.779999999999935 0.036082548153010756
9.789999999999939 0.03214548613994668
9.799999999999942 0.02492365320998606
9.809999999999945 0.015093889870424303
9.819999999999949 0.003487438793808311
9.829999999999952 -0.008712165192110297
9.839999999999955 -0.019895763959444753
9.849999999999959 -0.028364620580650573
9.859999999999962 -0.03296596765070961
9.869999999999965 -0.033396446354371154
9.879999999999969 -0.029959315804696393
9.889999999999972 -0.023203455248738014
9.899999999999975 -0.013753972354662657
9.909999999999979 -0.0023717210993120484
9.919999999999982 0.009845198600294747
9.929999999999986 0.021330562283691616
9.939999999999989 0.03031870636202054
9.949999999999992 0.03551296597038215
9.959999999999996 0.03648036634863463
9.969999999999999 0.033457423249393374
9.980000000000002 0.026992907822845098
9.990000000000006 0.01774366135844065
10.000000000000009 0.00648588544270713
10.010000000000012 -0.005701783530588409
10.020000000000016 -0.017303931057032214
10.030000000000019 -0.026587610133899556
10.040000000000022 -0.032212075053335884
10.050000000000026 -0.03366910838333548
10.060000000000029 -0.031148219187103997
10.070000000000032 -0.025162419099685883
10.080000000000036 -0.016320457835308423
10.090000000000039 -0.0053336178499827965
10.100000000000042 0.006804069680463891
10.110000000000046 0.01863872194137294
10.120000000000049 0.028399618276809056
10.130000000000052 0.03461262168504244
10.140000000000056 0.03662952900731485
10.150000000000059 0.03455570985953007
10.160000000000062 0.02888915916128121
10.170000000000066 0.020267480173250394
10.180000000000069 0.009424349209642876
10.190000000000072 -0.0026565241906729344
10.200000000000076 -0.014566417128274096
10.210000000000079 -0.02457934260173157
10.220000000000082 -0.03119644033764201
10.230000000000086 -0.03369384876666816
10.240000000000089 -0.0321221197564777
10.250000000000092 -0.02694403156484404
10.260000000000096 -0.01875268687069579
10.270000000000099 -0.008221779301032723
10.280000000000102 0.0037461037719347208
10.290000000000106 0.015816890672518444
10.300000000000109 0.026256153651462808
10.310000000000112 0.03344844575507391
10.320000000000116 0.03652341339895145
10.330000000000119 0.03543082172068447
10.340000000000122 0.030601977131414826
10.350000000000126 0.022652455373080416
10.360000000000129 0.012283871362404004
10.370000000000132 0.0003974278362642945
10.380000000000136 -0.011710298955613627
10.39000000000014 -0.02235642724743867
10.400000000000142 -0.029921538650145043
10.410000000000146 -0.033464549374412386
10.42000000000015 -0.032872086651678796
10.430000000000152 -0.02853867729195861
10.440000000000156 -0.021038889834233156
10.45000000000016 -0.011018679609576443
10.460000000000163 0.0006968451247573213
10.470000000000166 0.012893514951091438
10.48000000000017 0.023907381573087867
10.490000000000173 0.032024879924154454
10.500000000000176 0.03615679643718068
10.51000000000018 0.03607364860597616
10.520000000000183 0.03212115464069878
10.530000000000186 0.024886632404237927
10.54000000000019 0.0150472951578693
10.550000000000193 0.00343545205932136
10.560000000000196 -0.008763487219166265
10.5700000000002 -0.019938910332353194
10.580000000000203 -0.02839304893521645
10.590000000000206 -0.03297658074746395
10.60000000000021 -0.03338953694757503
10.610000000000213 -0.02993692181611922
10.620000000000216 -0.023168128855472987
10.63000000000022 -0.01370857371190709
10.640000000000223 -0.002320079119921318
10.650000000000226 0.009897364889377043
10.66000000000023 0.02137571303316008
10.670000000000233 0.030349781836968393
10.680000000000236 0.03552622594512516
10.69000000000024 0.036475666891680275
10.700000000000243 0.033436668687955536
10.710000000000246 0.026958756271581997
10.72000000000025 0.017699099140265104
10.730000000000253 0.006434737034576935
10.740000000000256 -0.005753961473089891
10.75000000000026 -0.017349834341082785
10.760000000000263 -0.026620165066668176
10.770000000000266 -0.032227220230921345
10.78000000000027 -0.0336664273427952
10.790000000000273 -0.03112946692025899
10.800000000000276 -0.025130079229098014
10.81000000000028 -0.016277279472576303
10.820000000000283 -0.0052830973222190245
10.830000000000286 0.006856744272660023
10.84000000000029 0.018686340331538456
10.850000000000293 0.028434689886966024
10.860000000000296 0.03463043240522329
10.8700000000003 0.03662915824782347
10.880000000000303 0.034538703225044674
10.890000000000306 0.02885806302152399
10.90000000000031 0.02022518614145539
10.910000000000313 0.009374386214995143
10.920000000000316 -0.002709091323635757
10.93000000000032 -0.01461461881131483
10.940000000000323 -0.024615765811034713
10.950000000000326 -0.03121609691181512
10.96000000000033 -0.03369550855106897
10.970000000000333 -0.03210716166769958
10.980000000000336 -0.026914842439139164
10.99000000000034 -0.01871193677662321
11.000000000000343 -0.008172695461080237
11.010000000000346 0.0037988347055680966
11.02000000000035 0.015866497869065844
11.030000000000353 0.026294927859479445
11.040000000000356 0.03347076191983634
11.05000000000036 0.036527477893509984
11.060000000000363 0.035417727244077817
11.070000000000366 0.030574117135840965
11.08000000000037 0.022612646065603592
11.090000000000373 0.012235407832887919
11.100000000000376 0.00034491342517314834
11.11000000000038 -0.011760320082910999
11.120000000000383 -0.02239639942238617
11.130000000000386 -0.02994563489553275
11.14000000000039 -0.03347064101072812
11.150000000000393 -0.03286107129576467
11.160000000000396 -0.028512800079276753
11.1700000000004 -0.02100076037433036
11.180000000000403 -0.010971316085392358
11.190000000000406 0.0007492105623783364
11.20000000000041 0.01294461834481471
11.210000000000413 0.023949502885613472
11.220000000000416 0.032051599666514274
11.23000000000042 0.036165374911374525
11.240000000000423 0.03606462137068457
11.250000000000426 0.032096707527293496
11.26000000000043 0.024849509623321654
11.270000000000433 0.015000614684345768
11.280000000000436 0.0033834021485987516
11.29000000000044 -0.008814841796007531
11.300000000000443 -0.019982056770785916
11.310000000000446 -0.02842145561362619
11.32000000000045 -0.03298716681360902
11.330000000000453 -0.033382606051151405
11.340000000000456 -0.029914515699212666
11.35000000000046 -0.023132800579313734
11.360000000000463 -0.013663185784174175
11.370000000000466 -0.002268466960049277
11.38000000000047 0.009949472706740193
11.390000000000473 0.021420771947733203
11.400000000000476 0.03038074124001299
11.41000000000048 0.03553936266494212
11.420000000000483 0.03647084962091946
11.430000000000486 0.033415807472000215
11.44000000000049 0.0269245111183285
11.450000000000493 0.017654458300498256
11.460000000000496 0.006383530436776454
11.4700000000005 -0.005806168916621779
11.480000000000503 -0.017395734036232097
11.490000000000506 -0.026652690972143737
11.50000000000051 -0.03224232721967196
11.510000000000513 -0.03366371183812969
11.520000000000516 -0.031110689271536835
11.53000000000052 -0.025097724271891463
11.540000000000523 -0.016234097952172902
11.550000000000527 -0.005232590904649136
11.56000000000053 0.0069093783194601474
11.570000000000533 0.0187338848023769
11.580000000000537 0.028469659740912062
11.59000000000054 0.03464812994779857
11.600000000000543 0.036628677242645354
11.610000000000547 0.034521596432355674
11.62000000000055 0.028826879262682042
11.630000000000553 0.02018281852624484
11.640000000000557 0.009324368128589233
11.65000000000056 -0.0027616870412314155
11.660000000000563 -0.014662816223132985
11.670000000000567 -0.024652156191395273
11.68000000000057 -0.031235707373994916
11.690000000000573 -0.03369712356186589
11.700000000000577 -0.03209216727284407
11.71000000000058 -0.026885627319006688
11.720000000000583 -0.01867117214939332
11.730000000000587 -0.00812361276195679
11.74000000000059 0.0038515403880463117
11.750000000000593 0.015916047274163063
11.760000000000597 0.026333613597057857
11.7700000000006 0.03349297378189121
11.780000000000603 0.03653143806155018
11.790000000000607 0.035404537226255806
11.80000000000061 0.03054617362347223
11.810000000000613 0.022572766581622227
11.820000000000617 0.012186890945036876
11.83000000000062 0.00029236989477769725
11.840000000000623 -0.011810338436986144
11.850000000000627 -0.022436337908745194
11.86000000000063 -0.029969679938349376
11.870000000000633 -0.0334766798348549
11.880000000000637 -0.03285001058619922
11.89000000000064 -0.028486887747206306
11.900000000000643 -0.020962606953626912
11.910000000000647 -0.010923942946211537
11.92000000000065 0.0008015637931603856
11.930000000000653 0.012995678497978407
11.940000000000657 0.02399154834741948
11.95000000000066 0.032078223345712524
11.960000000000663 0.036173853880587505
11.970000000000667 0.036055501808216366
11.98000000000067 0.03207217952255383
11.990000000000673 0.024812318782972
12.000000000000677 0.014953881589613631
12.01000000000068 0.0033313216337583136
12.020000000000683 -0.008866196618540611
12.030000000000687 -0.020025171048275333
12.04000000000069 -0.028449808512327653
12.050000000000693 -0.03299769402640883
12.060000000000697 -0.03337562230386065
12.0700000000007 -0.029892066733404575
12.080000000000704 -0.023097440429110248
12.090000000000707 -0.013617779268866337
12.10000000000071 -0.002216855889111759
12.110000000000714 0.010001550382982888
12.120000000000717 0.021465767157005596
12.13000000000072 0.030411612619106507
12.140000000000724 0.03555240407274385
12.150000000000727 0.03646594223551318
12.16000000000073 0.033394866850410015
12.170000000000734 0.026890198997605985
12.180000000000737 0.01760976484568943
12.19000000000074 0.0063322911638663115
12.200000000000744 -0.005858380609803831
12.210000000000747 -0.017441604974171694
12.22000000000075 -0.02668516276734083
12.230000000000754 -0.03225737113466659
12.240000000000757 -0.03366093731207945
12.25000000000076 -0.031091862150401342
12.260000000000764 -0.02506533069666952
12.270000000000767 -0.016190890294798765
12.28000000000077 -0.005182076095092381
12.290000000000774 0.006961993967230042
12.300000000000777 0.018781377306353403
12.31000000000078 0.028504549726550876
12.320000000000784 0.034665736147321706
12.330000000000787 0.036628107677765726
12.34000000000079 0.03450441085948687
12.350000000000794 0.02879562880664018
12.360000000000797 0.020140397752375333
12.3700000000008 0.009274314962096915
12.380000000000804 -0.002814291575901343
12.390000000000807 -0.014710989683067907
12.40000000000081 -0.024688494126584755
12.410000000000814 -0.03125525225402342
12.420000000000817 -0.033698674567335794
12.43000000000082 -0.032077117680021916
12.440000000000824 -0.026856367737075514
12.450000000000827 -0.01863037496172035
12.46000000000083 -0.008074513572776078
12.470000000000834 0.0039042381356301486
12.480000000000837 0.015965556014807192
12.49000000000084 0.026372227931309344
12.500000000000844 0.03351509838964014
12.510000000000847 0.0365353108713998
12.52000000000085 0.035391268433087895
12.530000000000854 0.03051816302915807
12.540000000000857 0.02253283296854464
12.55000000000086 0.012138336406595182
12.560000000000864 0.0002398127362984635
12.570000000000867 -0.011860338611499712
12.58000000000087 -0.022476227350224264
12.590000000000874 -0.029993658534239014
12.600000000000877 -0.03348265078327891
12.61000000000088 -0.032838889710197244
12.620000000000884 -0.028460925803523413
12.630000000000887 -0.02092441542795135
12.64000000000089 -0.010876546374493484
12.650000000000894 0.0008539183601443504
12.660000000000897 0.013046708770710104
12.6700000000009 0.024033531255394563
12.680000000000904 0.03210476426083927
12.690000000000907 0.03618224661363857
12.70000000000091 0.03604630306345119
12.710000000000914 0.03204758353846439
12.720000000000917 0.024775072498323402
12.73000000000092 0.014907108213041075
12.740000000000924 0.003279222666510747
12.750000000000927 -0.008917539615504651
12.76000000000093 -0.020068241133633806
12.770000000000934 -0.028478095688193348
12.780000000000937 -0.03300815058604466
12.79000000000094 -0.033368574094637914
12.800000000000944 -0.029869563548425456
12.810000000000947 -0.023062037306597342
12.82000000000095 -0.013572343333495992
12.830000000000954 -0.0021652353096492044
12.840000000000957 0.010053608343115599
12.85000000000096 0.021510709015744027
12.860000000000964 0.030442406339999728
12.870000000000967 0.035565360538197914
12.88000000000097 0.0364609550376849
12.890000000000974 0.03337385696688589
12.900000000000977 0.026855829829547172
12.91000000000098 0.017565028474463704
12.920000000000984 0.006281028755060759
12.930000000000987 -0.005910587087071988
12.94000000000099 -0.017487437721380124
12.950000000000994 -0.026717571088472527
12.960000000000997 -0.032272342730577476
12.970000000001 -0.03365809466609469
12.980000000001004 -0.031072976639253406
12.990000000001007 -0.025032889795907128
13.00000000000101 -0.01614764800671041
13.010000000001014 -0.005131544598053295
13.020000000001017 0.007014599352590726
13.03000000000102 0.018828825902398198
13.040000000001024 0.028539367913667728
13.050000000001027 0.03468325910065142
13.06000000000103 0.03662745762394038
13.070000000001034 0.034487154474677234
13.080000000001037 0.028764319456771586
13.09000000000104 0.020097931447061297
13.100000000001044 0.009224234209428644
13.110000000001047 -0.0028668974989315963
13.12000000000105 -0.014759131787140644
13.130000000001054 -0.02472477226690646
13.140000000001058 -0.03127472430356798
13.15000000000106 -0.033700154438875814
13.160000000001064 -0.032062005898309216
13.170000000001068 -0.02682705686301735
13.18000000000107 -0.018589538553034624
13.190000000001074 -0.00802539139778982
13.200000000001078 0.003956934300791743
13.21000000000108 0.016015030359657526
13.220000000001084 0.02641077713464313
13.230000000001088 0.03353714205649093
13.240000000001091 0.036539102641012476
13.250000000001094 0.03537792712233577
13.260000000001098 0.0304900914926514
13.270000000001101 0.022492851227842295
13.280000000001104 0.01208975010902755
13.290000000001108 0.00018724778532341026
13.300000000001111 -0.01191031478849726
13.310000000001114 -0.022516061968938763
13.320000000001118 -0.03001756499350181
13.330000000001121 -0.0334885482696879
13.340000000001124 -0.03282770318962368
13.350000000001128 -0.028434908892607576
13.360000000001131 -0.020886180575026187
13.370000000001134 -0.010829121283258816
13.380000000001138 0.0009062792236258056
13.390000000001141 0.01309771403613282
13.400000000001144 0.02407545647510102
13.410000000001148 0.032131227324570945
13.420000000001151 0.03619055805080968
13.430000000001154 0.036037030048943985
13.440000000001158 0.03202292440681074
13.450000000001161 0.02473777549450054
13.460000000001164 0.014860299189870817
13.470000000001168 0.0032271098354447517
13.480000000001171 -0.008968866209294775
13.490000000001174 -0.020111262475898773
13.500000000001178 -0.028506312666538098
13.510000000001181 -0.03301853211181699
13.520000000001184 -0.033361457132251866
13.530000000001188 -0.029847001947284794
13.540000000001191 -0.02302658711846108
13.550000000001194 -0.01352687399436274
13.560000000001198 -0.002113601347934731
13.570000000001201 0.010105650373486805
13.580000000001204 0.021555601289606943
13.590000000001208 0.030473126214549777
13.600000000001211 0.03557823591781405
13.610000000001214 0.03645589188166794
13.620000000001218 0.03335278162442467
13.630000000001221 0.026821407336860496
13.640000000001224 0.017520252836660834
13.650000000001228 0.006229746821981565
13.660000000001231 -0.005962784741871316
13.670000000001234 -0.0175332286853283
13.680000000001238 -0.026749912407014485
13.690000000001241 -0.03228723856731
13.700000000001245 -0.033655180539132745
13.710000000001248 -0.03105402945146384
13.720000000001251 -0.0250003983630683
13.730000000001255 -0.01610436796894667
13.740000000001258 -0.005080993388312655
13.750000000001261 0.0070671974162398845
13.760000000001265 0.018876233497800318
13.770000000001268 0.02857411724881622
13.780000000001271 0.0347007018106983
13.790000000001275 0.03662673010229938
13.800000000001278 0.034469830271411546
13.810000000001281 0.028732954148258983
13.820000000001285 0.020055422486839884
13.830000000001288 0.00917412871604985
13.840000000001291 -0.002919501965085277
13.850000000001295 -0.014807239692732801
13.860000000001298 -0.02476098782039112
13.870000000001301 -0.031294120814727384
13.880000000001305 -0.03370156054316776
13.890000000001308 -0.03204682935603639
13.900000000001311 -0.026797692187105576
13.910000000001315 -0.01854866048257561
13.920000000001318 -0.00797624387468249
13.930000000001321 0.0040096311666966145
13.940000000001325 0.01606447254781281
13.950000000001328 0.02644926347383532
13.960000000001331 0.033559107111962694
13.970000000001335 0.03654281573494732
13.980000000001338 0.03536451565012275
13.990000000001341 0.03046196133011799
14.000000000001345 0.022452823629063187
14.010000000001348 0.012041134296539894
14.020000000001351 0.00013467728943849526
14.030000000001355 -0.01196026471327921
14.040000000001358 -0.02255583954649444
14.050000000001361 -0.030041397176692942
14.060000000001365 -0.03349437022864253
14.070000000001368 -0.03281644901374642
14.080000000001371 -0.028408835052416696
14.090000000001375 -0.020847900486420004
14.100000000001378 -0.01078166582849059
14.110000000001381 0.0009586481556322061
14.120000000001385 0.013148696014591486
14.130000000001388 0.024117325740079142
14.140000000001391 0.032157614334165474
14.150000000001395 0.03619879003820771
14.160000000001398 0.03602768461853614
14.170000000001401 0.03199820395690141
14.180000000001405 0.02470042956456074
14.190000000001408 0.014813456292200388
14.200000000001411 0.0031749849183679716
14.210000000001415 -0.009020174607244209
14.220000000001418 -0.020154233303988023
14.230000000001422 -0.028534457748007388
14.240000000001425 -0.03302883697981472
14.250000000001428 -0.03335426984525796
14.260000000001432 -0.029824380398369914
14.270000000001435 -0.02299108837440762
14.280000000001438 -0.013481369813036083
14.290000000001442 -0.0020619526293051632
14.300000000001445 0.010157677792848017
14.310000000001448 0.021600445295103868
14.320000000001452 0.030503773618565086
14.330000000001455 0.03559103164711813
14.340000000001458 0.036450754224867196
14.350000000001462 0.03333164226904984
14.360000000001465 0.026786932938532897
14.370000000001468 0.017475439333631597
14.380000000001472 0.006178446772821627
14.390000000001475 -0.006014972145582138
14.400000000001478 -0.017578976444768187
14.410000000001482 -0.026782185363586005
14.420000000001485 -0.03230205736262831
14.430000000001488 -0.03365219370277194
14.440000000001492 -0.031035019393479888
14.450000000001495 -0.02496785523653188
14.460000000001498 -0.01606104906076843
14.470000000001502 -0.00503042140022023
14.480000000001505 0.007119789166862887
14.490000000001508 0.018923601084420396
14.500000000001512 0.028608798773822903
14.510000000001515 0.034718065386535234
14.520000000001518 0.0366259262565687
14.530000000001522 0.034452439393582925
14.540000000001525 0.02870153400629205
14.550000000001528 0.020012871981928665
14.560000000001532 0.009123999599082376
14.570000000001535 -0.002972103833394497
14.580000000001538 -0.01485531225341574
14.590000000001542 -0.0247971396900185
14.600000000001545 -0.03131344076805433
14.610000000001548 -0.0337028919184384
14.620000000001552 -0.032031587124754145
14.630000000001555 -0.02676827280618666
14.640000000001558 -0.018507739878769497
14.650000000001562 -0.00792707017830729
14.660000000001565 0.004062329503155171
14.670000000001568 0.01611388331992906
14.680000000001572 0.026487687726267053
14.690000000001575 0.03358099440429034
14.700000000001578 0.036546451047741554
14.710000000001582 0.035351034921729876
14.720000000001585 0.030433773435883743
14.730000000001588 0.022412751053948066
14.740000000001592 0.011992489856956896
14.750000000001595 8.210216177005184e-05
14.760000000001599 -0.012010187456527788
14.770000000001602 -0.02259555918863963
14.780000000001605 -0.03006515426502254
14.790000000001609 -0.033500115904295955
14.800000000001612 -0.032805126461449244
14.810000000001615 -0.028382703583057545
14.820000000001619 -0.02080957448622725
14.830000000001622 -0.010734179372405651
14.840000000001625 0.0010110257422686817
14.850000000001629 0.013199655253842112
14.860000000001632 0.024159139619194
14.870000000001635 0.03218392592842649
14.880000000001639 0.03620694327129078
14.890000000001642 0.03601826748851248
14.900000000001645 0.031973422901331774
14.910000000001649 0.024663035411016214
14.920000000001652 0.014766580227207244
14.930000000001655 0.0031228486475826595
14.940000000001659 -0.009071464052711772
14.950000000001662 -0.02019715288114965
14.960000000001665 -0.02856253026593743
14.970000000001669 -0.03303906459178066
14.980000000001672 -0.03334701167394263
14.990000000001675 -0.029801698361492497
15.000000000001679 -0.02295554055239673
15.010000000001682 -0.013435830297891863
15.020000000001685 -0.0020102887087772095
15.030000000001689 0.010209691002017149
15.040000000001692 0.02164524143786028
15.050000000001695 0.030534349021943925
15.060000000001699 0.03560374826123128
15.070000000001702 0.036445542633183586
15.080000000001705 0.03331043947004686
15.090000000001709 0.026752407196562678
15.100000000001712 0.017430588530312735
15.110000000001715 0.006127129196120319
15.120000000001719 -0.006067148679839305
15.130000000001722 -0.017624680386389657
15.140000000001725 -0.02681438940601373
15.150000000001729 -0.03231679863723092
15.160000000001732 -0.03364913372199845
15.170000000001735 -0.031015946050368504
15.180000000001739 -0.024935260015399894
15.190000000001742 -0.016017690904850126
15.200000000001745 -0.004979828297230127
15.210000000001749 0.007172374894295536
15.220000000001752 0.01897092894158227
15.230000000001755 0.028643412822107115
15.240000000001759 0.034735350232831266
15.250000000001762 0.036625046532099956
15.260000000001765 0.03443498229702021
15.270000000001769 0.028670059482714835
15.280000000001772 0.01997028038546807
15.290000000001776 0.009073847332728287
15.300000000001779 -0.00302470259689322
15.310000000001782 -0.014903348953915244
15.320000000001786 -0.024833227409586548
15.330000000001789 -0.03133268377246556
15.340000000001792 -0.0337041482248735
15.350000000001796 -0.03201627888735124
15.360000000001799 -0.026738798414793524
15.370000000001802 -0.018466776453870185
15.380000000001806 -0.007877870055497137
15.390000000001809 0.004115029516838989
15.400000000001812 0.01616326285918234
15.410000000001816 0.02652605011541192
15.420000000001819 0.03360280423080289
15.430000000001822 0.03655000892711367
15.440000000001826 0.035337485302692255
15.450000000001829 0.03040552817525634
15.460000000001832 0.022372633867913057
15.470000000001836 0.011943817173524994
15.480000000001839 2.9522819051338643e-05
15.490000000001842 -0.012060082582102088
15.500000000001846 -0.02263522049399146
15.510000000001849 -0.030088835931319082
15.520000000001852 -0.03350578502818956
15.530000000001856 -0.032793735291457744
15.540000000001859 -0.028356514254203272
15.550000000001862 -0.0207712023571265
15.560000000001866 -0.010686661726076
15.570000000001869 0.00106341212831055
15.580000000001872 0.013250591865316958
15.590000000001876 0.02420089824811551
15.600000000001879 0.03221016231533025
15.610000000001882 0.03621501801751269
15.620000000001886 0.03600877895196277
15.630000000001889 0.03194858153724321
15.640000000001892 0.024625593330651927
15.650000000001896 0.014719671305902385
15.660000000001899 0.003070701366471657
15.670000000001902 -0.009122734174536871
15.680000000001906 -0.020240020855640122
15.690000000001909 -0.02859052993809703
15.700000000001912 -0.03304921473119346
15.710000000001916 -0.0333396824350791
15.720000000001919 -0.029778955665356027
15.730000000001922 -0.02291994349065915
15.740000000001926 -0.013390255309681286
15.75000000000193 -0.001958609487401909
15.760000000001932 0.010261690060208375
15.770000000001936 0.021689989784688373
15.78000000000194 0.03056485255770453
15.790000000001942 0.03561638596038849
15.800000000001946 0.03644025734084965
15.81000000000195 0.0332891734704925
15.820000000001953 0.0267178303541274
15.830000000001956 0.017385700680511082
15.84000000000196 0.006075794375549984
15.850000000001963 -0.006119314027703328
15.860000000001966 -0.017670340197622373
15.87000000000197 -0.02684652428271625
15.880000000001973 -0.03233146221073917
15.890000000001976 -0.03364600045707525
15.90000000000198 -0.030996809296918136
15.910000000001983 -0.024902612581830196
15.920000000001986 -0.015974293400531355
15.93000000000199 -0.004929214014193995
15.940000000001993 0.00722495462081066
15.950000000001996 0.019018217083559073
15.960000000002 0.028677959463701733
15.970000000002003 0.0347525564923251
15.980000000002006 0.03662409111446386
15.99000000000201 0.034417459181545325
16.00000000000201 0.02863853077882864
16.010000000002005 0.019927647906149527
16.020000000002 0.00902367215204653
16.030000000001994 -0.0030772979844616373
16.04000000000199 -0.01495134951387529
16.050000000001983 -0.024869250747832694
16.060000000001978 -0.03135184967087841
16.070000000001972 -0.033705329354168236
16.080000000001966 -0.03200090455420696
16.09000000000196 -0.026709268929860988
16.100000000001955 -0.018425770137410858
16.11000000000195 -0.007828643466016175
16.120000000001944 0.004167731204761272
16.13000000000194 0.016212611141321016
16.140000000001933 0.02656435065878737
16.150000000001928 0.03362453668399631
16.160000000001922 0.036553489517390424
16.170000000001917 0.035323866957731646
16.18000000000191 0.03037722571672688
16.190000000001906 0.022332472244306366
16.2000000000019 0.011895116441831981
16.210000000001894 -2.3060506617273926e-05
16.22000000000189 -0.012109949837389737
16.230000000001883 -0.02267482324474594
16.240000000001878 -0.030112442031523946
16.250000000001872 -0.03351137751331057
16.260000000001867 -0.03278227544106897
16.27000000000186 -0.02833026701026836
16.280000000001856 -0.020732784052475896
16.29000000000185 -0.010639112867692242
16.300000000001845 0.0011158072941837849
16.31000000000184 0.01330150579807008
16.320000000001833 0.02424260160147725
16.330000000001828 0.03223632354273556
16.340000000001822 0.03622301438517355
16.350000000001817 0.03599921914453679
16.36000000000181 0.0319236800071823
16.370000000001806 0.024588103469307798
16.3800000000018 0.014672729691967137
16.390000000001795 0.003018543273798855
16.40000000000179 -0.009173984744981399
16.410000000001784 -0.020282837019138283
16.420000000001778 -0.028618456625540092
16.430000000001773 -0.033059287323723714
16.440000000001767 -0.03333228208557167
16.45000000000176 -0.029756152275929496
16.460000000001756 -0.022884297161508416
16.47000000000175 -0.013344644840338557
16.480000000001745 -0.0019069149951051426
16.49000000000174 0.010313674899455505
16.500000000001734 0.021734690276440247
16.510000000001728 0.030595284233721976
16.520000000001723 0.03562894482035162
16.530000000001717 0.03643489845874575
16.54000000000171 0.03326784439210098
16.550000000001706 0.026683202535779566
16.5600000000017 0.017340775922316427
16.570000000001695 0.006024442481432845
16.58000000000169 -0.006171467984351966
16.590000000001684 -0.017715955677912704
16.60000000000168 -0.026878589854175534
16.610000000001673 -0.03234604801416891
16.620000000001667 -0.033642793878206366
16.63000000000166 -0.0309776091157384
16.640000000001656 -0.024869912923325785
16.65000000000165 -0.015930856550161843
16.660000000001645 -0.004878578587060187
16.67000000000164 0.00727752826902934
16.680000000001634 0.019065465426061377
16.69000000000163 0.028712438670832913
16.700000000001623 0.03476968421044619
16.710000000001617 0.0366230600926346
16.720000000001612 0.034399870151743075
16.730000000001606 0.02860694800272597
16.7400000000016 0.019884974661761926
16.750000000001595 0.008973474203212444
16.76000000000159 -0.003129889812658739
16.770000000001584 -0.014999313740418645
16.78000000000158 -0.024905209561120883
16.790000000001573 -0.03137093839346478
16.800000000001567 -0.03370643528424735
16.810000000001562 -0.03198546412037001
16.820000000001556 -0.026679684351091536
16.83000000000155 -0.01838472093982662
16.840000000001545 -0.0077793904489648095
16.85000000000154 0.0042204344858133265
16.860000000001534 0.016261928064930955
16.87000000000153 0.02660258929746684
16.880000000001523 0.033646191780336475
16.890000000001518 0.036556892887309
16.900000000001512 0.03531017997687444
16.910000000001506 0.03034886615555552
16.9200000000015 0.022292266285043383
16.930000000001495 0.011846387787725982
16.94000000000149 -7.564765173970305e-05
16.950000000001484 -0.012159789038086887
16.96000000000148 -0.02271436729158997
16.970000000001473 -0.030135972489920664
16.980000000001468 -0.03351689334027217
16.990000000001462 -0.032770746914057
17.000000000001457 -0.028303961860692894
17.01000000000145 -0.020694319589177067
17.020000000001446 -0.010591532837718335
17.03000000000144 0.0011682111590427158
17.040000000001434 0.013352396940704852
17.05000000000143 0.02428424959414312
17.060000000001423 0.032262409599119475
17.070000000001418 0.03623093242346605
17.080000000001412 0.035989588143342355
17.090000000001407 0.031898718396183495
17.1000000000014 0.024550565916685346
17.110000000001396 0.014625755494340462
17.12000000000139 0.0029663745146204156
17.130000000001385 -0.00922521558964678
17.14000000000138 -0.020325601216830264
17.150000000001373 -0.028646310242841692
17.160000000001368 -0.033069282348079015
17.170000000001362 -0.033324810634512265
17.180000000001357 -0.029733288210268057
17.19000000000135 -0.022848601587175263
17.200000000001346 -0.013298998930689532
17.21000000000134 -0.001855205309885413
17.220000000001335 0.010365645404405628
17.23000000000133 0.021779342807212533
17.240000000001324 0.03062564401150994
17.250000000001318 0.03564142487070135
17.260000000001313 0.03642946605190381
17.270000000001307 0.033246452311439384
17.2800000000013 0.02664852382195054
17.290000000001296 0.017295814350829282
17.30000000000129 0.005973073642019925
17.310000000001285 -0.006223610386621676
17.32000000000128 -0.017761526668488528
17.330000000001274 -0.026910586022781954
17.340000000001268 -0.03236055602013853
17.350000000001263 -0.03363951399656305
17.360000000001257 -0.0309583455295691
17.37000000000125 -0.024837161066604527
17.380000000001246 -0.015887380394483876
17.39000000000124 -0.0048279220895083
17.400000000001235 0.007330095724399976
17.41000000000123 0.019112673848193658
17.420000000001224 0.028746850379535897
17.43000000000122 0.03478673339657844
17.440000000001213 0.03662195351971416
17.450000000001207 0.034382215276779704
17.4600000000012 0.028575311227827235
17.470000000001196 0.01984226073632225
17.48000000000119 0.008923253599428336
17.490000000001185 -0.003182477930585823
17.50000000000118 -0.015047241473273491
17.510000000001174 -0.024941103738619144
17.52000000000117 -0.03138994990304153
17.530000000001163 -0.03370746602520198
17.540000000001157 -0.03196995761241324
17.550000000001152 -0.026650044708995936
17.560000000001146 -0.01834362890170401
17.57000000000114 -0.007730111073065797
17.580000000001135 0.004273139249709159
17.59000000000113 0.016311213499907176
17.600000000001124 0.02664076594426671
17.61000000000112 0.033667769508182996
17.620000000001113 0.036560219077572446
17.630000000001107 0.035296424422382955
17.640000000001102 0.03032044955976289
17.650000000001096 0.02225201606549981
17.66000000000109 0.011797631311197267
17.670000000001085 -0.00012823847824946125
17.68000000000108 -0.012209600025318953
17.690000000001074 -0.02275385251087138
17.70000000000107 -0.030159427256418868
17.710000000001063 -0.03352233251495528
17.720000000001058 -0.032759149738961
17.730000000001052 -0.028277598839121596
17.740000000001046 -0.02065580900781212
17.75000000000104 -0.010543921699879142
17.760000000001035 0.0012206236191275519
17.77000000000103 0.013403265159309289
17.780000000001024 0.024325842118896924
17.79000000000102 0.0322884204510652
17.800000000001013 0.03623877215970468
17.810000000001008 0.03597988600374462
17.820000000001002 0.03187369676789065
17.830000000000997 0.024512980741625216
17.84000000000099 0.0145787488016718
17.850000000000986 0.0029141952141128334
17.86000000000098 -0.009276426553954994
17.870000000000974 -0.020368313313953813
17.88000000000097 -0.028674090724699387
17.890000000000963 -0.033079199802829966
17.900000000000958 -0.03331726811045294
17.910000000000952 -0.02971036350444374
17.920000000000947 -0.022812856808489535
17.93000000000094 -0.013253317639828347
17.940000000000936 -0.001803480527745303
17.95000000000093 0.010417601442013133
17.960000000000925 0.021823947253823504
17.97000000000092 0.03065593183554095
17.980000000000913 0.03565382612397488
17.990000000000908 0.03642396016835195
18.000000000000902 0.033224997288289704
18.010000000000897 0.026613794276673312
18.02000000000089 0.017250816045221537
18.030000000000886 0.005921687970013766
18.04000000000088 -0.006275741086789805
18.050000000000875 -0.01780705302623608
18.06000000000087 -0.026942512706737216
18.070000000000864 -0.03237498621690673
18.080000000000858 -0.03363616083862239
18.090000000000853 -0.03093901857610547
18.100000000000847 -0.024804357052985428
18.11000000000084 -0.015843864988584738
18.120000000000836 -0.004777244609369605
18.13000000000083 0.007382656858451155
18.140000000000825 0.019159842215515366
18.15000000000082 0.0287811945125902
18.160000000000814 0.03480370404686524
18.170000000000808 0.03662077143554252
18.180000000000803 0.03436449461266061
18.190000000000797 0.02854362051465856
18.20000000000079 0.019799506201325295
18.210000000000786 0.008873010441719228
18.22000000000078 -0.0032350621993746994
18.230000000000775 -0.015095132564353906
18.24000000000077 -0.024976933181900845
18.250000000000764 -0.03140888417475291
18.26000000000076 -0.0337084215991738
18.270000000000753 -0.03195438506866023
18.280000000000747 -0.02662035004555993
18.29000000000074 -0.01830249407489532
18.300000000000736 -0.007680805418163831
18.31000000000073 0.004325845375198824
18.320000000000725 0.016360467305491525
18.33000000000072 0.02667888050167448
18.340000000000714 0.033689269845618035
18.35000000000071 0.036563468118546265
18.360000000000703 0.035282600346222784
18.370000000000697 0.03029197598724915
18.380000000000692 0.022211721651223173
18.390000000000686 0.011748847102712609
18.40000000000068 -0.00018083285744138457
18.410000000000675 -0.01225938264968219
18.42000000000067 -0.022793278788656304
18.430000000000664 -0.030182806290656762
18.44000000000066 -0.033527695052744055
18.450000000000653 -0.03274748395356359
18.460000000000647 -0.02825117798821662
18.470000000000642 -0.020617252357814957
18.480000000000636 -0.01049627952664652
18.49000000000063 0.00127304456203618
18.500000000000625 0.013454110311573378
18.51000000000062 0.02436737906046921
18.520000000000614 0.03231435605721273
18.53000000000061 0.036246533613178665
18.540000000000603 0.035970112773059275
18.550000000000598 0.031848615177998287
18.560000000000592 0.024475348005233617
18.570000000000586 0.014531709695142976
18.58000000000058 0.0028620054901631795
18.590000000000575 -0.009327617490674355
18.60000000000057 -0.020410973183347402
18.610000000000564 -0.0287017980135041
18.62000000000056 -0.03308903969406526
18.630000000000553 -0.03330965454922811
18.640000000000548 -0.029687378201611856
18.650000000000542 -0.022777062873228008
18.660000000000537 -0.013207601033725681
18.67000000000053 -0.0017517407515065286
18.680000000000526 0.010469542872585138
18.69000000000052 0.021868503486779198
18.700000000000514 0.030686147644155316
18.71000000000051 0.035666148586507414
18.720000000000503 0.03641838084984756
18.730000000000498 0.03320347937620374
18.740000000000492 0.026579013957899484
18.750000000000487 0.017205781078808307
18.76000000000048 0.00587028557244165
18.770000000000476 -0.006327859942814356
18.78000000000047 -0.0178525346139236
18.790000000000465 -0.02697436983029915
18.80000000000046 -0.03238933859868008
18.810000000000453 -0.03363273443660551
18.820000000000448 -0.03091962829858018
18.830000000000442 -0.024771500929261874
18.840000000000437 -0.015800310392961873
18.85000000000043 -0.004726546239849527
18.860000000000426 0.007435211537443277
18.87000000000042 0.019206970388604822
18.880000000000415 0.028815470988034386
18.89000000000041 0.03482059615265759
18.900000000000404 0.03661951387505398
18.910000000000398 0.03434670821052363
18.920000000000393 0.028511875918978705
18.930000000000387 0.019756711123693937
18.94000000000038 0.008822744826712435
18.950000000000376 -0.0032876424845267598
18.96000000000037 -0.015142986870164582
18.970000000000365 -0.025012697797338293
18.98000000000036 -0.0314277411884881
18.990000000000354 -0.033709302032857116
19.000000000000348 -0.03193874653181291
19.010000000000343 -0.026590600407047624
19.020000000000337 -0.018261316515501013
19.03000000000033 -0.007631473568352709
19.040000000000326 0.004378552736846901
19.05000000000032 0.016409689336987707
19.060000000000315 0.026716932868536394
19.07000000000031 0.033710692767099
19.080000000000304 0.03656664003683921
19.0900000000003 0.03526870779654358
19.100000000000293 0.030263445492140325
19.110000000000287 0.022171383104124545
19.12000000000028 0.011700035249271053
19.130000000000276 -0.00023343066399599238
19.14000000000027 -0.012309136765311472
19.150000000000265 -0.022832646014806418
19.16000000000026 -0.030206109556087508
19.170000000000254 -0.033532980972659415
19.18000000000025 -0.032735749599110305
19.190000000000243 -0.028224699353990308
19.200000000000237 -0.02057864969193572
19.210000000000232 -0.010448606393831501
19.220000000000226 0.0013254738720361904
19.23000000000022 0.01350493225203533
19.240000000000215 0.024408860300744996
19.25000000000021 0.032340216373442435
19.260000000000204 0.03625421680030746
19.2700000000002 0.0359602684956512
19.280000000000193 0.03182347367925704
19.290000000000187 0.02443766776577131
19.300000000000182 0.014484638253238523
19.310000000000176 0.0028098054580515805
19.32000000000017 -0.009378788255275761
19.330000000000165 -0.020453580700814832
19.34000000000016 -0.02872943205471152
19.350000000000154 -0.033098802030795
19.36000000000015 -0.03330196998942437
19.370000000000143 -0.029664332347573107
19.380000000000138 -0.022741219831775166
19.390000000000132 -0.013161849180979252
19.400000000000126 -0.0016999860866324375
19.41000000000012 0.010521469553911233
19.420000000000115 0.021913011374369323
19.43000000000011 0.030716291373627018
19.440000000000104 0.03567839226246724
19.4500000000001 0.03641272813586875
19.460000000000093 0.033181898626425906
19.470000000000088 0.026544182921332402
19.480000000000082 0.017160709522787566
19.490000000000077 0.005818866554315565
19.50000000000007 -0.006379966814718264
19.510000000000066 -0.0178979712966656
19.52000000000006 -0.027006157320230515
19.530000000000054 -0.03240361316205879
19.54000000000005 -0.03362923482493927
19.550000000000043 -0.030900174742341878
19.560000000000038 -0.024738592744249093
19.570000000000032 -0.015756716670173598
19.580000000000027 -0.004675827076264705
19.59000000000002 0.007487759625593824
19.600000000000016 0.019254058226284693
19.61000000000001 0.02884967972237418
19.620000000000005 0.03483740970372774
19.63 0.03661818087148612
19.639999999999993 0.034328856119705396
19.649999999999988 0.028480077494761738
19.659999999999982 0.019713875568661818
19.669999999999977 0.008772456849459542
19.67999999999997 -0.0033402186531161686
19.689999999999966 -0.015190804248974663
19.69999999999996 -0.02504839749330562
19.709999999999955 -0.03144652092609927
19.71999999999995 -0.03371010735473125
19.729999999999944 -0.03192304204623245
19.739999999999938 -0.026560795841324862
19.749999999999932 -0.018220096281236796
19.759999999999927 -0.007582115609391633
19.76999999999992 0.00443126120756056
19.779999999999916 0.016458879448264997
19.78999999999991 0.026754922942525967
19.799999999999905 0.03373203824590694
19.8099999999999 0.036569734857760224
19.819999999999894 0.03525474682012212
19.829999999999888 0.0302348581271875
19.839999999999883 0.022131000484823988
19.849999999999877 0.01165119583669068
19.85999999999987 -0.0002860317737562974
19.869999999999866 -0.012358862227668507
19.87999999999986 -0.02287195408076396
19.889999999999855 -0.0302293370177756
19.89999999999985 -0.033538190295176996
19.909999999999844 -0.032723946718166065
19.91999999999984 -0.028198162983722925
19.929999999999833 -0.020540001064208304
19.939999999999827 -0.010400902378579515
19.94999999999982 0.00137791143204514
19.959999999999816 0.01355573083405366
19.96999999999981 0.02445028572072927
19.979999999999805 0.03236600135482039
19.9899999999998 0.0362618217365584
19.999999999999794 0.035950353214824406
