t val
0.010000000000000002 -7.507101620140434e-10
0.02000000000000001 -3.769040537261388e-09
0.03000000000000002 -9.847313140019116e-09
0.04000000000000003 -2.181166581485586e-08
0.05000000000000004 -3.984612968472133e-08
0.060000000000000046 -6.997491843522436e-08
0.07000000000000005 -1.1731419659356363e-07
0.08000000000000006 -1.9175600458529868e-07
0.09000000000000007 -3.0242338736191667e-07
0.10000000000000007 -4.59202460736915e-07
0.11000000000000008 -6.722929380221718e-07
0.12000000000000009 -9.512722012588149e-07
0.1300000000000001 -1.3083895513911464e-06
0.1400000000000001 -1.7548745485109772e-06
0.1500000000000001 -2.3036778502878845e-06
0.16000000000000011 -2.965343005385956e-06
0.17000000000000012 -3.74911355340529e-06
0.18000000000000013 -4.662330351047253e-06
0.19000000000000014 -5.710563171896123e-06
0.20000000000000015 -6.899702232244827e-06
0.21000000000000016 -8.233985876685113e-06
0.22000000000000017 -9.717932334981822e-06
0.23000000000000018 -1.1353428013552954e-05
0.24000000000000019 -1.3141395152832601e-05
0.25000000000000017 -1.5081223706323582e-05
0.2600000000000002 -1.7171949366678962e-05
0.2700000000000002 -1.9413439621407497e-05
0.2800000000000002 -2.18056136342982e-05
0.2900000000000002 -2.4349375470510708e-05
0.3000000000000002 -2.7044724707841264e-05
0.3100000000000002 -2.9891888584452962e-05
0.32000000000000023 -3.28905982368164e-05
0.33000000000000024 -3.6041064556434786e-05
0.34000000000000025 -3.934418335895703e-05
0.35000000000000026 -4.2800839503565904e-05
0.36000000000000026 -4.641192015569674e-05
0.3700000000000003 -5.017677006352604e-05
0.3800000000000003 -5.409369993993408e-05
0.3900000000000003 -5.8159313298565615e-05
0.4000000000000003 -6.236935083210034e-05
0.4100000000000003 -6.671856747802997e-05
0.4200000000000003 -7.120048286564648e-05
0.4300000000000003 -7.580727990975695e-05
0.44000000000000034 -8.052903975810965e-05
0.45000000000000034 -8.535435407933307e-05
0.46000000000000035 -9.02702921646766e-05
0.47000000000000036 -9.526343085062876e-05
0.48000000000000037 -0.00010032000755772658
0.4900000000000004 -0.00010542617785629458
0.5000000000000003 -0.00011056804725534928
0.5100000000000003 -0.00011573148440351596
0.5200000000000004 -0.00012090271562428165
0.5300000000000004 -0.00012606848816878923
0.5400000000000004 -0.00013121684108816157
0.5500000000000004 -0.0001363371174879219
0.5600000000000004 -0.00014142004078420187
0.5700000000000004 -0.00014645745050557415
0.5800000000000004 -0.00015144207899105865
0.5900000000000004 -0.00015636774960405448
0.6000000000000004 -0.0001612293795610834
0.6100000000000004 -0.00016602336341798682
0.6200000000000004 -0.0001707474048397984
0.6300000000000004 -0.00017540043590285362
0.6400000000000005 -0.00017998230161970875
0.6500000000000005 -0.0001844936236830298
0.6600000000000005 -0.0001889359090504638
0.6700000000000005 -0.00019331161626363078
0.6800000000000005 -0.0001976243917038584
0.6900000000000005 -0.000201878866474974
0.7000000000000005 -0.0002060804781252062
0.7100000000000005 -0.00021023505676725756
0.7200000000000005 -0.00021434853481561758
0.7300000000000005 -0.0002184267379639471
0.7400000000000005 -0.0002224751419385087
0.7500000000000006 -0.00022649864611894174
0.7600000000000006 -0.0002305010625218552
0.7700000000000006 -0.0002344846729571402
0.7800000000000006 -0.00023844971604896996
0.7900000000000006 -0.00024239413734605865
0.8000000000000006 -0.0002463135220415945
0.8100000000000006 -0.0002502011575763313
0.8200000000000006 -0.00025404818844887244
0.8300000000000006 -0.0002578436948043055
0.8400000000000006 -0.0002615748904794067
0.8500000000000006 -0.0002652273525505078
0.8600000000000007 -0.0002687854970973574
0.8700000000000007 -0.0002722331568256759
0.8800000000000007 -0.00027555420231308367
0.8900000000000007 -0.00027873309215524256
0.9000000000000007 -0.0002817552168376986
0.9100000000000007 -0.0002846071141585293
0.9200000000000007 -0.00028727648665212956
0.9300000000000007 -0.00028975212954512945
0.9400000000000007 -0.00029202363942951696
0.9500000000000007 -0.00029408088678033287
0.9600000000000007 -0.0002959131698259621
0.9700000000000008 -0.00029750802077233485
0.9800000000000008 -0.0002988497409036363
0.9900000000000008 -0.00029991762911772143
1.0000000000000007 -0.00030068393134776117
1.0099999999999996 -0.00030111136543412644
1.0199999999999985 -0.0003011501927106195
1.0299999999999974 -0.00030073487703915233
1.0399999999999963 -0.00029978068298965694
1.0499999999999952 -0.0002981809197799726
1.059999999999994 -0.0002958057731653873
1.069999999999993 -0.0002925037938902419
1.0799999999999919 -0.00028810671083673875
1.0899999999999908 -0.0002824375886483711
1.0999999999999897 -0.00027532140411612216
1.1099999999999886 -0.00026659647831176977
1.1199999999999875 -0.0002561250827627629
1.1299999999999863 -0.00024380198384370445
1.1399999999999852 -0.000229560356740466
1.1499999999999841 -0.00021337479326613012
1.159999999999983 -0.0001952611050657904
1.169999999999982 -0.00017527244946378536
1.1799999999999808 -0.00015349161424271196
1.1899999999999797 -0.00013002011941734608
1.1999999999999786 -0.00010496578865156484
1.2099999999999775 -7.843097956738317e-05
1.2199999999999764 -5.05033502972692e-05
1.2299999999999753 -2.1250172275187552e-05
1.2399999999999742 9.283751752263682e-06
1.2499999999999731 4.107493192874359e-05
1.259999999999972 7.411710815106934e-05
1.269999999999971 0.00010841434691034428
1.2799999999999698 0.00014397155523398553
1.2899999999999687 0.0001807832573241454
1.2999999999999676 0.00021882222170488487
1.3099999999999665 0.00025802994726527285
1.3199999999999654 0.00029831073317896837
1.3299999999999643 0.0003395302466876918
1.3399999999999632 0.00038151854874654686
1.3499999999999621 0.0004240768868915214
1.359999999999961 0.00046698733338054407
1.36999999999996 0.0005100243095870638
1.3799999999999588 0.0005529669225316189
1.3899999999999577 0.000595610714372856
1.3999999999999566 0.0006377771342138781
1.4099999999999555 0.0006793190919086448
1.4199999999999544 0.0007201215715017396
1.4299999999999533 0.0007600973277399542
1.4399999999999522 0.0007991787713534358
1.449999999999951 0.000837307883091329
1.45999999999995 0.0008744261930169006
1.469999999999949 0.0009104666494020005
1.4799999999999478 0.0009453487934756458
1.4899999999999467 0.000978978221654594
1.4999999999999456 0.0010112508112116092
1.5099999999999445 0.0010420614954650014
1.5199999999999434 0.001071316481131115
1.5299999999999423 0.0010989468800227345
1.5399999999999412 0.0011249211297671643
1.54999999999994 0.0011492535808018856
1.559999999999939 0.0011720073018211192
1.569999999999938 0.0011932902849756152
1.5799999999999368 0.0012132454741806513
1.5899999999999357 0.0012320360911228596
1.5999999999999346 0.0012498284504585113
1.6099999999999335 0.001266774839470954
1.6199999999999324 0.001282999097073879
1.6299999999999313 0.0012985872319979835
1.6399999999999302 0.001313584694165485
1.649999999999929 0.0013280007720371074
1.659999999999928 0.001341819211971116
1.6699999999999269 0.0013550128850920466
1.6799999999999258 0.001367559529826466
1.6899999999999247 0.0013794554925710524
1.6999999999999236 0.0013907249693381623
1.7099999999999225 0.0014014233005713204
1.7199999999999214 0.0014116341026166215
1.7299999999999203 0.0014214611775058906
1.7399999999999192 0.0014310170594263106
1.749999999999918 0.0014404106173128567
1.759999999999917 0.0014497362409729992
1.7699999999999159 0.0014590667268824344
1.7799999999999148 0.0014684510667968386
1.7899999999999137 0.0014779171030415233
1.7999999999999126 0.0014874777627268989
1.8099999999999115 0.0014971386849824456
1.8199999999999104 0.001506904781755272
1.8299999999999093 0.0015167836952786806
1.8399999999999082 0.0015267850901051084
1.849999999999907 0.0015369159551418764
1.859999999999906 0.0015471732714136559
1.8699999999999048 0.0015575362516178411
1.8799999999999037 0.0015679606971951753
1.8899999999999026 0.0015783777581884493
1.8999999999999015 0.001588698531475258
1.9099999999999004 0.0015988246238877609
1.9199999999998993 0.0016086632979693102
1.9299999999998982 0.0016181444705813705
1.9399999999998971 0.0016272360193675395
1.949999999999896 0.001635953835531349
1.959999999999895 0.0016443639025278045
1.9699999999998938 0.001652575206321072
1.9799999999998927 0.001660724141482272
1.9899999999998916 0.0016689528444754976
1.9999999999998905 0.0016773851790920613
2.0099999999998897 0.0016860997550129397
2.0199999999998886 0.001695116060266955
2.0299999999998875 0.0017043886551420364
2.0399999999998863 0.0017138067052694514
2.0499999999998852 0.0017232211905986573
2.059999999999884 0.0017324389505708727
2.069999999999883 0.001741275346609069
2.079999999999882 0.0017495602553578803
2.089999999999881 0.0017571733915698149
2.0999999999998797 0.0017640526330058627
2.1099999999998786 0.00177019440030157
2.1199999999998775 0.0017756408526613642
2.1299999999998764 0.0017804405679728986
2.1399999999998753 0.0017846064612554314
2.1499999999998742 0.0017880439611237813
2.159999999999873 0.0017905253249192786
2.169999999999872 0.0017917071261181806
2.179999999999871 0.0017912294966758709
2.18999999999987 0.0017888763462727364
2.1999999999998687 0.0017847302299212448
2.2099999999998676 0.0017792740318505825
2.2199999999998665 0.001773376088741654
2.2299999999998654 0.0017681859267938502
2.2399999999998643 0.0017649402854217724
2.249999999999863 0.0017647506625186598
2.259999999999862 0.0017683889072048632
2.269999999999861 0.0017760993382427027
2.27999999999986 0.0017874693878288125
2.289999999999859 0.0018013864088369431
2.2999999999998577 0.001816131653309959
2.3099999999998566 0.0018296159781156748
2.3199999999998555 0.0018397469721916856
2.3299999999998544 0.0018448357705192083
2.3399999999998533 0.0018439521059468193
2.349999999999852 0.0018371368830674382
2.359999999999851 0.0018254227279254638
2.36999999999985 0.001810680095926525
2.379999999999849 0.0017953288491906522
2.389999999999848 0.0017819845353831117
2.3999999999998467 0.0017730849080423038
2.4099999999998456 0.0017705511891682889
2.4199999999998445 0.0017755169938670698
2.4299999999998434 0.0017881645967373952
2.4399999999998423 0.0018077003397954084
2.449999999999841 0.001832469282620358
2.45999999999984 0.0018601882453790446
2.469999999999839 0.0018882397627379692
2.479999999999838 0.0019139719961660004
2.489999999999837 0.0019349556100091015
2.4999999999998357 0.0019491869476294132
2.5099999999998346 0.0019552458214630855
2.5199999999998335 0.0019524235833261023
2.5299999999998324 0.001940832735608777
2.5399999999998313 0.0019214830863466476
2.54999999999983 0.0018963021787439267
2.559999999999829 0.0018680696063890709
2.569999999999828 0.0018402479752840926
2.579999999999827 0.0018167008758472735
2.5899999999998258 0.0018013054616852454
2.5999999999998247 0.0017974817937804603
2.6099999999998236 0.0018076769116046742
2.6199999999998225 0.0018328705959069016
2.6299999999998214 0.0018721869854322285
2.6399999999998203 0.0019227082941108374
2.649999999999819 0.00197956963103567
2.659999999999818 0.0020363761290388034
2.669999999999817 0.00208592324551656
2.679999999999816 0.002121140501139476
2.6899999999998148 0.0021361319933053432
2.6999999999998137 0.0021271570545639126
2.7099999999998126 0.0020933962492630147
2.7199999999998115 0.002037367404411682
2.7299999999998104 0.0019648992425728502
2.7399999999998093 0.0018846267761038799
2.749999999999808 0.0018070424031763196
2.759999999999807 0.0017432068231046558
2.769999999999806 0.001703283012587312
2.779999999999805 0.0016950947998928228
2.7899999999998037 0.0017229132169544843
2.7999999999998026 0.0017866464772786559
2.8099999999998015 0.001881554464715289
2.8199999999998004 0.0019985412096770083
2.8299999999997993 0.002125008234558512
2.8399999999997982 0.002246187420078723
2.849999999999797 0.0023468178944759397
2.859999999999796 0.002412988827858012
2.869999999999795 0.002433946122718002
2.879999999999794 0.002403653727547259
2.8899999999997927 0.002321915776640066
2.8999999999997916 0.002194901070708136
2.9099999999997905 0.0020349640462825236
2.9199999999997894 0.0018597213990095983
2.9299999999997883 0.0016904170774706187
2.9399999999997872 0.0015496874890813621
2.949999999999786 0.0014589169770628787
2.959999999999785 0.0014354473141976255
2.969999999999784 0.0014899610092160996
2.979999999999783 0.0016243859107950248
2.9899999999997817 0.0018306561747932397
2.9999999999997806 0.0020906044720370664
3.0099999999997795 0.0023771511175177578
3.0199999999997784 0.002656803924655169
3.0299999999997773 0.0028933044826474357
3.039999999999776 0.003052074093832251
3.049999999999775 0.003104956537637309
3.059999999999774 0.0030346516835214393
3.069999999999773 0.0028382040917836154
3.079999999999772 0.0025289644230324674
3.0899999999997707 0.0021365800749071264
3.0999999999997696 0.0017047900259398409
3.1099999999997685 0.001287081445542495
3.1199999999997674 0.000940579888940136
3.1299999999997663 0.0007188371785116257
3.139999999999765 0.0006643943941441034
3.149999999999764 0.0008020917889453695
3.159999999999763 0.0011340654289046222
3.169999999999762 0.0016372289900158606
3.179999999999761 0.002263804788822392
3.1899999999997597 0.0029451439621818428
3.1999999999997586 0.0035986667263326793
3.2099999999997575 0.004137300449425105
3.2199999999997564 0.004480380752746112
3.2299999999997553 0.004564707014632317
3.239999999999754 0.004354360953492193
3.249999999999753 0.0038479824403645823
3.259999999999752 0.0030823891514797836
3.269999999999751 0.002131702117617465
3.27999999999975 0.0011015475654541022
3.2899999999997487 0.0001185073517916478
3.2999999999997476 -0.0006842597004194562
3.3099999999997465 -0.0011836042520502158
3.3199999999997454 -0.001283152860060743
3.3299999999997443 -0.0009282040736160695
3.339999999999743 -0.00011692427372147425
3.349999999999742 0.0010937548785276193
3.359999999999741 0.0025889446091439576
3.36999999999974 0.004204323924716233
3.3799999999997388 0.005742463502419821
3.3899999999997377 0.006995571100650765
3.3999999999997366 0.0077718162379420246
3.4099999999997355 0.007921668574542767
3.4199999999997344 0.007361015267364518
3.4299999999997333 0.0060886547058273885
3.439999999999732 0.004196088051593546
3.449999999999731 0.0018670330120554796
3.45999999999973 -0.0006361046249593701
3.469999999999729 -0.0029997754995893995
3.4799999999997278 -0.00489791583542916
3.4899999999997267 -0.006035005437011157
3.4999999999997256 -0.006186253859170907
3.5099999999997245 -0.005230504489763869
3.5199999999997234 -0.00317481305122031
3.5299999999997222 -0.00016962569454125162
3.539999999999721 0.003490209359987053
3.54999999999972 0.00738608825388244
3.559999999999719 0.011021994725921587
3.569999999999718 0.01389079843686063
3.5799999999997167 0.015544942980456932
3.5899999999997156 0.015655174041666418
3.5999999999997145 0.014052177588134368
3.6099999999997134 0.010758845600216192
3.6199999999997123 0.0060194781323053325
3.6299999999997112 0.00031339015754345173
3.63999999999971 -0.0056757287061286734
3.649999999999709 -0.011151061292255484
3.659999999999708 -0.015333377762924847
3.669999999999707 -0.01758033814678821
3.6799999999997057 -0.017455144873786334
3.6899999999997046 -0.014754675597968591
3.6999999999997035 -0.009542145530506302
3.7099999999997024 -0.0022078968552090104
3.7199999999997013 0.006477607461172067
3.7299999999997 0.015393594433993555
3.739999999999699 0.023242202989952478
3.749999999999698 0.02883322252820618
3.759999999999697 0.03131589237412275
3.769999999999696 0.03022028755011331
3.7799999999996947 0.025387897564674033
3.7899999999996936 0.016988774092588824
3.7999999999996925 0.005693802747312422
3.8099999999996914 -0.007147137916676238
3.8199999999996903 -0.01957099517776543
3.829999999999689 -0.029508656357880816
3.839999999999688 -0.03547958101540683
3.849999999999687 -0.036800630040110284
3.859999999999686 -0.03330010037138999
3.869999999999685 -0.02513303358625657
3.8799999999996837 -0.0128349075617136
3.8899999999996826 0.002417658479593073
3.8999999999996815 0.01838003500248502
3.9099999999996804 0.03203927505905926
3.9199999999996793 0.0410883037326802
3.929999999999678 0.044661930099379576
3.939999999999677 0.04279604320407557
3.949999999999676 0.03603782792617073
3.959999999999675 0.025102802303950476
3.969999999999674 0.010803265862537216
3.9799999999996727 -0.005273956033555012
3.9899999999996716 -0.02060492991129847
3.9999999999996705 -0.03262053901130185
4.009999999999674 -0.03967538765827175
4.019999999999677 -0.041442944515702546
4.0299999999996805 -0.038556681388465824
4.039999999999684 -0.03176566195356467
4.049999999999687 -0.021567920629902433
4.0599999999996905 -0.008603696779442668
4.069999999999694 0.006011301316175613
4.079999999999697 0.020438547419422755
4.0899999999997005 0.03220034362298763
4.099999999999704 0.03946693611649976
4.109999999999707 0.04189924284694244
4.119999999999711 0.03999137621222383
4.129999999999714 0.03439840174614377
4.139999999999717 0.025704457367042206
4.149999999999721 0.014350895192488687
4.159999999999724 0.00101462621455958
4.169999999999727 -0.012818469130463339
4.179999999999731 -0.02490424554668346
4.189999999999734 -0.03319056947243738
4.199999999999737 -0.03681745803505576
4.209999999999741 -0.03609057756743064
4.219999999999744 -0.03177844890881062
4.229999999999747 -0.024513920286045657
4.239999999999751 -0.014698690619824432
4.249999999999754 -0.002824012490501298
4.259999999999757 0.010089163866097687
4.269999999999761 0.022192624026509587
4.279999999999764 0.03129632131142776
4.289999999999767 0.03605181003613939
4.299999999999771 0.036380136753613464
4.309999999999774 0.032923174515086216
4.319999999999777 0.026474382909859723
4.329999999999781 0.017670337047534675
4.339999999999784 0.007001383810952721
4.349999999999787 -0.004797427269283414
4.359999999999791 -0.016361491292832264
4.369999999999794 -0.025838199691558445
4.379999999999797 -0.031667081216395596
4.389999999999801 -0.03327454077531157
4.399999999999804 -0.03098287359373335
4.409999999999807 -0.025489079633950845
4.419999999999811 -0.017475875526525797
4.429999999999814 -0.007526609123082851
4.439999999999817 0.00369782015370592
4.449999999999821 0.015131790672494011
4.459999999999824 0.02516749466735307
4.4699999999998274 0.032133782129666694
4.479999999999831 0.03505403467738259
4.489999999999834 0.03384988330330071
4.4999999999998375 0.029021263104114656
4.509999999999841 0.021299001233627258
4.519999999999844 0.011446696623325668
4.5299999999998475 0.0002856065751941666
4.539999999999851 -0.011105767863098
4.549999999999854 -0.021285449975057047
4.5599999999998575 -0.028722750471566288
4.569999999999861 -0.03236749737856971
4.579999999999864 -0.031946533453214715
4.5899999999998675 -0.027775163897121397
4.599999999999871 -0.02044858596911984
4.609999999999874 -0.010694140204776796
4.6199999999998775 0.000602267934943758
4.629999999999881 0.012276463731376327
4.639999999999884 0.02283268274215508
4.649999999999888 0.030720660631669946
4.659999999999891 0.03487243152069433
4.669999999999894 0.03495364156978703
4.679999999999898 0.031188544394332936
4.689999999999901 0.024102134040943586
4.699999999999904 0.014388094245011319
4.709999999999908 0.002945935731751558
4.719999999999911 -0.008990302890492172
4.729999999999914 -0.01985011580760719
4.739999999999918 -0.028051016449093146
4.749999999999921 -0.03252790729255732
4.759999999999924 -0.03296930813407663
4.769999999999928 -0.029607800115762938
4.779999999999931 -0.02291747912576075
4.789999999999934 -0.013485084068664357
4.799999999999938 -0.002090054597328325
4.809999999999941 0.010107060299437722
4.819999999999944 0.02148586542082669
4.829999999999948 0.030289398756188395
4.839999999999951 0.03528448083925069
4.849999999999954 0.03609152067472133
4.859999999999958 0.03295534527892894
4.869999999999961 0.026401023142360133
4.879999999999964 0.017054642341681147
4.889999999999968 0.00568516663057737
4.899999999999971 -0.00659005686722917
4.909999999999974 -0.01818595156445904
4.919999999999978 -0.027325260727164888
4.929999999999981 -0.032693932305570356
4.939999999999984 -0.03385368087861709
4.949999999999988 -0.03104937614634899
4.959999999999991 -0.024815692476920812
4.969999999999994 -0.015760620084287944
4.979999999999998 -0.004593766628062987
4.990000000000001 0.007668346477863082
5.000000000000004 0.019516302682276724
5.010000000000008 0.02913024889490308
5.020000000000011 0.03505335019400706
5.0300000000000145 0.036708057530437765
5.040000000000018 0.034267348150305334
5.050000000000021 0.028272246898335147
5.0600000000000245 0.01937987655098254
5.070000000000028 0.008333582564201065
5.080000000000031 -0.003861833061323677
5.0900000000000345 -0.01575947309067485
5.100000000000038 -0.025604053985229337
5.110000000000041 -0.03191835110756655
5.1200000000000445 -0.034046607280333846
5.130000000000048 -0.03210364851670152
5.140000000000051 -0.026588496927669385
5.1500000000000545 -0.018111335137123024
5.160000000000058 -0.007359699994962505
5.170000000000061 0.004738576924797843
5.1800000000000646 0.016806364275925544
5.190000000000068 0.027075238092460558
5.200000000000071 0.03395618018458591
5.210000000000075 0.03665506090538985
5.220000000000078 0.03518916264595739
5.230000000000081 0.03002821421346419
5.240000000000085 0.02180375870128967
5.250000000000088 0.011225692897716865
5.260000000000091 -0.0007813969181232851
5.270000000000095 -0.012877996500461349
5.280000000000098 -0.02334822159102161
5.290000000000101 -0.03059516329442657
5.300000000000105 -0.03375554182186717
5.310000000000108 -0.032791666807408734
5.320000000000111 -0.02813707557121808
5.330000000000115 -0.02037687451349367
5.340000000000118 -0.010160276015684954
5.350000000000121 0.0016722439664693342
5.360000000000125 0.013867936849193683
5.370000000000128 0.02472101498598567
5.380000000000131 0.03253009311028424
5.390000000000135 0.03628195400102179
5.400000000000138 0.03582620661845857
5.410000000000141 0.03155551915764465
5.420000000000145 0.02407518490039212
5.430000000000148 0.014063004185624004
5.440000000000151 0.002357780494585577
5.450000000000155 -0.009827754779416366
5.460000000000158 -0.020850726481176085
5.470000000000161 -0.02901816787709434
5.480000000000165 -0.033241651743275334
5.490000000000168 -0.03329631971262905
5.500000000000171 -0.029534165489877136
5.510000000000175 -0.022521625767464873
5.520000000000178 -0.012887705902150921
5.530000000000181 -0.0014004503274897132
5.540000000000185 0.010817955171192111
5.550000000000188 0.022165561760531017
5.5600000000001915 0.03087410753551305
5.570000000000195 0.03570495280463416
5.580000000000198 0.03629986527031072
5.5900000000002015 0.03294571999500843
5.600000000000205 0.02621640481391372
5.610000000000208 0.016776648322973407
5.6200000000002115 0.005410393535313262
5.630000000000215 -0.006780679480607115
5.640000000000218 -0.018251530759062294
5.6500000000002215 -0.027267407960495663
5.660000000000225 -0.03253798451301104
5.670000000000228 -0.03362774286698272
5.6800000000002315 -0.03077664485910204
5.690000000000235 -0.02451876758603997
5.700000000000238 -0.015470594330052427
5.7100000000002415 -0.004353863802465423
5.720000000000245 0.007813134689976468
5.730000000000248 0.01954076730033268
5.740000000000252 0.029047424279562636
5.750000000000255 0.034908556826694075
5.760000000000258 0.03655208934272711
5.770000000000262 0.03413704876862281
5.780000000000265 0.028187798857369988
5.790000000000268 0.01935094955085442
5.800000000000272 0.00836768092163162
5.810000000000275 -0.003754673341673471
5.820000000000278 -0.015572232517561218
5.830000000000282 -0.02534583657203255
5.840000000000285 -0.03161802183214035
5.850000000000288 -0.03374070575320947
5.860000000000292 -0.03182331208531972
5.870000000000295 -0.02635410450781233
5.880000000000298 -0.01793305105380342
5.890000000000302 -0.007241257729830231
5.900000000000305 0.004796368738224194
5.910000000000308 0.016806015698865476
5.920000000000312 0.027026592788787926
5.930000000000315 0.03387718298558391
5.940000000000318 0.0365665405187182
5.950000000000322 0.03510953449068003
5.960000000000325 0.029971422420530736
5.970000000000328 0.02177976493812249
5.980000000000332 0.011241014954675707
5.990000000000335 -0.0007245843292023611
6.000000000000338 -0.012783330402606227
6.010000000000342 -0.02322575390453659
6.020000000000345 -0.030458041958502564
6.030000000000348 -0.03361398856151476
6.040000000000352 -0.032650710320728624
6.050000000000355 -0.02799879729598518
6.060000000000358 -0.02024361447362669
6.070000000000362 -0.01003670461666328
6.080000000000365 0.001779577184998421
6.0900000000003685 0.013954019068624424
6.100000000000372 0.024786100347383395
6.110000000000375 0.03257879062577917
6.1200000000003785 0.036317962863196974
6.130000000000382 0.0358488391156616
6.140000000000385 0.03156036809134054
6.1500000000003885 0.02405773383108795
6.160000000000392 0.014023343904752463
6.170000000000395 0.0023036454270273666
6.1800000000003985 -0.009881927503763634
6.190000000000402 -0.020889239499049563
6.200000000000405 -0.02903085915246234
6.2100000000004085 -0.03322527978700753
6.220000000000412 -0.033250133894752926
6.230000000000415 -0.029456295588953504
6.2400000000004185 -0.02240910790680285
6.250000000000422 -0.01273977856883084
6.260000000000425 -0.0012238367272516266
6.270000000000429 0.011005728314173843
6.280000000000432 0.022339489687585992
6.290000000000435 0.031012259732903644
6.300000000000439 0.03579717739982109
6.310000000000442 0.03634611427089051
6.320000000000445 0.03294938874630118
6.330000000000449 0.0261800560540991
6.340000000000452 0.016702170634857412
6.350000000000455 0.005303376827441011
6.360000000000459 -0.006905462194751718
6.370000000000462 -0.018369288597603797
6.380000000000465 -0.02735183168601444
6.390000000000469 -0.032573258062366425
6.400000000000472 -0.033611321574609804
6.410000000000475 -0.030713408126519112
6.420000000000479 -0.024414995063744987
6.430000000000482 -0.015331470974448183
6.440000000000485 -0.0041853746862800375
6.450000000000489 0.00799901982795065
6.460000000000492 0.019722443543085794
6.470000000000495 0.029198553481211677
6.480000000000499 0.03500989790640857
6.490000000000502 0.03659738500813676
6.500000000000505 0.03412980734483392
6.510000000000509 0.028135920050709348
6.520000000000512 0.019263155449614242
6.530000000000515 0.0082533558188498
6.540000000000519 -0.0038824598831486853
6.550000000000522 -0.01569389915320702
6.560000000000525 -0.025438088440500724
6.570000000000529 -0.03166303686809013
6.580000000000532 -0.03373212263421976
6.590000000000535 -0.03176414527766845
6.600000000000539 -0.026252070333886126
6.610000000000542 -0.017797546286797427
6.6200000000005454 -0.007082846415268096
6.630000000000549 0.004964230415897726
6.640000000000552 0.016964980301327818
6.6500000000005555 0.027155787072195972
6.660000000000559 0.0339610240077621
6.670000000000562 0.03659953353609378
6.6800000000005655 0.03509426006634812
6.690000000000569 0.02991480485170307
6.700000000000572 0.02169067813730739
6.7100000000005755 0.011129968926384308
6.720000000000579 -0.0008439597085640223
6.730000000000582 -0.01289332575459312
6.7400000000005855 -0.023307265360103045
6.750000000000589 -0.030497254115385515
6.760000000000592 -0.033606573017839744
6.7700000000005955 -0.03259963071396502
6.780000000000599 -0.027910219268182233
6.790000000000602 -0.02012479446776818
6.800000000000606 -0.00989630814215705
6.810000000000609 0.001929587713489834
6.820000000000612 0.014096818930907246
6.830000000000616 0.02490225564904108
6.840000000000619 0.03265356947297394
6.850000000000622 0.03634633016880532
6.860000000000626 0.035833371675392967
6.870000000000629 0.031507126944257856
6.880000000000632 0.023973876871895297
6.890000000000636 0.01391707938885484
6.900000000000639 0.0021862835596180136
6.910000000000642 -0.009994199417080232
6.920000000000646 -0.020977299336219512
6.930000000000649 -0.02907942466750917
6.940000000000652 -0.03322855081647386
6.950000000000656 -0.033210508043064364
6.960000000000659 -0.02937981206194453
6.970000000000662 -0.0223025355850507
6.980000000000666 -0.012610463134923637
6.990000000000669 -0.001081673362172293
7.000000000000672 0.011145944949944838
7.010000000000676 0.022458749748273683
7.020000000000679 0.03109383830562482
7.030000000000682 0.035833385216714086
7.040000000000686 0.036337966645326666
7.050000000000689 0.03290241115869181
7.060000000000692 0.026101204776706965
7.070000000000696 0.016599023103390072
7.080000000000699 0.005185718696301551
7.090000000000702 -0.007023346390328468
7.100000000000706 -0.01846899551780565
7.110000000000709 -0.027416352265489788
7.120000000000712 -0.03259375597377661
7.130000000000716 -0.03358788458809203
7.140000000000719 -0.03065100293472976
7.1500000000007224 -0.024320014368047524
7.160000000000726 -0.015210858964547401
7.170000000000729 -0.004048071662909113
7.1800000000007325 0.008139634366160185
7.190000000000736 0.019848005964563598
7.200000000000739 0.02929072134870871
7.2100000000007425 0.0350579590347041
7.220000000000746 0.036599951752772183
7.230000000000749 0.034091142791817595
7.2400000000007525 0.028062463377991467
7.250000000000756 0.019162143726486218
7.260000000000759 0.008133880897301651
7.2700000000007625 -0.004007085779937829
7.280000000000766 -0.015805575060629913
7.290000000000769 -0.025518267908992913
7.3000000000007725 -0.03170009263536659
7.310000000000776 -0.033723957212650785
7.320000000000779 -0.03171474793730499
7.330000000000783 -0.026167543724617787
7.340000000000786 -0.017684574209315924
7.350000000000789 -0.006949683793919772
7.360000000000793 0.00510529800241126
7.370000000000796 0.017096220892817537
7.380000000000799 0.027257622697464665
7.390000000000803 0.03402003581249887
7.400000000000806 0.03661216163971647
7.410000000000809 0.035063811943019316
7.420000000000813 0.02984748445916329
7.430000000000816 0.021593554769667414
7.440000000000819 0.01101143616506324
7.450000000000823 -0.000971824837306382
7.460000000000826 -0.01301330351287936
7.470000000000829 -0.02339995707612332
7.480000000000833 -0.030548480108508472
7.490000000000836 -0.033611901287770696
7.500000000000839 -0.03256200230484239
7.510000000000843 -0.027835574188643467
7.520000000000846 -0.02001977480656203
7.530000000000849 -0.009768618935246188
7.540000000000853 0.002068907800404985
7.550000000000856 0.014231295598983498
7.560000000000859 0.025011956315941997
7.570000000000863 0.03272269870386201
7.580000000000866 0.03636885293098507
7.590000000000869 0.035811306014436904
7.600000000000873 0.03144634586308574
7.610000000000876 0.02388145622721307
7.620000000000879 0.013801039486456196
7.630000000000883 0.0020576142559940685
7.640000000000886 -0.010119518258956822
7.650000000000889 -0.02107985229596809
7.660000000000893 -0.02914305451218468
7.670000000000896 -0.03324638764733184
7.680000000000899 -0.03318410015696956
7.690000000000903 -0.029314725528178286
7.700000000000906 -0.022205401173309647
7.7100000000009095 -0.012488684343162646
7.720000000000913 -0.000945297281392631
7.730000000000916 0.011281839876363641
7.7400000000009195 0.022574627918487862
7.750000000000923 0.031172226948689187
7.760000000000926 0.035865834975129435
7.7700000000009295 0.036324939200248124
7.780000000000933 0.032849163124718334
7.790000000000936 0.0260146551355261
7.8000000000009395 0.016486871935890518
7.810000000000943 0.005058013007830516
7.820000000000946 -0.007151919783051524
7.8300000000009495 -0.01857949165694516
7.840000000000953 -0.027491183478888053
7.850000000000956 -0.032623664652284064
7.8600000000009596 -0.0335727618996233
7.870000000000963 -0.03059577919276985
7.880000000000966 -0.02423114821137671
7.89000000000097 -0.015095433947500448
7.900000000000973 -0.003915242921582098
7.910000000000976 0.008276154484190768
7.92000000000098 0.019969408117097603
7.930000000000983 0.029378263853548324
7.940000000000986 0.0351007496267618
7.95000000000099 0.03659665252573207
7.960000000000993 0.034046212656576286
7.970000000000996 0.027982575005702816
7.980000000001 0.019054715586249566
7.990000000001003 0.008008118927335635
8.000000000001005 -0.004137785157124774
8.010000000001 -0.015923013191221896
8.020000000000994 -0.025603796650074027
8.030000000000989 -0.03174204966198214
8.040000000000983 -0.03372030497033695
8.050000000000978 -0.03166960046803149
8.060000000000972 -0.026087164057636628
8.070000000000967 -0.017575815366832833
8.080000000000961 -0.006820937666720785
8.090000000000956 0.005241662898432556
8.10000000000095 0.01722244134823509
8.110000000000944 0.02735416256166238
8.120000000000939 0.034073582910504004
8.130000000000933 0.03661927339804615
8.140000000000928 0.03502792171838671
8.150000000000922 0.029774946024451677
8.160000000000917 0.02149159406419492
8.170000000000911 0.010888582883564327
8.180000000000906 -0.0011034242540543138
8.1900000000009 -0.01313647782549332
8.200000000000895 -0.023495482233158345
8.210000000000889 -0.03060240585676334
8.220000000000883 -0.03361996507494465
8.230000000000878 -0.032527218724914174
8.240000000000872 -0.027763916169053122
8.250000000000867 -0.01991794462771808
8.260000000000861 -0.009644428214790998
8.270000000000856 0.0022043080967000766
8.28000000000085 0.014361396455245149
8.290000000000845 0.025116961829523415
8.30000000000084 0.03278709229127409
8.310000000000834 0.036386845823570955
8.320000000000828 0.03578503906962589
8.330000000000823 0.031381725028336145
8.340000000000817 0.023785554854888032
8.350000000000811 0.013681889862406203
8.360000000000806 0.0019262425710815983
8.3700000000008 -0.01024712744719319
8.380000000000795 -0.021184389238934374
8.39000000000079 -0.029208581703635075
8.400000000000784 -0.03326624407421121
8.410000000000778 -0.033159923359956746
8.420000000000773 -0.029252063690544807
8.430000000000767 -0.022110832427276825
8.440000000000762 -0.012369588212425484
8.450000000000756 -0.0008117551454452184
8.46000000000075 0.011414680042047516
8.470000000000745 0.022687220313230106
8.48000000000074 0.031247221284087173
8.490000000000734 0.03589495753636944
8.500000000000728 0.03630877123027378
8.510000000000723 0.03279300506631704
8.520000000000717 0.025925413389740547
8.530000000000712 0.016372216372074685
8.540000000000706 0.004927985273882068
8.5500000000007 -0.007282609886535977
8.560000000000695 -0.018691892501913356
8.57000000000069 -0.02756777329877329
8.580000000000684 -0.032655299706927314
8.590000000000678 -0.03355941286245504
8.600000000000673 -0.03054239513071303
8.610000000000667 -0.024144173933090412
8.620000000000662 -0.014981941010342387
8.630000000000656 -0.003784401850383881
8.64000000000065 0.008410579240276512
8.650000000000645 0.02008855897640251
8.66000000000064 0.029463428565885533
8.670000000000634 0.0351411291878061
8.680000000000629 0.036590990334412904
8.690000000000623 0.03399901368705911
8.700000000000617 0.027900528820988667
8.710000000000612 0.01894524222862765
8.720000000000606 0.007880435341190671
8.7300000000006 -0.004270254998385756
8.740000000000595 -0.016042048599487338
8.75000000000059 -0.02569077479674442
8.760000000000584 -0.03178538019628337
8.770000000000579 -0.03371800821019406
8.780000000000573 -0.031625806544254426
8.790000000000568 -0.026008132955337288
8.800000000000562 -0.017468407147682982
8.810000000000556 -0.006693578490959295
8.820000000000551 0.005376539147191479
8.830000000000545 0.01734700487815133
8.84000000000054 0.027448879659869106
8.850000000000534 0.03412522202255651
8.860000000000529 0.03662447481423981
8.870000000000523 0.03499016769876499
8.880000000000518 0.02970061410469448
8.890000000000512 0.02138792367295418
8.900000000000507 0.010764130482982996
8.910000000000501 -0.0012364643357251073
8.920000000000496 -0.013260890306319141
8.93000000000049 -0.02359205250378383
8.940000000000484 -0.03065726234207408
8.950000000000479 -0.03362892964170995
8.960000000000473 -0.032493345938008636
8.970000000000468 -0.027693186238908873
8.980000000000462 -0.019817066534735108
8.990000000000457 -0.009521243075874028
9.000000000000451 0.0023385880114935496
9.010000000000446 0.014490190191927562
9.02000000000044 0.025220460343116702
9.030000000000435 0.03284986002882579
9.040000000000429 0.03640319791558497
9.050000000000423 0.03575718365230884
9.060000000000418 0.031315600575185044
9.070000000000412 0.02368824849723991
9.080000000000407 0.01356145364238434
9.090000000000401 0.0017937445909360734
9.100000000000396 -0.010375655373555283
9.11000000000039 -0.02128963389079508
9.120000000000385 -0.02927467966626388
9.13000000000038 -0.03328663456421569
9.140000000000374 -0.03313630414166242
9.150000000000368 -0.029190001063417216
9.160000000000363 -0.022016910953479504
9.170000000000357 -0.012251208750940906
9.180000000000351 -0.0006790491870150262
9.190000000000346 0.011546496568680386
9.20000000000034 0.02279857482141803
9.210000000000335 0.03132083248848099
9.22000000000033 0.03592266381105922
9.230000000000324 0.03629123359443655
9.240000000000318 0.03273556341758044
9.250000000000313 0.025834990147823395
9.260000000000307 0.016256497722403805
9.270000000000302 0.004797050208400736
9.280000000000296 -0.007414002762113657
9.29000000000029 -0.01880477599414609
9.300000000000285 -0.027644688988820835
9.31000000000028 -0.032687211815730303
9.320000000000274 -0.03354636780783529
9.330000000000268 -0.030489368539374027
9.340000000000263 -0.024057616060940718
9.350000000000257 -0.01486893755236372
9.360000000000252 -0.003654164322388521
9.370000000000246 0.00854422209215046
9.38000000000024 0.02020670965891381
9.390000000000235 0.029547425878377925
9.40000000000023 0.035180288068642804
9.410000000000224 0.03658414480867858
9.420000000000218 0.033950713238334644
9.430000000000213 0.027817478393366173
9.440000000000207 0.01883487214084082
9.450000000000202 0.0077519931765885385
9.460000000000196 -0.004403295099131991
9.47000000000019 -0.01616143466029645
9.480000000000185 -0.02577792653615646
9.49000000000018 -0.03182881312523745
9.500000000000174 -0.03371583175365166
9.510000000000169 -0.03158218773700869
9.520000000000163 -0.025929338068141256
9.530000000000157 -0.017361303603667784
9.540000000000152 -0.006566623818665839
9.550000000000146 0.005510851112840051
9.56000000000014 0.017470790504161546
9.570000000000135 0.027542629436841954
9.58000000000013 0.034175809765038964
9.590000000000124 0.03662864142074855
9.600000000000119 0.03495144930526772
9.610000000000113 0.029625407620179598
9.620000000000108 0.021283476132845175
9.630000000000102 0.010639021939456544
9.640000000000096 -0.0013699915284739368
9.650000000000091 -0.013385577257992652
9.660000000000085 -0.023688702929894685
9.67000000000008 -0.03071209958853939
9.680000000000074 -0.03363787476263339
9.690000000000069 -0.03245950347161653
9.700000000000063 -0.02762254823764915
9.710000000000058 -0.019716346748353427
9.720000000000052 -0.0093983058820171
9.730000000000047 0.0024724775590134235
9.740000000000041 0.0146183903917789
9.750000000000036 0.02532316122980897
9.76000000000003 0.0329117161191603
9.770000000000024 0.03641863132988025
9.780000000000019 0.03572846642446637
9.790000000000013 0.031248696442933953
9.800000000000008 0.023590252556131577
9.810000000000002 0.013440436066651231
9.819999999999997 0.0016608174593167753
9.829999999999991 -0.01050440955063821
9.839999999999986 -0.021394898699989378
9.84999999999998 -0.02934067093545262
9.859999999999975 -0.03330689673600805
9.869999999999969 -0.03311259805841211
9.879999999999963 -0.02912791216703333
9.889999999999958 -0.02192302837836841
9.899999999999952 -0.012132950730526393
9.909999999999947 -0.0005465931073885779
9.919999999999941 0.011677871399897271
9.929999999999936 0.02290927356792653
9.93999999999993 0.03139364513091373
9.949999999999925 0.03594953967665543
9.95999999999992 0.036272908926489746
9.969999999999914 0.03267741050845339
9.979999999999908 0.02574394116291237
9.989999999999903 0.016140252438811762
9.999999999999897 0.004665726413112264
10.009999999999891 -0.007545592385145361
10.019999999999886 -0.01891764287246062
10.02999999999988 -0.027721435406858747
10.039999999999875 -0.032718909772485164
10.04999999999987 -0.03353314050199583
10.059999999999864 -0.03043621983950499
10.069999999999858 -0.023971001913560205
10.079999999999853 -0.014755955750941241
10.089999999999847 -0.0035240646667240635
10.099999999999842 0.008677548662371807
10.109999999999836 0.020324326320599655
10.11999999999983 0.02963072055379358
10.129999999999825 0.03521868615018844
10.13999999999982 0.03657656739141139
10.149999999999814 0.033901750785784585
10.159999999999808 0.02773384862891861
10.169999999999803 0.018724015206921074
10.179999999999797 0.007623188959717387
10.189999999999792 -0.004536518500436699
10.199999999999786 -0.016280789223566856
10.20999999999978 -0.025864871360177597
10.219999999999775 -0.03187196836896429
10.22999999999977 -0.03371339639961422
10.239999999999764 -0.03153836799938221
10.249999999999758 -0.025850408956770633
10.259999999999753 -0.017254140713252084
10.269999999999747 -0.006439715309096356
10.279999999999742 0.005644953270906318
10.289999999999736 0.017594151073821937
10.29999999999973 0.027635763993595353
10.309999999999725 0.03422569605453125
10.31999999999972 0.03663211828803907
10.329999999999714 0.03491210389469793
10.339999999999709 0.029549654194120527
10.349999999999703 0.021178569397308444
10.359999999999697 0.010513567486913853
10.369999999999692 -0.001503700288670215
10.379999999999686 -0.013510234909432536
10.38999999999968 -0.023785130559397728
10.399999999999675 -0.030766616056347392
10.40999999999967 -0.03364650109863246
10.419999999999664 -0.03242539559280299
10.429999999999659 -0.027551711812040035
10.439999999999653 -0.019615501316814346
10.449999999999648 -0.009275339292389842
10.459999999999642 0.00260624802444011
10.469999999999636 0.014746264029221906
10.479999999999631 0.025425329450913706
10.489999999999625 0.032972924649232
10.49999999999962 0.03643340870050404
10.509999999999614 0.03569914681576329
10.519999999999609 0.03118126687004932
10.529999999999603 0.02349181533287455
10.539999999999598 0.013319080533621902
10.549999999999592 0.0015277019222037387
10.559999999999587 -0.010633149542754702
10.569999999999581 -0.021499943089109626
10.579999999999576 -0.029406316354288885
10.58999999999957 -0.03332679447551834
10.599999999999564 -0.03308857341485418
10.609999999999559 -0.029065571010935244
10.619999999999553 -0.021828964949395666
10.629999999999548 -0.012014600412111479
10.639999999999542 -0.000414178545708294
10.649999999999537 0.011809008905711436
10.659999999999531 0.023019519128453035
10.669999999999526 0.03146586169754153
10.67999999999952 0.0359757876852744
10.689999999999515 0.03625399873838586
10.699999999999509 0.032618745099188294
10.709999999999503 0.025652461257344803
10.719999999999498 0.01602367153346796
10.729999999999492 0.004534202320953668
10.739999999999487 -0.007677191221515138
10.749999999999481 -0.019030305846882273
10.759999999999476 -0.02779782653326182
10.76999999999947 -0.03275021002626538
10.779999999999465 -0.03351955073285251
10.78999999999946 -0.030382773078439135
10.799999999999454 -0.02388416032247976
10.809999999999448 -0.014642829094816385
10.819999999999443 -0.003393940546107654
10.829999999999437 0.008810718103345992
10.839999999999431 0.020441566681765753
10.849999999999426 0.029713470494949316
10.85999999999942 0.03525648175401806
10.869999999999415 0.036568415879485346
10.87999999999941 0.03385228214582908
10.889999999999404 0.027649792195600424
10.899999999999398 0.018612820814303297
10.909999999999393 0.007494169621395243
10.919999999999387 -0.004669779452671706
10.929999999999382 -0.0163999670292733
10.939999999999376 -0.025951465176435127
10.94999999999937 -0.0319147038929458
10.959999999999365 -0.03371056257715605
10.96999999999936 -0.03149421069201583
10.979999999999354 -0.025771212332509227
10.989999999999348 -0.017146788551641822
10.999999999999343 -0.006312726161663639
11.009999999999337 0.005778969862191002
11.019999999999332 0.017717209540697325
11.029999999999326 0.027728406514665276
11.03999999999932 0.034275004727743495
11.049999999999315 0.03663502911084501
11.05999999999931 0.034872253738871616
11.069999999999304 0.02947347353994633
11.079999999999298 0.021073320298848064
11.089999999999293 0.010387881651577516
11.099999999999287 -0.0016374773392626456
11.109999999999282 -0.013634750461970841
11.119999999999276 -0.02388122344430712
11.12999999999927 -0.030820701406745976
11.139999999999265 -0.03365470014574035
11.14999999999926 -0.03239091582765865
11.159999999999254 -0.027480572852011578
11.169999999999249 -0.019514428618447436
11.179999999999243 -0.009152244114855245
11.189999999999237 0.002739996420650305
11.199999999999232 0.014873906770119318
11.209999999999226 0.025527060692045883
11.21999999999922 0.033033582005170675
11.229999999999215 0.036447626582711765
11.23999999999921 0.03566932050927449
11.249999999999204 0.031113405682823312
11.259999999999199 0.02339302839746388
11.269999999999193 0.013197476739972513
11.279999999999188 0.001394486632568395
11.289999999999182 -0.01076178704823581
11.299999999999176 -0.02160467935361434
11.309999999999171 -0.029471529584498973
11.319999999999165 -0.03334624301663646
11.32999999999916 -0.03306414701281109
11.339999999999154 -0.029002896175170056
11.349999999999149 -0.021734641204785493
11.359999999999143 -0.011896080352379462
11.369999999999138 -0.0002817300152624107
11.379999999999132 0.011939983145425022
11.389999999999127 0.023129385368024363
11.399999999999121 0.03153755682065638
11.409999999999116 0.036001482991883986
11.41999999999911 0.036234577825153116
11.429999999999104 0.03255964074048296
11.439999999999099 0.025560622280583367
11.449999999999093 0.015906825391983043
11.459999999999088 0.004402547531375078
11.469999999999082 -0.0078087298395425045
11.479999999999077 -0.01914269582070904
11.489999999999071 -0.027873794438428273
11.499999999999066 -0.032781046128029
11.50999999999906 -0.0335055334000583
11.519999999999055 -0.03032896454593418
11.529999999999049 -0.02379702912090038
11.539999999999043 -0.014529497082293116
11.549999999999038 -0.003263733200898556
11.559999999999032 0.00894378769217229
11.569999999999027 0.020558487558563977
11.579999999999021 0.029795733233934835
11.589999999999016 0.03529373323012395
11.59999999999901 0.03655974872057018
11.609999999999005 0.03380236505372364
11.619999999999 0.027565365603781415
11.629999999998994 0.018501344331122434
11.639999999998988 0.007364989930053814
11.649999999998983 -0.0048030232276201216
11.659999999998977 -0.016518913462741584
11.669999999998971 -0.026037654330556898
11.679999999998966 -0.03195696748487616
11.68999999999896 -0.03370727934467377
11.699999999998955 -0.03144966602033014
11.70999999999895 -0.025691699618145932
11.719999999998944 -0.017039199875535718
11.729999999998938 -0.0061856106065589275
11.739999999998933 0.005912945241785428
11.749999999998927 0.01784000959411653
11.759999999998922 0.027820601259196366
11.769999999998916 0.0343237810346465
11.77999999999891 0.03663741957129238
11.789999999998905 0.03483194420181628
11.7999999999989 0.029396910164627553
11.809999999998894 0.02096777243711879
11.819999999998888 0.010262007547907598
11.829999999998883 -0.0017712795415023516
11.839999999998877 -0.013759080723261674
11.849999999998872 -0.02397693912114624
11.859999999998866 -0.030874314547142078
11.86999999999886 -0.03366243204192066
11.879999999998855 -0.03235602528698231
11.88999999999885 -0.027409093416851465
11.899999999998844 -0.019413091756749434
11.909999999998838 -0.009028984667201343
11.919999999998833 0.0028737571359503025
11.929999999998827 0.015001352189338193
11.939999999998822 0.025628388890187457
11.949999999998816 0.0330937231895423
11.95999999999881 0.03646132066667031
11.969999999998805 0.0356390231762855
11.9799999999988 0.03104514798485911
11.989999999998794 0.02329392613327373
11.999999999998789 0.013075658667479626
12.009999999998783 0.0012612056390933885
12.019999999998777 -0.010890287833882432
12.029999999998772 -0.021709073752786114
12.039999999998766 -0.029536278163146253
12.04999999999876 -0.03336521113438527
12.059999999998755 -0.033039288507050894
12.06999999999875 -0.028939858058515414
12.079999999998744 -0.021640028342047844
12.089999999998739 -0.011777362725028304
12.099999999998733 -0.00014922083919958736
12.109999999998728 0.012070819885770877
12.119999999998722 0.02323889816720743
12.129999999998716 0.0316087574267693
12.139999999998711 0.036026653413813677
12.149999999998705 0.03621467423162874
12.1599999999987 0.032500125147668084
12.169999999998694 0.025468451385583044
12.179999999998689 0.01578974082632853
12.189999999998683 0.0042707889506734655
12.199999999998678 -0.007940181042175486
12.209999999998672 -0.019254785845269105
12.219999999998667 -0.027949313310817233
12.229999999998661 -0.03281139353234887
12.239999999998656 -0.033491064821181124
12.24999999999865 -0.03027477117412164
12.259999999998644 -0.02370958585144932
12.269999999998639 -0.014415938028398164
12.279999999998633 -0.0031334219457327295
12.289999999998628 0.009076777158692468
12.299999999998622 0.02067510853838011
12.309999999998617 0.029877529296284084
12.319999999998611 0.03533046215234514
12.329999999998606 0.03655058793710336
12.3399999999986 0.033752021412943194
12.349999999998595 0.027480590342402456
12.359999999998589 0.018389606955586404
12.369999999998583 0.007235671190903271
12.379999999998578 -0.004936228154587214
12.389999999998572 -0.016637606874055775
12.399999999998567 -0.026123418124283582
12.409999999998561 -0.03199873973750386
12.419999999998556 -0.03370352819922468
12.42999999999855 -0.03140471603252276
12.439999999998545 -0.02561185333510371
12.44999999999854 -0.016931357807241035
12.459999999998534 -0.006058352616873093
12.469999999998528 0.006046894484990452
12.479999999998522 0.017962565933775848
12.489999999998517 0.0279123636809725
12.499999999998511 0.034372041578901204
12.509999999998506 0.036639306923012774
12.5199999999985 0.034791192605666904
12.529999999998495 0.0293199811130959
12.53999999999849 0.020861942608791727
12.549999999998484 0.01013596207695374
12.559999999998478 -0.0019050895846064926
12.569999999998473 -0.013883208204351788
12.579999999998467 -0.024072260827184642
12.589999999998462 -0.030927440001519122
12.599999999998456 -0.03366968229436858
12.60999999999845 -0.03232071002246147
12.619999999998445 -0.027337259939157973
12.62999999999844 -0.019311477623689316
12.639999999998434 -0.008905548548669186
12.649999999998428 0.0030075416641993998
12.659999999998423 0.015128611216378679
12.669999999998417 0.025729325488800307
12.679999999998412 0.03315336083035406
12.689999999998406 0.036474504415266576
12.6999999999984 0.03560826852194669
12.709999999998395 0.030976507333501956
12.71999999999839 0.023194521889084517
12.729999999998384 0.012953639751644765
12.739999999998378 0.0011278728005068093
12.749999999998373 -0.011018637703769034
12.759999999998367 -0.021813112567149517
12.769999999998362 -0.02960054960413046
12.779999999998356 -0.03338368742089708
12.78999999999835 -0.033013987074578456
12.799999999998345 -0.028876446166650856
12.80999999999834 -0.021545116213041334
12.819999999998334 -0.01165843795345835
12.829999999998329 -1.6642271996242818e-05
12.839999999998323 0.012201527175949196
12.849999999998317 0.023348065819200656
12.859999999998312 0.03167947295017365
12.869999999998306 0.036051309381893354
12.8799999999983 0.03619429879637654
12.889999999998295 0.0324402091345343
12.89999999999829 0.02537595922018204
12.909999999998284 0.01567242854361208
12.919999999998279 0.004138937696446577
12.929999999998273 -0.00807153325960484
12.939999999998268 -0.01936656457295931
12.949999999998262 -0.0280243729232559
12.959999999998256 -0.03284124318037075
12.969999999998251 -0.03347613660026594
12.979999999998245 -0.030220184881019168
12.98999999999824 -0.02362182269394639
12.999999999998234 -0.014302144561157509
13.009999999998229 -0.003003000145023961
13.019999999998223 0.009209692368785332
13.029999999998218 0.020791435461037944
13.039999999998212 0.029958865540347126
13.049999999998207 0.035366676504713083
13.059999999998201 0.036540942083332466
13.069999999998196 0.03370125987264409
13.07999999999819 0.02739547494416488
13.089999999998184 0.018277617248935837
13.099999999998179 0.007106222342265094
13.109999999998173 -0.00506938477127319
13.119999999998168 -0.01675603778443372
13.129999999998162 -0.026208748027489126
13.139999999998157 -0.03204001335431565
13.149999999998151 -0.03369930261305697
13.159999999998146 -0.031359354535466614
13.16999999999814 -0.025531667495725066
13.179999999998135 -0.016823256699323025
13.189999999998129 -0.005930947177762442
13.199999999998123 0.006180821816211091
13.209999999998118 0.018084882513574138
13.219999999998112 0.028003698558359935
13.229999999998107 0.03441979234733419
13.239999999998101 0.036640697884226456
13.249999999998096 0.03475000588370154
13.25999999999809 0.029242693260513222
13.269999999998085 0.02075583769034432
13.27999999999808 0.010009752443744337
13.289999999998074 -0.0020388997069960193
13.299999999998068 -0.014007124919900178
13.309999999998062 -0.024167181305556996
13.319999999998057 -0.030980071768569095
13.329999999998051 -0.033676445793028406
13.339999999998046 -0.03228496531295804
13.34999999999804 -0.02726506787461829
13.359999999998035 -0.019209581925352888
13.36999999999803 -0.008781931992205706
13.379999999998024 0.0031413530042417605
13.389999999998018 0.015255686380349798
13.399999999998013 0.025829873593942777
13.409999999998007 0.03321249926396541
13.419999999998002 0.036487183053142386
13.429999999997996 0.03557706211040617
13.43999999999799 0.0309074893023107
13.449999999997985 0.023094821222095028
13.45999999999798 0.012831425819885051
13.469999999997974 0.0009944944995694982
13.479999999997968 -0.011146829886186075
13.489999999997963 -0.021916789503338047
13.499999999997957 -0.029664338833516254
13.509999999997952 -0.033401667818670544
13.519999999997946 -0.032988239131467326
13.52999999999794 -0.028812657090746437
13.539999999997935 -0.021449901589590044
13.54999999999793 -0.011539303233867445
13.559999999997924 0.00011600777579462115
13.569999999997918 0.012332106492457529
13.579999999997913 0.023456890101727825
13.589999999997907 0.031749706348385955
13.599999999997902 0.036075454886185694
13.609999999997896 0.036173455980513254
13.61999999999789 0.032379897247984644
13.629999999997885 0.02528315031125386
13.63999999999788 0.015554893278502908
13.649999999997874 0.004006999030148789
13.659999999997869 -0.008202780722909342
13.669999999997863 -0.019478026455457518
13.679999999997857 -0.028098968845242607
13.689999999997852 -0.03287059176993658
13.699999999997846 -0.0334607460190577
13.70999999999784 -0.03016520314825257
13.719999999997835 -0.023533737262164203
13.72999999999783 -0.01418811462350955
13.739999999997824 -0.0028724663814083864
13.749999999997819 0.009342534041808355
13.759999999997813 0.020907469071303152
13.769999999997808 0.030039743764069458
13.779999999997802 0.03540237923644111
13.789999999997796 0.036530814719254755
13.799999999997791 0.03365008416391692
13.809999999997785 0.02731002313275329
13.81999999999778 0.018165379082138566
13.829999999997774 0.006976647732432227
13.839999999997769 -0.005202488149561717
13.849999999997763 -0.016874201242713577
13.859999999997758 -0.026293640041658305
13.869999999997752 -0.03208078554632484
13.879999999997747 -0.03369460051033859
13.889999999997741 -0.03131357970426023
13.899999999997736 -0.02545114038042172
13.90999999999773 -0.016714895076939042
13.919999999997724 -0.005803393367732189
13.929999999997719 0.006314727427138956
13.939999999997713 0.018206959300458195
13.949999999997708 0.028094606715178008
13.959999999997702 0.034467035392134186
13.969999999997697 0.036641595264077356
13.979999999997691 0.03470838711131597
13.989999999997686 0.029165049704097345
13.99999999999768 0.0206494608738472
14.009999999997675 0.009883382253581319
14.019999999997669 -0.002172705693161395
14.029999999997663 -0.014130826419339979
14.039999999997658 -0.024261696841302402
14.049999999997652 -0.03103220737642884
14.059999999997647 -0.03368272091828996
14.069999999997641 -0.03224878986658111
14.079999999997636 -0.027192516031564445
14.08999999999763 -0.01910740364434717
14.099999999997625 -0.008658134442808777
14.10999999999762 0.00327519099339938
14.119999999997614 0.015382577088763658
14.129999999997608 0.025930033220819267
14.139999999997602 0.03327113975321621
14.149999999997597 0.03649935874724349
14.159999999997591 0.035545406481275105
14.169999999997586 0.030838096497473138
14.17999999999758 0.022994826794512507
14.189999999997575 0.01270901987493128
14.19999999999757 0.0008610743439734366
14.209999999997564 -0.011274860369340348
14.219999999997558 -0.022020101035589983
14.229999999997553 -0.029727643541127714
14.239999999997547 -0.033419151006959816
14.249999999997542 -0.032962043785674584
14.259999999997536 -0.02874849005572054
14.26999999999753 -0.02135438381693235
14.279999999997525 -0.011419958283720114
14.28999999999752 0.0002487289139212777
14.299999999997514 0.0124625568661332
14.309999999997508 0.023565370375788517
14.319999999997503 0.03181945817902427
14.329999999997497 0.03609909152678947
14.339999999997492 0.03615214787558592
14.349999999997486 0.03231919170501748
14.35999999999748 0.025190026910605803
14.369999999997475 0.015437137548015734
14.37999999999747 0.0038749760400731614
14.389999999997464 -0.008333919818540174
14.399999999997458 -0.019589168106248344
14.409999999997453 -0.02817309881048433
14.419999999997447 -0.032899438145038415
14.429999999997442 -0.03344489247223991
14.439999999997436 -0.0301098255264052
14.44999999999743 -0.023445329191309986
14.459999999997425 -0.01407384813786189
14.46999999999742 -0.00274182118319613
14.479999999997414 0.00947530097972688
14.489999999997409 0.02102320822308672
14.499999999997403 0.03012016389195831
14.509999999997397 0.03543757143019813
14.519999999997392 0.036520207549877295
14.529999999997386 0.033598496189334186
14.53999999999738 0.027224236843900605
14.549999999997375 0.01805289458434848
14.55999999999737 0.0068469500068677885
14.569999999997364 -0.005335535044977905
14.579999999997359 -0.016992093985483212
14.589999999997353 -0.02637809186269848
14.599999999997348 -0.032121055207989205
14.609999999997342 -0.033689421473822916
14.619999999997336 -0.031267391339209714
14.629999999997331 -0.025370271857606493
14.639999999997325 -0.016606273019632745
14.64999999999732 -0.005675691792499246
14.659999999997314 0.006448610005155194
14.669999999997309 0.018328794780539677
14.679999999997303 0.02818508751273347
14.689999999997298 0.034513771309028406
14.699999999997292 0.03664200042090569
14.709999999997287 0.03466633792978128
14.719999999997281 0.02908705213608668
14.729999999997275 0.020542813982781932
14.73999999999727 0.009756853776698975
14.749999999997264 -0.0023065046431606515
14.759999999997259 -0.01425430956899777
14.769999999997253 -0.02435580504550452
14.779999999997248 -0.031083845674219207
14.789999999997242 -0.03368850735279171
14.799999999997237 -0.03221218366804597
14.809999999997231 -0.02711960446589977
14.819999999997226 -0.019004942984000732
14.82999999999722 -0.008534156544554005
14.839999999997215 0.0034090542880110567
14.849999999997209 0.015509281588035852
14.859999999997203 0.026029803242398685
14.869999999997198 0.03332928242554161
14.879999999997192 0.03651103253112559
14.889999999997187 0.035513303050288096
14.899999999997181 0.030768330421473707
14.909999999997176 0.022894540192887537
14.91999999999717 0.012586423872208093
14.929999999997165 0.0007276149130580537
14.939999999997159 -0.01140272616837628
14.949999999997154 -0.02212304467510207
14.959999999997148 -0.029790462453770487
14.969999999997142 -0.033436136688031845
14.979999999997137 -0.0329354011480531
14.989999999997131 -0.028683945266670792
14.999999999997126 -0.021258563199055537
15.00999999999712 -0.01130040376211195
15.019999999997115 0.0003815198244902269
15.02999999999711 0.012592876416243706
15.039999999997104 0.023673505109413292
15.049999999997098 0.03188872811539449
15.059999999997093 0.036122220019659236
15.069999999997087 0.036130375693332654
15.079999999997082 0.032258093856050316
15.089999999997076 0.025096590424447243
15.09999999999707 0.0153191630471392
15.109999999997065 0.00374287101029028
15.11999999999706 -0.00846494773338727
15.129999999997054 -0.01969998694879832
15.139999999997048 -0.02824676136697125
15.149999999997043 -0.03292778195403998
15.159999999997037 -0.033428576142659226
15.169999999997032 -0.03005405233622464
15.179999999997026 -0.023356598869612066
15.18999999999702 -0.01395934576615269
15.199999999997015 -0.0026110658076295883
15.20999999999701 0.009607991267917558
15.219999999997004 0.021138651071081566
15.229999999996998 0.030200125160221192
15.239999999996993 0.03547225348019441
15.249999999996987 0.03650912159242797
15.259999999996982 0.03354649717159374
15.269999999996976 0.02713811734856548
15.27999999999697 0.017940165239149514
15.289999999996965 0.006717131181755795
15.29999999999696 -0.0054685228367085965
15.309999999996954 -0.01710971338106079
15.319999999996949 -0.026462101825889442
15.329999999996943 -0.03216082186703257
15.339999999996937 -0.033683765706156714
15.349999999996932 -0.031220789845889604
15.359999999996926 -0.02528906238715273
15.36999999999692 -0.016497391187750853
15.379999999996915 -0.0055478436307132735
15.38999999999691 0.006582467673667719
15.399999999996904 0.01845038689120876
15.409999999996899 0.028275139776616217
15.419999999996893 0.034560000158844986
15.429999999996888 0.03664191417639737
15.439999999996882 0.034623859447554105
15.449999999996876 0.029008701726202235
15.459999999996871 0.02043589833334176
15.469999999996865 0.009630168790638514
15.47999999999686 -0.00244029414286742
15.489999999996854 -0.01437757172700514
15.499999999996849 -0.024449504030915798
15.509999999996843 -0.03113498601040269
15.519999999996838 -0.03369380526738498
15.529999999996832 -0.03217514717795799
15.539999999996827 -0.02704633369813223
15.549999999996821 -0.018902200603739063
15.559999999996815 -0.008409999391887297
15.56999999999681 0.00354294110012794
15.579999999996804 0.015635797692799523
15.589999999996799 0.026129182114264366
15.599999999996793 0.03338692699382939
15.609999999996788 0.036522205020671425
15.619999999996782 0.03548075281624184
15.629999999996777 0.030698192166310458
15.639999999996771 0.022793962604919782
15.649999999996766 0.01246363938111507
15.65999999999676 0.0005941184077476907
15.669999999996755 -0.011530424680530808
15.679999999996749 -0.022225618326030292
15.689999999996743 -0.02985279469263596
15.699999999996738 -0.03345262494946939
15.709999999996732 -0.03290831170395801
15.719999999996727 -0.02861902329372745
15.729999999996721 -0.02116244039805089
15.739999999996716 -0.011180640682151613
15.74999999999671 0.0005143788393676143
15.759999999996705 0.012723062921293762
15.769999999996699 0.023781292444630755
15.779999999996694 0.031957515510332955
15.789999999996688 0.03614484075679853
15.799999999996682 0.03610814031991584
15.809999999996677 0.03219660472933329
15.819999999996671 0.02500284194525402
15.829999999996666 0.015200971168157568
15.83999999999666 0.0036106859300713973
15.849999999996655 -0.00859586195056996
15.85999999999665 -0.019810480713503078
15.869999999996644 -0.028319955374580215
15.879999999996638 -0.03295562315032102
15.889999999996633 -0.03341179750836288
15.899999999996627 -0.029997884185387885
15.909999999996622 -0.023267546966414338
15.919999999996616 -0.013844608448531748
15.92999999999661 -0.0024802017881552186
15.939999999996605 0.009740602722058908
15.9499999999966 0.02125379551428728
15.959999999996594 0.03027962655779013
15.969999999996588 0.03550642553053624
15.979999999996583 0.03649755761066611
15.989999999996577 0.03349408808092315
15.999999999996572 0.02705166567088439
16.009999999996584 0.017827192292516093
16.019999999996596 0.006587193043531246
16.02999999999661 -0.005601449133138384
16.03999999999662 -0.017227057036525138
16.049999999996633 -0.026545668513222105
16.059999999996645 -0.03220008529356743
16.069999999996657 -0.03367763364331815
16.07999999999667 -0.031173775855611947
16.08999999999668 -0.02520751264959658
16.099999999996694 -0.01638825046018736
16.109999999996706 -0.005419850278854394
16.11999999999672 0.00671629834210665
16.12999999999673 0.01857173336814252
16.139999999996743 0.028364762141667117
16.149999999996755 0.034605721810463355
16.159999999996767 0.03664133715576817
16.16999999999678 0.03458095257567994
16.17999999999679 0.028929999450048142
16.189999999996804 0.020328715054981926
16.199999999996816 0.009503328893763681
16.20999999999683 -0.0025740719551695136
16.21999999999684 -0.0145006104362651
16.229999999996853 -0.024542792105148818
16.239999999996865 -0.031185627926935276
16.249999999996877 -0.03369861501813406
16.25999999999689 -0.03213768103481444
16.2699999999969 -0.026972704422011353
16.279999999996914 -0.018799177334556928
16.289999999996926 -0.008285664251005133
16.29999999999694 0.0036768494717225146
16.30999999999695 0.015762123057451578
16.319999999996963 0.026228168144465422
16.329999999996975 0.033444073024699573
16.339999999996987 0.03653287668044225
16.349999999997 0.03544775662408187
16.35999999999701 0.030627682671481398
16.369999999997024 0.022693095071360362
16.379999999997036 0.0123406678311618
16.38999999999705 0.00046058689245259373
16.39999999999706 -0.011657953445165096
16.409999999997073 -0.022327820045818063
16.419999999997085 -0.02991463953408014
16.429999999997097 -0.03346861602677079
16.43999999999711 -0.032880776079349944
16.44999999999712 -0.02855372484312063
16.459999999997134 -0.02106601621059561
16.469999999997146 -0.011060670192286088
16.47999999999716 0.000647304155092564
16.48999999999717 0.012853114031568524
16.499999999997183 0.023888730408583303
16.509999999997195 0.03202581960606731
16.519999999997207 0.036166954014732806
16.52999999999722 0.036085442522183146
16.53999999999723 0.03213472523356194
16.549999999997244 0.024908782449733553
16.559999999997256 0.015082563193960648
16.56999999999727 0.00347842268350407
16.57999999999728 -0.008726660061801937
16.589999999997293 -0.019920647250488175
16.599999999997305 -0.028392679818043578
16.609999999997317 -0.032982961806350936
16.61999999999733 -0.03339455715908429
16.62999999999734 -0.029941321788644275
16.639999999997354 -0.023178174256558798
16.649999999997366 -0.013729637231687408
16.65999999999738 -0.002349230765921954
16.66999999999739 0.009873133054536876
16.679999999997403 0.02136863936119657
16.689999999997415 0.03035866699049167
16.699999999997427 0.03554008763835457
16.70999999999744 0.03648551627651219
16.71999999999745 0.03344126979414562
16.729999999997464 0.026964882743741852
16.739999999997476 0.01771397690468078
16.74999999999749 0.006457137297603181
16.7599999999975 -0.005734311625049722
16.769999999997513 -0.017344122651499115
16.779999999997525 -0.026628790607230966
16.789999999997537 -0.032238845354541634
16.79999999999755 -0.03367102581069122
16.80999999999756 -0.03112635008415436
16.819999999997574 -0.02512562340814122
16.829999999997586 -0.016278851799578168
16.839999999997598 -0.005291713219075997
16.84999999999761 0.006850099836244697
16.859999999997623 0.018692831874573254
16.869999999997635 0.02845395318041945
16.879999999997647 0.034650936068437846
16.88999999999766 0.03664026991435961
16.89999999999767 0.034537618152620034
16.909999999997684 0.02885094621134968
16.919999999997696 0.020221265209754986
16.929999999997708 0.00937633562197459
16.93999999999772 -0.002707835905043956
16.949999999997733 -0.014623423310227798
16.959999999997745 -0.02463566765649125
16.969999999997757 -0.031235771045369804
16.97999999999777 -0.0337029370334851
16.98999999999778 -0.03209978594407072
16.999999999997794 -0.026898717396091034
17.009999999997806 -0.018695874073140346
17.019999999997818 -0.008161152456169558
17.02999999999783 0.003810777376780949
17.039999999997843 0.015888255277327616
17.049999999997855 0.026326759594024585
17.059999999997867 0.03350072003834251
17.06999999999788 0.036543047922790055
17.07999999999789 0.035414315262810164
17.089999999997904 0.03055680282000911
17.099999999997916 0.0225919385797955
17.109999999997928 0.01221751060360538
17.11999999999794 0.00032702238510171267
17.129999999997953 -0.011785310054502134
17.139999999997965 -0.02242964795602516
17.149999999997977 -0.029975996320539763
17.15999999999799 -0.033484110214929926
17.169999999998 -0.03285279495370912
17.179999999998014 -0.028488050671971108
17.189999999998026 -0.02096929148477812
17.199999999998038 -0.010940493494930058
17.20999999999805 0.0007802939128812089
17.219999999998063 0.012983027348332503
17.229999999998075 0.023995816992191523
17.239999999998087 0.032093639612321784
17.2499999999981 0.03618856003207458
17.25999999999811 0.03606228302442145
17.269999999998124 0.03207245623328658
17.279999999998136 0.02481441287252906
17.289999999998148 0.01496394037002191
17.29999999999816 0.0033460831200738885
17.309999999998173 -0.00885733969759868
17.319999999998185 -0.020030484459987605
17.329999999998197 -0.028464933737309694
17.33999999999821 -0.033009798044427115
17.34999999999822 -0.03337685572790306
17.359999999998234 -0.029884365900865982
17.369999999998246 -0.023088481555036094
17.379999999998258 -0.013614433204971878
17.38999999999827 -0.002218154427066643
17.399999999998283 0.010005579936450383
17.409999999998295 0.021483180391376713
17.419999999998307 0.030437245342162324
17.42999999999832 0.03557323983448897
17.43999999999833 0.03647299823018544
17.449999999998344 0.03338804315387782
17.459999999998356 0.02687776946668959
17.469999999998368 0.017600520206687943
17.47999999999838 0.006326965623722804
17.489999999998393 -0.005867108031019626
17.499999999998405 -0.017460907963795458
17.509999999998417 -0.02671146683658887
17.51999999999843 -0.032277101959507774
17.52999999999844 -0.03366394276945424
17.539999999998454 -0.031078513279165536
17.549999999998466 -0.025043395457305894
17.559999999998478 -0.016169196202149017
17.56999999999849 -0.005163433970027587
17.579999999998503 0.006983869946750171
17.589999999998515 0.018813680049504053
17.599999999998527 0.028542711450938844
17.60999999999854 0.03469564272046647
17.61999999999855 0.03663871298473069
17.629999999998564 0.034493856990698915
17.639999999998576 0.028771542887459423
17.649999999998588 0.020113549836755926
17.6599999999986 0.009249190492168349
17.669999999998613 -0.002841583836804211
17.679999999998625 -0.014746007990446638
17.689999999998637 -0.0247281291114291
17.69999999999865 -0.031285415024414814
17.70999999999866 -0.03370677177222221
17.719999999998674 -0.032061462636829935
17.729999999998686 -0.026824373403373732
17.739999999998698 -0.01859229174248029
17.74999999999871 -0.00803646537113477
17.759999999998723 0.003944722759328719
17.769999999998735 0.016014191926455576
17.779999999998747 0.026424954714402548
17.78999999999876 0.033556867545651924
17.79999999999877 0.036552719144713426
17.809999999998784 0.03538042950191036
17.819999999998796 0.030485553474183913
17.829999999998808 0.02249049409957818
17.83999999999882 0.012094169065581754
17.849999999998833 0.00019342689064305284
17.859999999998845 -0.011912492120468875
17.869999999998857 -0.02253110020918578
17.87999999999887 -0.030036864427339487
17.88999999999888 -0.03349910783547517
17.899999999998894 -0.03282436902759637
17.909999999998906 -0.028422001556575135
17.919999999998918 -0.02087226708916088
17.92999999999893 -0.010820111816202505
17.939999999998943 0.0009133462284129545
17.949999999998955 0.013112800453390146
17.959999999998967 0.024102550179509692
17.96999999999898 0.032160974735373334
17.97999999999899 0.036209659038354935
17.989999999999004 0.036038662536903916
17.999999999999016 0.032009798576976854
18.009999999999028 0.024719734133674398
18.01999999999904 0.014845103931214973
18.029999999999053 0.0032136690809353454
18.039999999999065 -0.008987898501357143
18.049999999999077 -0.020139990266497095
18.05999999999909 -0.028536716201605878
18.0699999999991 -0.03303613201084287
18.079999999999114 -0.033358693865776265
18.089999999999126 -0.029827017292123486
18.099999999999138 -0.022998469692678748
18.10999999999915 -0.013498997476652041
18.119999999999163 -0.0020869744793768413
18.129999999999175 0.010137941020754021
18.139999999999187 0.021597416378480668
18.1499999999992 0.03051536049739972
18.15999999999921 0.03560588214603388
18.169999999999224 0.0364600041025601
18.179999999999236 0.03333440899055322
18.189999999999248 0.02679032672752029
18.19999999999926 0.017486823321471372
18.209999999999273 0.0061966796966020895
18.219999999999285 -0.005999836077138612
18.229999999999297 -0.01757741072926218
18.23999999999931 -0.026793695955863155
18.24999999999932 -0.032314855040388044
18.259999999999334 -0.03365638509658605
18.269999999999346 -0.031030266200578006
18.279999999999358 -0.024960829603823984
18.28999999999937 -0.016059284679073478
18.299999999999383 -0.0050350140685660955
18.309999999999395 0.007117606447301666
18.319999999999407 0.01893427552575036
18.32999999999942 0.028631035514654353
18.33999999999943 0.03473984155502076
18.349999999999444 0.03663666689415347
18.359999999999456 0.034449669893378276
18.369999999999468 0.028691790346303214
18.37999999999948 0.020005569968690993
18.389999999999493 0.009121895018431537
18.399999999999505 -0.002975313598216218
18.409999999999517 -0.014868362130859175
18.41999999999953 -0.024820174918867823
18.42999999999954 -0.0313345595440945
18.439999999999554 -0.03371011970777428
18.449999999999566 -0.032022711854451165
18.459999999999578 -0.02674967323629664
18.46999999999959 -0.01848843127723677
18.479999999999603 -0.007911604374811438
18.489999999999615 0.004078683547607072
18.499999999999627 0.016139930571699115
18.50999999999964 0.026522751761492453
18.51999999999965 0.0336125150620133
18.529999999999664 0.0365618907415386
18.539999999999676 0.035346100104886105
18.549999999999688 0.030413935488869143
18.5599999999997 0.02238876259485509
18.569999999999713 0.011970644582830994
18.579999999999725 5.980241349763685e-05
18.589999999999737 -0.012039497262427952
18.59999999999975 -0.022632174976526257
18.60999999999976 -0.030097243250307094
18.619999999999774 -0.033513609224153126
18.629999999999786 -0.03279549901055646
18.639999999999798 -0.02835557828060128
18.64999999999981 -0.020774943901285935
18.659999999999823 -0.010699526394686947
18.669999999999835 0.0010464592029233834
18.679999999999847 0.013242430920167579
18.68999999999986 0.024208927958723106
18.69999999999987 0.032227824188846226
18.709999999999884 0.036230251264713714
18.719999999999896 0.03601458176649074
18.729999999999908 0.03194675310746087
18.73999999999992 0.024624747148832827
18.749999999999932 0.01472605511181993
18.759999999999945 0.0030811824086877156
18.769999999999957 -0.00911833411976952
18.77999999999997 -0.020249162609224367
18.78999999999998 -0.028608026299772528
18.799999999999994 -0.03306196386622437
18.810000000000006 -0.03334007223202904
18.820000000000018 -0.029769276738404866
18.83000000000003 -0.02290813950713133
18.840000000000042 -0.013383331165094898
18.850000000000055 -0.0019556926436109716
18.860000000000067 0.010270213950934089
18.87000000000008 0.02171134509889896
18.88000000000009 0.030593011350029127
18.890000000000104 0.0356380146046881
18.900000000000116 0.036446534523458425
18.910000000000128 0.0332803681306084
18.92000000000014 0.026702555410311385
18.930000000000152 0.01737288737172451
18.940000000000165 0.0060662811935941795
18.950000000000177 -0.006132493489509692
18.96000000000019 -0.017693628714361913
18.9700000000002 -0.0268754767379897
18.980000000000214 -0.03235210454389526
18.990000000000226 -0.03364835337738838
19.000000000000238 -0.0309816096133076
19.01000000000025 -0.02487792665954575
19.020000000000262 -0.015949118249559406
19.030000000000275 -0.004906455062963863
19.040000000000287 0.007251307101373253
19.0500000000003 0.019054615936748332
19.06000000000031 0.028718923943017175
19.070000000000324 0.03478353236786542
19.080000000000336 0.036634132171091086
19.090000000000348 0.03440505766167036
19.10000000000036 0.02861168945269611
19.110000000000372 0.019897326638071873
19.120000000000385 0.008994450718082175
19.130000000000397 -0.0031090230346180673
19.14000000000041 -0.014990483392018082
19.15000000000042 -0.02491180354429145
19.160000000000434 -0.03138320429981233
19.170000000000446 -0.0337129813223321
19.180000000000458 -0.031983534342804244
19.19000000000047 -0.026674617691150957
19.200000000000482 -0.01838429361831549
19.210000000000495 -0.0077865708559523945
19.220000000000507 0.0042126576593729875
19.23000000000052 0.016265468778112087
19.24000000000053 0.026620149000875136
19.250000000000544 0.033667662112401305
19.260000000000556 0.03657056311197294
19.270000000000568 0.035311327834279836
19.28000000000058 0.03034194971645451
19.290000000000592 0.022286745029439274
19.300000000000605 0.011846938524454315
19.310000000000617 -7.384903782218176e-05
19.32000000000063 -0.01216632310268685
19.33000000000064 -0.022732870443448183
19.340000000000654 -0.03015713220113407
19.350000000000666 -0.033527614726298484
19.360000000000678 -0.03276618561659266
19.37000000000069 -0.02828878163069873
19.380000000000702 -0.02067732280341797
19.390000000000715 -0.010578738477271829
19.400000000000727 0.0011796309273404471
19.41000000000074 0.013371916317916984
19.42000000000075 0.024314948326310853
19.430000000000764 0.03229418719770798
19.440000000000776 0.03625033694783594
19.450000000000788 0.03599004142055103
19.4600000000008 0.03188332066580614
19.470000000000812 0.02452945283312873
19.480000000000825 0.014606795149270966
19.490000000000837 0.0029486249510088554
19.50000000000085 -0.009248644199318964
19.51000000000086 -0.02035799943860658
19.520000000000874 -0.028678863136651987
19.530000000000886 -0.033087293781884984
19.540000000000898 -0.03332099149078586
19.55000000000091 -0.029711145018156356
19.560000000000922 -0.022817491839506418
19.570000000000935 -0.013267435395512265
19.580000000000947 -0.0018243106502739428
19.59000000000096 0.010402396364299685
19.60000000000097 0.021824964335064076
19.610000000000984 0.030670196806250456
19.620000000000996 0.03566963724981699
19.630000000001008 0.03643259012470754
19.64000000000102 0.03322592139951923
19.650000000001032 0.026614456398434978
19.660000000001045 0.017258713482856812
19.670000000001057 0.005935771797559432
19.68000000000107 -0.006265077991504486
19.69000000000108 -0.017809559693490733
19.700000000001094 -0.02695680797148046
19.710000000001106 -0.03238885042866569
19.720000000001118 -0.033639848202667716
19.73000000000113 -0.03093254428452742
19.740000000001142 -0.024794687438809963
19.750000000001155 -0.015838697938301727
19.760000000001167 -0.004777758510396948
19.77000000000118 0.007384969664802457
19.78000000000119 0.01917469891918164
19.790000000001204 0.02880637531999991
19.800000000001216 0.03482671496444296
19.810000000001228 0.03663110934757521
19.82000000000124 0.03436002109650962
19.830000000001252 0.028531241070700906
19.840000000001265 0.01978882087954633
19.850000000001277 0.008866859113932538
19.86000000000129 -0.0032427099867646638
19.8700000000013 -0.015112369439027449
19.880000000001314 -0.025003013467622015
19.890000000001326 -0.03143134900010142
19.900000000001338 -0.033715357104617504
19.91000000000135 -0.03194393085011515
19.920000000001362 -0.026599207566010856
19.930000000001375 -0.01827987971087191
19.940000000001387 -0.007661366211195136
19.9500000000014 0.004346643003895917
19.96000000000141 0.016390804111021572
19.970000000001424 0.026717144709820246
19.980000000001436 0.03372230823324073
19.990000000001448 0.03657873665994659
20.00000000000146 0.03527611345352058
