t val
0.010000000000000002 0.6896242730723453
0.02000000000000001 1.4165869709098948
0.03000000000000002 2.238607589486258
0.04000000000000003 3.061197232415357
0.05000000000000004 3.9554709898503493
0.060000000000000046 4.862148061646136
0.07000000000000005 5.82908604948639
0.08000000000000006 6.81166872166241
0.09000000000000007 7.843620848207659
0.10000000000000007 8.89046395948233
0.11000000000000008 9.971262925475848
0.12000000000000009 11.061844076617211
0.1300000000000001 12.178770036068594
0.1400000000000001 13.306704300673815
0.1500000000000001 14.458631134504147
0.16000000000000011 15.626277766141515
0.17000000000000012 16.81979288695222
0.18000000000000013 18.032384432565948
0.19000000000000014 19.26911244008375
0.20000000000000015 20.522713845474648
0.21000000000000016 21.794769228326196
0.22000000000000017 23.079557081977672
0.23000000000000018 24.378214072919356
0.24000000000000019 25.687276339063963
0.25000000000000017 27.009314410812102
0.2600000000000002 28.344198034232132
0.2700000000000002 29.69456482154043
0.2800000000000002 31.05995169778202
0.2900000000000002 32.44168330175389
0.3000000000000002 33.83862931527912
0.3100000000000002 35.250233220596435
0.32000000000000023 36.674315597893795
0.33000000000000024 38.11024410169146
0.34000000000000025 39.55729860935066
0.35000000000000026 41.01615049366674
0.36000000000000026 42.48741728994045
0.3700000000000003 43.97265696586607
0.3800000000000003 45.47331634257682
0.3900000000000003 46.990832338336446
0.4000000000000003 48.52564093073254
0.4100000000000003 50.078008962835305
0.4200000000000003 51.64791021169424
0.4300000000000003 53.23549430701304
0.44000000000000034 54.84085931080633
0.45000000000000034 56.464735882906496
0.46000000000000035 58.10848998638423
0.47000000000000036 59.77399819758341
0.48000000000000037 61.463148144650575
0.4900000000000004 63.177813883336185
0.5000000000000003 64.9196896224457
0.5100000000000003 66.69023701032884
0.5200000000000004 68.49048434658056
0.5300000000000004 70.32129390844236
0.5400000000000004 72.18361080917113
0.5500000000000004 74.0786850857695
0.5600000000000004 76.00800601960995
0.5700000000000004 77.973289012227
0.5800000000000004 79.97647085635671
0.5900000000000004 82.01958723071958
0.6000000000000004 84.10446837659751
0.6100000000000004 86.23259853835654
0.6200000000000004 88.40515643122264
0.6300000000000004 90.62311753253525
0.6400000000000005 92.88723483249493
0.6500000000000005 95.19809708785564
0.6600000000000005 97.55628064784376
0.6700000000000005 99.9624086585181
0.6800000000000005 102.41702229260486
0.6900000000000005 104.92039939840399
0.7000000000000005 107.47247179127618
0.7100000000000005 110.07276163882847
0.7200000000000005 112.72027903191989
0.7300000000000005 115.41349673368114
0.7400000000000005 118.15046139175598
0.7500000000000006 120.92898523706799
0.7600000000000006 123.74680386303467
0.7700000000000006 126.60166757906713
0.7800000000000006 129.49145775237105
0.7900000000000006 132.41428045185194
0.8000000000000006 135.36846875361425
0.8100000000000006 138.35250609939496
0.8200000000000006 141.36497110553503
0.8300000000000006 144.40455280885837
0.8400000000000006 147.47004594269384
0.8500000000000006 150.5603215418327
0.8600000000000007 153.67433193280596
0.8700000000000007 156.81115318246685
0.8800000000000007 159.9700019601153
0.8900000000000007 163.15018214466073
0.9000000000000007 166.35102861034525
0.9100000000000007 169.57189061561678
0.9200000000000007 172.81211541805806
0.9300000000000007 176.07102797679198
0.9400000000000007 179.34793168163688
0.9500000000000007 182.6421601945459
0.9600000000000007 185.95314221302982
0.9700000000000008 189.28042762258542
0.9800000000000008 192.6236866162168
0.9900000000000008 195.98270497288692
1.0000000000000007 199.35736146446678
1.0099999999999996 202.74756604987547
1.0199999999999985 206.15317167569293
1.0299999999999974 209.5739057151102
1.0399999999999963 213.0093305082707
1.0499999999999952 216.45882030274817
1.059999999999994 219.92156172472906
1.069999999999993 223.39661328933582
1.0799999999999919 226.88301764658354
1.0899999999999908 230.37990205115386
1.0999999999999897 233.8865227587712
1.1099999999999886 237.40224984865017
1.1199999999999875 240.9265049774032
1.1299999999999863 244.4586713055195
1.1399999999999852 247.9980057746619
1.1499999999999841 251.54359246193118
1.159999999999983 255.0943481313032
1.169999999999982 258.649052173629
1.1799999999999808 262.20637716775275
1.1899999999999797 265.7649147757912
1.1999999999999786 269.3232045831041
1.2099999999999775 272.87975524941544
1.2199999999999764 276.43304807550624
1.2299999999999753 279.9815327609614
1.2399999999999742 283.5236289762832
1.2499999999999731 287.0577353051921
1.259999999999972 290.5822364264552
1.269999999999971 294.0955079908779
1.2799999999999698 297.59592914170184
1.2899999999999687 301.08189811645013
1.2999999999999676 304.55184009560077
1.3099999999999665 308.00420494350715
1.3199999999999654 311.4374619520849
1.3299999999999643 314.8500967238359
1.3399999999999632 318.2406044516876
1.3499999999999621 321.60747993865795
1.359999999999961 324.94921383173505
1.36999999999996 328.2642979779556
1.3799999999999588 331.55123350718736
1.3899999999999577 334.80853645543675
1.3999999999999566 338.034743078437
1.4099999999999555 341.22841652426416
1.4199999999999544 344.388150345958
1.4299999999999533 347.51256540077117
1.4399999999999522 350.60030306824046
1.449999999999951 353.65002108402354
1.45999999999995 356.6603919475219
1.469999999999949 359.6301008745516
1.4799999999999478 362.5578451509033
1.4899999999999467 365.44233783202895
1.4999999999999456 368.2823139173105
1.5099999999999445 371.0765344518573
1.5199999999999434 373.8237872716322
1.5299999999999423 376.5228871279203
1.5399999999999412 379.1726754368598
1.54999999999994 381.7720174909132
1.559999999999939 384.31979740694914
1.569999999999938 386.8149143475807
1.5799999999999368 389.25628164988825
1.5899999999999357 391.64282654096843
1.5999999999999346 393.9734893416312
1.6099999999999335 396.2472233494545
1.6199999999999324 398.4629960434381
1.6299999999999313 400.6197900071742
1.6399999999999302 402.71660188625253
1.649999999999929 404.75244083036
1.659999999999928 406.7263280616499
1.6699999999999269 408.637296876275
1.6799999999999258 410.4843923370204
1.6899999999999247 412.26667088730005
1.6999999999999236 413.98320101148624
1.7099999999999225 415.63306453377936
1.7199999999999214 417.21535674025654
1.7299999999999203 418.72918536319145
1.7399999999999192 420.17366988491267
1.749999999999918 421.5479413742837
1.759999999999917 422.85114204662426
1.7699999999999159 424.0824247913964
1.7799999999999148 425.24095395095947
1.7899999999999137 426.3259074997889
1.7999999999999126 427.3364795460524
1.8099999999999115 428.2718823374943
1.8199999999999104 429.1313478640909
1.8299999999999093 429.914129169558
1.8399999999999082 430.6195005913024
1.849999999999907 431.24675671017064
1.859999999999906 431.7952111610885
1.8699999999999048 432.264196398713
1.8799999999999037 432.6530645805135
1.8899999999999026 432.96118936340025
1.8999999999999015 433.18796876696825
1.9099999999999004 433.3328291937702
1.9199999999998993 433.39522981606706
1.9299999999998982 433.3746661216389
1.9399999999998971 433.2706720698951
1.949999999999896 433.08282105385274
1.959999999999895 432.8107257162671
1.9699999999998938 432.45403659515364
1.9799999999998927 432.01244022868707
1.9899999999998916 431.4856577541508
1.9999999999998905 430.87344449506514
2.0099999999998897 430.8678133897908
2.0199999999998886 430.83086216817605
2.0299999999998875 430.83861534614977
2.0399999999998863 430.8132072857987
2.0499999999998852 430.8402939456628
2.059999999999884 430.86830075058936
2.069999999999883 430.9502393300841
2.079999999999882 431.0431570517779
2.089999999999881 431.1813115200147
2.0999999999998797 431.3288101166732
2.1099999999998786 431.5046992034455
2.1199999999998775 431.68593599172596
2.1299999999998764 431.89341384028893
2.1399999999998753 432.1188600511281
2.1499999999998742 432.38466855877147
2.159999999999873 432.69004537940214
2.169999999999872 433.0469427616162
2.179999999999871 433.4412142989522
2.18999999999987 433.86156402446125
2.1999999999998687 434.27805206752805
2.2099999999998676 434.6687237109854
2.2199999999998665 435.0083430503384
2.2299999999998654 435.2860799957978
2.2399999999998643 435.4951187055663
2.249999999999863 435.64258961334264
2.259999999999862 435.73841775107906
2.269999999999861 435.7980070475391
2.27999999999986 435.8337363679828
2.289999999999859 435.85807854228426
2.2999999999998577 435.8784180048091
2.3099999999998566 435.89997433646454
2.3199999999998555 435.9238485025005
2.3299999999998544 435.9507470142238
2.3399999999998533 435.9800164630098
2.349999999999852 436.0117026516623
2.359999999999851 436.0454201510573
2.36999999999985 436.0815965295929
2.379999999999849 436.1206472905917
2.389999999999848 436.1631647597116
2.3999999999998467 436.2088453277254
2.4099999999998456 436.25721330237366
2.4199999999998445 436.3074331771101
2.4299999999998434 436.3587175467889
2.4399999999998423 436.4100068190938
2.449999999999841 436.4606132749842
2.45999999999984 436.51028927218647
2.469999999999839 436.55922232584254
2.479999999999838 436.6075977206091
2.489999999999837 436.6555939720219
2.4999999999998357 436.70326912401845
2.5099999999998346 436.7505690203313
2.5199999999998335 436.79710862203683
2.5299999999998324 436.84236359191766
2.5399999999998313 436.8858943461786
2.54999999999983 436.9275970183498
2.559999999999829 436.9676476277431
2.569999999999828 437.00647295431446
2.579999999999827 437.04476712496296
2.5899999999998258 437.08342509188026
2.5999999999998247 437.1232410348389
2.6099999999998236 437.16467930446686
2.6199999999998225 437.2077994695585
2.6299999999998214 437.25228067774634
2.6399999999998203 437.29735825263185
2.649999999999819 437.341896828254
2.659999999999818 437.38468585340047
2.669999999999817 437.42479235120845
2.679999999999816 437.4617637328314
2.6899999999998148 437.4956585294309
2.6999999999998137 437.5270026937317
2.7099999999998126 437.5566209491336
2.7199999999998115 437.58533457017273
2.7299999999998104 437.61371059842804
2.7399999999998093 437.6420343598624
2.749999999999808 437.6705179466084
2.759999999999807 437.6995518747312
2.769999999999806 437.7298015881844
2.779999999999805 437.76214064430087
2.7899999999998037 437.7974066688886
2.7999999999998026 437.83601590920694
2.8099999999998015 437.87757772892564
2.8199999999998004 437.920756616522
2.8299999999997993 437.96352806008235
2.8399999999997982 438.003688502435
2.849999999999797 438.0394160731841
2.859999999999796 438.0697165083922
2.869999999999795 438.094620592113
2.879999999999794 438.11503845753805
2.8899999999997927 438.1322920976471
2.8999999999997916 438.1475737038169
2.9099999999997905 438.16162700451684
2.9199999999997894 438.17480895164465
2.9299999999997883 438.18752940971046
2.9399999999997872 438.20087735566045
2.949999999999786 438.2171150757814
2.959999999999785 438.2396344805206
2.969999999999784 438.27210216420127
2.979999999999783 438.31691774550745
2.9899999999997817 438.3735574014876
2.9999999999997806 438.437614948389
3.0099999999997795 438.50123820654653
3.0199999999997784 438.5551720668586
3.0299999999997773 438.5918901425691
3.039999999999776 438.60857255725824
3.049999999999775 438.60843429700606
3.059999999999774 438.5994435045348
3.069999999999773 438.5906986476454
3.079999999999772 438.58804694729537
3.0899999999997707 438.591215391192
3.0999999999997696 438.59431992935856
3.1099999999997685 438.590066619154
3.1199999999997674 438.57587751977906
3.1299999999997663 438.55866495830514
3.139999999999765 438.55504160115686
3.149999999999764 438.5856630735719
3.159999999999763 438.6653872281793
3.169999999999762 438.7935597065775
3.179999999999761 438.9495780886344
3.1899999999997597 439.0971902530191
3.1999999999997586 439.19718705840467
3.2099999999997575 439.2238106991802
3.2199999999997564 439.17747492152847
3.2299999999997553 439.0869282993526
3.239999999999754 438.9980635660898
3.249999999999753 438.95281927279893
3.259999999999752 438.9673559067681
3.269999999999751 439.02088279782873
3.27999999999975 439.063157089655
3.2899999999997487 439.04022899455333
3.2999999999997476 438.9279998970333
3.3099999999997465 438.7568338361216
3.3199999999997454 438.61188953168477
3.3299999999997443 438.6034458510523
3.339999999999743 438.8157463347262
3.349999999999742 439.2557470354197
3.359999999999741 439.82814703204843
3.36999999999974 440.3558631506292
3.3799999999997388 440.6461989638496
3.3899999999997377 440.57939487456395
3.3999999999997366 440.17946642698473
3.4099999999997355 439.6271554045533
3.4199999999997344 439.1951616851744
3.4299999999997333 439.1218354247208
3.439999999999732 439.4768346492209
3.449999999999731 440.09129102656783
3.45999999999973 440.60869353129715
3.469999999999729 440.6558484259142
3.4799999999997278 440.05968142376855
3.4899999999997267 438.9954784729345
3.4999999999997256 437.97495899980476
3.5099999999997245 437.65248989470695
3.5199999999997234 438.5134357858285
3.5299999999997222 440.5781248968971
3.539999999999721 443.27788699815255
3.54999999999972 445.6112880800433
3.559999999999719 446.55776739894344
3.569999999999718 445.5820650681717
3.5799999999997167 443.0031884232974
3.5899999999997156 440.0097702299122
3.5999999999997145 438.21319556271567
3.6099999999997134 438.8721426974108
3.6199999999997123 442.1198868941875
3.6299999999997112 446.62115212144903
3.63999999999971 450.05544247030224
3.649999999999709 450.32342458708035
3.659999999999708 446.7407857282074
3.669999999999707 440.6355532715817
3.6799999999997057 435.05560586679775
3.6899999999997046 433.5018685001553
3.6999999999997035 438.22676992181414
3.7099999999997024 448.8386823775236
3.7199999999997013 461.90981913874396
3.7299999999997 472.12713876634695
3.739999999999699 474.4038845361841
3.749999999999698 466.7015442510899
3.759999999999697 452.5186045182856
3.769999999999696 439.6490158888719
3.7799999999996947 436.22818732195856
3.7899999999996936 446.4536641298449
3.7999999999996925 467.1911310246919
3.8099999999996914 488.8322160454471
3.8199999999996903 500.21787268005323
3.829999999999689 493.42004478202074
3.839999999999688 470.55112387034177
3.849999999999687 444.87829107315304
3.859999999999686 432.28803790770166
3.869999999999685 440.97110455964247
3.8799999999996837 468.09068624357053
3.8899999999996826 504.1550755153872
3.8999999999996815 532.2409953741947
3.9099999999996804 532.9561873167204
3.9199999999996793 505.83294435600135
3.929999999999678 471.1705356766224
3.939999999999677 449.94164238530436
3.949999999999676 447.03536410871965
3.959999999999675 460.1042930197568
3.969999999999674 484.601486971478
3.9799999999996727 509.8148461780219
3.9899999999996716 519.3832949986228
3.9999999999996705 505.1785906279078
4.009999999999674 478.6801365453677
4.019999999999677 455.07218277931383
4.0299999999996805 440.1579342707688
4.039999999999684 436.7087405446492
4.049999999999687 446.6046342553466
4.0599999999996905 468.3822907773616
4.069999999999694 495.3323909322014
4.079999999999697 511.42683268865375
4.0899999999997005 504.0953532441955
4.099999999999704 482.3730363875288
4.109999999999707 460.7311418962091
4.119999999999711 445.99719573316844
4.129999999999714 439.7433259680675
4.139999999999717 443.49997027880244
4.149999999999721 457.818073075174
4.159999999999724 479.1642270027139
4.169999999999727 496.6605878923883
4.179999999999731 496.56134093547746
4.189999999999734 479.0312112500936
4.199999999999737 457.7557671617472
4.209999999999741 441.1291654274757
4.219999999999744 431.8863884213248
4.229999999999747 432.70498147125215
4.239999999999751 444.49860311543097
4.249999999999754 464.11915610116034
4.259999999999757 484.18731663352617
4.269999999999761 492.167036149615
4.279999999999764 482.0718296409066
4.289999999999767 463.89591410286704
4.299999999999771 448.54308742642587
4.309999999999774 439.2331403087072
4.319999999999777 437.1365000021352
4.329999999999781 443.78165977780475
4.339999999999784 457.5228283753962
4.349999999999787 473.2537856316431
4.359999999999791 482.77197879228726
4.369999999999794 478.34381686298656
4.379999999999797 462.5683225474728
4.389999999999801 446.1356024070443
4.399999999999804 435.2762503265643
4.409999999999807 431.74398493752443
4.419999999999811 436.7356394725297
4.429999999999814 449.9574667742061
4.439999999999817 467.1025971936441
4.449999999999821 480.5385644192224
4.459999999999824 481.9464275759978
4.4699999999998274 470.1479093987264
4.479999999999831 453.80714645809286
4.489999999999834 441.8075924412151
4.4999999999998375 437.2324301896929
4.509999999999841 440.29525957471844
4.519999999999844 450.70744238247977
4.5299999999998475 465.34703091389457
4.539999999999851 477.2620964837893
4.549999999999854 478.86081419818856
4.5599999999998575 468.05812586496916
4.569999999999861 451.51421319079077
4.579999999999864 438.2023425813006
4.5899999999998675 432.7061907504441
4.599999999999871 435.89763039596215
4.609999999999874 447.3020036691767
4.6199999999998775 464.122609631978
4.629999999999881 479.2732564931348
4.639999999999884 483.8656042451072
4.649999999999888 474.6722176163758
4.659999999999891 458.10158466226807
4.669999999999894 443.7996924716253
4.679999999999898 437.27197366063
4.689999999999901 439.47682610149076
4.699999999999904 449.56497906599594
4.709999999999908 464.8216667183886
4.719999999999911 478.7694365581919
4.729999999999914 482.73293453212335
4.739999999999918 473.1246173209509
4.749999999999921 455.8850180401598
4.759999999999924 440.4857840302305
4.769999999999928 432.7451401487073
4.779999999999931 434.34594580428393
4.789999999999934 445.0350436223543
4.799999999999938 462.4573314984576
4.809999999999941 480.06468721743096
4.819999999999944 487.9031303489359
4.829999999999948 480.5001713995532
4.839999999999951 463.3964956611528
4.849999999999954 447.0182379973049
4.859999999999958 438.0683203217837
4.869999999999961 438.28718097926446
4.879999999999964 447.281356881997
4.889999999999968 462.78141858328036
4.899999999999971 478.7757121418267
4.909999999999974 485.89182405497996
4.919999999999978 478.29114826331886
4.929999999999981 460.8580401508317
4.939999999999984 443.91570549124094
4.949999999999988 434.1087181104276
4.959999999999991 433.5148945244234
4.969999999999994 442.37220085674977
4.979999999999998 459.03666305167167
4.990000000000001 477.7616561736531
5.000000000000004 488.62939612369564
5.010000000000008 484.12866327182184
5.020000000000011 467.82517111777275
5.0300000000000145 450.4568810652634
5.040000000000018 439.6990672604643
5.050000000000021 437.81465658075
5.0600000000000245 444.7801660060911
5.070000000000028 459.1078713698617
5.080000000000031 475.69125043927244
5.0900000000000345 485.5442921582937
5.100000000000038 481.21905885656065
5.110000000000041 465.12924510693557
5.1200000000000445 447.35024618520254
5.130000000000048 435.67882230120676
5.140000000000051 432.8742710938027
5.1500000000000545 439.4327587999678
5.160000000000058 454.4316903212966
5.170000000000061 473.3175825239946
5.1800000000000646 486.90624239229135
5.190000000000068 486.25767678558503
5.200000000000071 472.0248216320022
5.210000000000075 454.1187842657218
5.220000000000078 441.4542102269755
5.230000000000081 437.38219450326574
5.240000000000085 442.1957681207764
5.250000000000088 454.94601146523667
5.260000000000091 471.6094086362448
5.270000000000095 483.94644290851613
5.280000000000098 483.3189281023522
5.290000000000101 469.3853900303182
5.300000000000105 451.2000897913356
5.310000000000108 437.6688090259236
5.320000000000111 432.5866942776885
5.330000000000115 436.79688921510444
5.340000000000118 449.864813762644
5.350000000000121 468.3723548899336
5.360000000000125 484.21220935623734
5.370000000000128 487.56414587128995
5.380000000000131 476.1016958300598
5.390000000000135 458.209411459915
5.400000000000138 443.7827741029692
5.410000000000141 437.47225477631014
5.420000000000145 440.03581949282284
5.430000000000148 450.9303244110881
5.440000000000151 467.12995563101975
5.450000000000155 481.4420019966468
5.460000000000158 484.6401945844757
5.470000000000161 473.5727722304255
5.480000000000165 455.5396518786827
5.490000000000168 440.32499414912957
5.500000000000171 432.9697170586684
5.510000000000175 434.78059507175453
5.520000000000178 445.7070956862329
5.530000000000181 463.34107542100355
5.540000000000185 480.8002476193176
5.550000000000188 488.0507462638994
5.5600000000001915 479.9763868141948
5.570000000000195 462.70736095415253
5.580000000000198 446.7534711488502
5.5900000000002015 438.24514359449995
5.600000000000205 438.5845941457929
5.610000000000208 447.5112720015774
5.6200000000002115 462.84983481179967
5.630000000000215 478.48015563783343
5.640000000000218 485.1485010421773
5.6500000000002215 477.3514483990031
5.660000000000225 460.0751276357079
5.670000000000228 443.48001220717873
5.6800000000002315 433.9670293488179
5.690000000000235 433.47763825121984
5.700000000000238 442.22960590466823
5.7100000000002415 458.6352048238738
5.720000000000245 477.0177751721288
5.730000000000248 487.6449688232718
5.740000000000252 483.23343939446676
5.750000000000255 467.2457311318012
5.760000000000258 450.1512536731615
5.770000000000262 439.5355723715468
5.780000000000265 437.69127027831973
5.790000000000268 444.6014927124342
5.800000000000272 458.7642498449624
5.810000000000275 475.1385513416848
5.820000000000278 484.8465215101556
5.830000000000282 480.5671068461219
5.840000000000285 464.67392699702907
5.850000000000288 447.0728684006071
5.860000000000292 435.4902354884086
5.870000000000295 432.7169875307112
5.880000000000298 439.24568251836587
5.890000000000302 454.1284352955477
5.900000000000305 472.8556769094471
5.910000000000308 486.3711091448576
5.920000000000312 485.81309992960036
5.930000000000315 471.7608295178647
5.940000000000318 453.9867540986262
5.950000000000322 441.3767526203325
5.960000000000325 437.32841114170213
5.970000000000328 442.14067288826527
5.980000000000332 454.8349344077498
5.990000000000335 471.3977806068628
6.000000000000338 483.65683664201384
6.010000000000342 483.0436905745428
6.020000000000345 469.18238636928396
6.030000000000348 451.05989273336206
6.040000000000352 437.5725487220876
6.050000000000355 432.5358727410971
6.060000000000358 436.77868963828
6.070000000000362 449.85011496207505
6.080000000000365 468.32774394045754
6.0900000000003685 484.127324258969
6.100000000000372 487.47358291260605
6.110000000000375 476.0336393490363
6.1200000000003785 458.15736991988064
6.130000000000382 443.7562965373198
6.140000000000385 437.5105828000611
6.1500000000003885 440.1601660862636
6.160000000000392 451.1236240119937
6.170000000000395 467.341213221091
6.1800000000003985 481.57629249053446
6.190000000000402 484.62248291970184
6.200000000000405 473.4304174637233
6.2100000000004085 455.36112456418476
6.220000000000412 440.1865800790133
6.230000000000415 432.92464072101984
6.2400000000004185 434.8574393818914
6.250000000000422 445.90454412301204
6.260000000000425 463.6155605686841
6.270000000000429 481.0444955221247
6.280000000000432 488.1390870231565
6.290000000000435 479.89675355498633
6.300000000000439 462.5641038616722
6.310000000000442 446.64628156272806
6.320000000000445 438.23142902560454
6.330000000000449 438.69353147024054
6.340000000000452 447.74614811521263
6.350000000000455 463.1653057770046
6.360000000000459 478.7658000003486
6.370000000000462 485.25642378824887
6.380000000000465 477.2410668188061
6.390000000000469 459.8651314842892
6.400000000000472 443.2991648285367
6.410000000000475 433.87489833718814
6.420000000000479 433.5003010021751
6.430000000000482 442.3844701705255
6.440000000000485 458.89871388559294
6.450000000000489 477.29759304938165
6.460000000000492 487.79484286450906
6.470000000000495 483.1821064438542
6.480000000000499 467.08581011848054
6.490000000000502 450.01861193224437
6.500000000000505 439.4950419457359
6.510000000000509 437.7547660683371
6.520000000000512 444.77251137686255
6.530000000000515 459.01526948608586
6.540000000000519 475.3794177403526
6.550000000000522 484.9455532300128
6.560000000000525 480.46060549751644
6.570000000000529 464.45266665580033
6.580000000000532 446.87675091128796
6.590000000000535 435.3873485593548
6.600000000000539 432.718411466162
6.610000000000542 439.3536592462698
6.6200000000005454 454.32337282089406
6.630000000000549 473.0615749155764
6.640000000000552 486.4669471040899
6.6500000000005555 485.7311648819409
6.660000000000559 471.5724316637626
6.670000000000562 453.8215212451531
6.6800000000005655 441.30581552307
6.690000000000569 437.3590660942092
6.700000000000572 442.2630181535684
6.7100000000005755 455.02264249668815
6.720000000000579 471.5789890675055
6.730000000000582 483.7232576016552
6.7400000000005855 482.93464518612984
6.750000000000589 468.9638399215477
6.760000000000592 450.8539057252759
6.7700000000005955 437.4498645561467
6.780000000000599 432.5127833392235
6.790000000000602 436.8548581269444
6.800000000000606 450.0087521933333
6.810000000000609 468.508184352755
6.820000000000612 484.22297271811857
6.830000000000616 487.4069274307118
6.840000000000619 475.84995794145243
6.850000000000622 457.9744917150423
6.860000000000626 443.6532673194253
6.870000000000629 437.50658085535343
6.880000000000632 440.2503951555075
6.890000000000636 451.2876416778203
6.900000000000639 467.5199159658315
6.910000000000642 481.6694196571917
6.920000000000646 484.55103033889833
6.930000000000649 473.23033529880183
6.940000000000652 455.1487884782229
6.950000000000656 440.04404723314514
6.960000000000659 432.8779209710841
6.970000000000662 434.91070043942864
6.980000000000666 446.0481365779443
6.990000000000669 463.8014459309263
7.000000000000672 481.1754533549721
7.010000000000676 488.11985341864596
7.020000000000679 479.7378516903909
7.030000000000682 462.37479188480035
7.040000000000686 446.5192850170133
7.050000000000689 438.1990566707568
7.060000000000692 438.75654846831145
7.070000000000696 447.8924403611799
7.080000000000699 463.3489083415865
7.090000000000702 478.89580899324125
7.100000000000706 485.23859295068473
7.110000000000709 477.0752941648388
7.120000000000712 459.6555311648843
7.130000000000716 443.14226390979644
7.140000000000719 433.80922721768036
7.1500000000007224 433.53427210274026
7.160000000000726 442.5151214094909
7.170000000000729 459.0909197265219
7.1800000000007325 477.4643163467374
7.190000000000736 487.82814248586334
7.200000000000739 483.05644566243956
7.2100000000007425 466.8951999268867
7.220000000000746 449.8705099203551
7.230000000000749 439.438035589465
7.2400000000007525 437.7950718311567
7.250000000000756 444.9033376375791
7.260000000000759 459.2020655640728
7.2700000000007625 475.54081525649656
7.280000000000766 484.977052017808
7.290000000000769 480.3289454116679
7.3000000000007725 464.24486977686723
7.310000000000776 446.7027093973304
7.320000000000779 435.30032791229496
7.330000000000783 432.73157879870854
7.340000000000786 439.46777288087594
7.350000000000789 454.51376947835115
7.360000000000793 473.25294454264963
7.370000000000796 486.5462614398034
7.380000000000799 485.64079516131295
7.390000000000803 471.3842816360411
7.400000000000806 453.6529390007512
7.410000000000809 441.22207867594
7.420000000000813 437.37330958923735
7.430000000000816 442.3719699703438
7.440000000000819 455.2017055596452
7.450000000000823 471.75883837165213
7.460000000000826 483.7978022849439
7.470000000000829 482.8416044113833
7.480000000000833 468.7646184425036
7.490000000000836 450.66531951503475
7.500000000000839 437.34067982861575
7.510000000000843 432.50248696358324
7.520000000000846 436.9468825064288
7.530000000000849 450.1875483871322
7.540000000000853 468.7117804055324
7.550000000000856 484.3414112122933
7.560000000000859 487.3565262298427
7.570000000000863 475.6727049548169
7.580000000000866 457.7901942098118
7.590000000000869 443.54410522906085
7.600000000000873 437.49476237125936
7.610000000000876 440.33484742431335
7.620000000000879 451.45185879238716
7.630000000000883 467.70702935833026
7.640000000000886 481.7783412315753
7.650000000000889 484.49815715869966
7.660000000000893 473.04641148997644
7.670000000000896 454.9493914571477
7.680000000000899 439.91353237265133
7.690000000000903 432.84419282307664
7.700000000000906 434.9789278683533
7.7100000000009095 446.2095665973854
7.720000000000913 464.0072128026884
7.730000000000916 481.32430930255754
7.7400000000009195 488.11092362150873
7.750000000000923 479.5798729634483
7.760000000000926 462.18069567727036
7.7700000000009295 446.38649799529554
7.780000000000933 438.1617011139164
7.790000000000936 438.81608875211987
7.8000000000009395 448.0382902195456
7.810000000000943 463.5362090878811
7.820000000000946 479.0324159589215
7.8300000000009495 485.22717330480265
7.840000000000953 476.91432433706063
7.850000000000956 459.4505454549801
7.8600000000009596 442.99167150774485
7.870000000000963 433.7520763313809
7.880000000000966 433.57846892339455
7.89000000000097 442.6568950724102
7.900000000000973 459.293515898313
7.910000000000976 477.6379404554943
7.92000000000098 487.86208147653093
7.930000000000983 482.925870400112
7.940000000000986 466.69773683060345
7.95000000000099 449.7161732446218
7.960000000000993 439.3753583340856
7.970000000000996 437.8297861792426
7.980000000001 445.0290955153256
7.990000000001003 459.3848965371808
8.000000000001005 475.69957543845567
8.010000000001 485.0073638048103
8.020000000000994 480.19800622256383
8.030000000000989 464.0401704534292
8.040000000000983 446.53381849419424
8.050000000000978 435.2196603137097
8.060000000000972 432.7513713198664
8.070000000000967 439.5878667611605
8.080000000000961 454.7081934154154
8.090000000000956 473.4449491472643
8.10000000000095 486.6224010024051
8.110000000000944 485.5451792107428
8.120000000000939 471.1911119197378
8.130000000000933 453.48034720953524
8.140000000000928 441.1345965932169
8.150000000000922 437.38324309900156
8.160000000000917 442.47598060570635
8.170000000000911 455.37543903798274
8.180000000000906 471.93327048327774
8.1900000000009 483.86785630407127
8.200000000000895 482.7468594628561
8.210000000000889 468.5672655719662
8.220000000000883 450.48105427875714
8.230000000000878 437.23693981475157
8.240000000000872 432.49787498385126
8.250000000000867 437.04386359621765
8.260000000000861 450.36928538777966
8.270000000000856 468.91506361629064
8.28000000000085 484.45618020129206
8.290000000000845 487.3012232177078
8.30000000000084 475.49169721218817
8.310000000000834 457.60337859141185
8.320000000000828 443.43257400365894
8.330000000000823 437.4800836427695
8.340000000000817 440.4159968493566
8.350000000000811 451.61239755552174
8.360000000000806 467.8902395402025
8.3700000000008 481.8836934492452
8.380000000000795 484.4435584867979
8.39000000000079 472.8637948893477
8.400000000000784 454.75353546995933
8.410000000000778 439.7874197328099
8.420000000000773 432.81515559134857
8.430000000000767 435.05175552630527
8.440000000000762 446.37465809750586
8.450000000000756 464.21460556910404
8.46000000000075 481.47206729750997
8.470000000000745 488.0990446579973
8.48000000000074 479.4191468375048
8.490000000000734 461.9847766935119
8.500000000000728 446.2521149138357
8.510000000000723 438.12243763348647
8.520000000000717 438.8735943583684
8.530000000000712 448.18218987352714
8.540000000000706 463.7216391441128
8.5500000000007 479.16724508040164
8.560000000000695 485.21466506967977
8.57000000000069 476.75402495200876
8.580000000000684 459.2480517970369
8.590000000000678 442.84448275453906
8.600000000000673 433.6986816074574
8.610000000000667 433.62655935904195
8.620000000000662 442.80223668897264
8.630000000000656 459.498475314423
8.64000000000065 477.81186119020504
8.650000000000645 487.8943627797646
8.66000000000064 482.793212623364
8.670000000000634 466.49889086694617
8.680000000000629 449.56088730937677
8.690000000000623 439.3115880396033
8.700000000000617 437.8632456035759
8.710000000000612 445.15367869468275
8.720000000000606 459.56663645491795
8.7300000000006 475.8571675280542
8.740000000000595 485.0366409686168
8.75000000000059 480.0671095995408
8.760000000000584 463.8371131669931
8.770000000000579 446.36761563235734
8.780000000000573 435.1421397359692
8.790000000000568 432.7744990284708
8.800000000000562 439.7111644074839
8.810000000000556 454.90498604287336
8.820000000000551 473.6375991590733
8.830000000000545 486.69719162526104
8.84000000000054 485.44745740831877
8.850000000000534 470.996503389996
8.860000000000529 453.30705568336754
8.870000000000523 441.0465641967705
8.880000000000518 437.39251450334996
8.890000000000512 442.5793266581117
8.900000000000507 455.5484430449011
8.910000000000501 472.10664677880067
8.920000000000496 483.9365240842504
8.93000000000049 482.65131324991347
8.940000000000484 468.3706415010097
8.950000000000479 450.29877269302364
8.960000000000473 437.13576379967543
8.970000000000468 432.4960467580545
8.980000000000462 437.1435867741774
8.990000000000457 450.5531383633736
9.000000000000451 469.11900457950264
9.010000000000446 484.569693519234
9.02000000000044 487.24371540103743
9.030000000000435 475.3091418621793
9.040000000000429 457.4159937366682
9.050000000000423 443.3208331466296
9.060000000000418 437.4651157089675
9.070000000000412 440.49680341488306
9.080000000000407 451.7724582436416
9.090000000000401 468.07253665893546
9.100000000000396 481.9875426486362
9.11000000000039 484.3876229050936
9.120000000000385 472.6812020380018
9.13000000000038 454.5591119428649
9.140000000000374 439.66343106021026
9.150000000000368 432.78847505882436
9.160000000000363 435.1269531248654
9.170000000000357 446.54168171984867
9.180000000000351 464.42273660208264
9.190000000000346 481.61878848658336
9.20000000000034 488.0849817237787
9.210000000000335 479.25674128450214
9.22000000000033 461.78831680410525
9.230000000000324 446.1177664887178
9.240000000000318 438.08320562920585
9.250000000000313 438.9310549208796
9.260000000000307 448.3258944417876
9.270000000000302 463.90640608434535
9.280000000000296 479.30066023656383
9.29000000000029 485.20051799858703
9.300000000000285 476.59316670533866
9.31000000000028 459.04650083512945
9.320000000000274 442.6990681072548
9.330000000000268 433.64733259700745
9.340000000000263 433.6767446653072
9.350000000000257 442.9493924983318
9.360000000000252 459.7043054852857
9.370000000000246 477.98505282812056
9.38000000000024 487.9245975006107
9.390000000000235 482.65875208771484
9.40000000000023 466.2994468233068
9.410000000000224 449.40578204014855
9.420000000000218 439.24810867716144
9.430000000000213 437.8969238246491
9.440000000000207 445.2783609160717
9.450000000000202 459.74804550054
9.460000000000196 476.0136180587201
9.47000000000019 485.0642058069892
9.480000000000185 479.9351855276147
9.49000000000018 463.6345187614475
9.500000000000174 446.2028648543648
9.510000000000169 435.0664173314126
9.520000000000163 432.79950975575144
9.530000000000157 439.83620207364436
9.540000000000152 455.1028143223047
9.550000000000146 473.82988792480506
9.56000000000014 486.77017349029916
9.570000000000135 485.3478121699285
9.58000000000013 470.8011272880694
9.590000000000124 453.13397031451
9.600000000000119 440.9590008294091
9.610000000000113 437.4022059171926
9.620000000000108 442.68301250112916
9.630000000000102 455.7214271327525
9.640000000000096 472.27920902199406
9.650000000000091 484.00355878946203
9.660000000000085 482.5543860141421
9.67000000000008 468.17400829685363
9.680000000000074 450.11762922721107
9.690000000000069 437.03617610609615
9.700000000000063 432.49591876664107
9.710000000000058 437.2449599795132
9.720000000000052 450.73814044130364
9.730000000000047 469.3229136262242
9.740000000000041 484.68168711048867
9.750000000000036 487.18421167516146
9.76000000000003 475.1255925604921
9.770000000000024 457.2287530792263
9.780000000000019 443.2096762470772
9.790000000000013 437.45072325754074
9.800000000000008 440.5781296640222
9.810000000000002 451.93275477056176
9.819999999999997 468.25433650248766
9.829999999999991 482.0899292466989
9.839999999999986 484.33006510848406
9.84999999999998 472.498143013985
9.859999999999975 454.3655050864765
9.869999999999969 439.5408465901342
9.879999999999963 432.7633492716013
9.889999999999958 435.2037104033616
9.899999999999952 446.70992584969883
9.909999999999947 464.6311115637724
9.919999999999941 481.7642950085079
9.929999999999936 488.0689006103791
9.93999999999993 479.09307437616053
9.949999999999925 461.5918528851393
9.95999999999992 445.98404944058586
9.969999999999914 438.04466876098047
9.979999999999908 438.9891685209456
9.989999999999903 448.470039739814
9.999999999999897 464.0909648809362
10.009999999999891 479.43284275869127
10.019999999999886 485.1846209570172
10.02999999999988 476.4314171951379
10.039999999999875 458.8454271159742
10.04999999999987 442.55487918547897
10.059999999999864 433.59741889774233
10.069999999999858 433.72840222017453
10.079999999999853 443.0978090163974
10.089999999999847 459.91061195229724
10.099999999999842 478.15735176095575
10.109999999999836 487.9528726151775
10.11999999999983 482.5227662429918
10.129999999999825 466.09978200912906
10.13999999999982 449.25129046924394
10.149999999999814 439.18541215637515
10.159999999999808 437.9313535863548
10.169999999999803 445.40364801553085
10.179999999999797 459.929510275899
10.189999999999792 476.16911305567356
10.199999999999786 485.0900140736374
10.20999999999978 479.8020020958728
10.219999999999775 463.4320393170803
10.22999999999977 446.03915219334283
10.239999999999764 434.99202871603893
10.249999999999758 432.8259134616099
10.259999999999753 439.9625187472923
10.269999999999747 455.30131433061933
10.279999999999742 474.02161185817874
10.289999999999736 486.84134181707435
10.29999999999973 485.2464154716753
10.309999999999725 470.6052585888128
10.31999999999972 452.9614170162245
10.329999999999714 440.8722768048739
10.339999999999709 437.41272272895685
10.349999999999703 442.7874300289265
10.359999999999697 455.8946991024087
10.369999999999692 472.4511141776143
10.379999999999686 484.0689400504455
10.38999999999968 482.4559127507562
10.399999999999675 467.9771109351304
10.40999999999967 449.93731581477454
10.419999999999664 436.9378289263723
10.429999999999659 432.4971152774407
10.439999999999653 437.34761299386537
10.449999999999648 450.9239739816604
10.459999999999642 469.5265759350668
10.469999999999636 484.7920919862765
10.479999999999631 487.1227983897046
10.489999999999625 474.9412426064404
10.49999999999962 457.0419002308161
10.509999999999614 443.099380267274
10.519999999999609 437.4372138957181
10.529999999999603 440.6602823420715
10.539999999999598 452.09353756250135
10.549999999999592 468.43577792518147
10.559999999999587 482.1908545618809
10.569999999999581 484.2707724792346
10.579999999999576 472.31443550788185
10.58999999999957 454.1724884028598
10.599999999999564 439.4194053861188
10.609999999999559 432.7394899511928
10.619999999999553 435.28173463378437
10.629999999999548 446.87912636411636
10.639999999999542 464.8395339022905
10.649999999999537 481.908496594626
10.659999999999531 488.05083989296025
10.669999999999526 478.9282857686803
10.67999999999952 461.39557178033425
10.689999999999515 445.85117328014786
10.699999999999509 438.0070595618447
10.709999999999503 439.0481753354703
10.719999999999498 448.6148334971349
10.729999999999492 464.2754460045689
10.739999999999487 479.56381912878874
10.749999999999481 485.16690796540865
10.759999999999476 476.26865150899164
10.76999999999947 458.64466642893797
10.779999999999465 442.4117214500269
10.78999999999946 433.54872124212073
10.799999999999454 433.78130407212734
10.809999999999448 443.2472734493497
10.819999999999443 460.11722630630925
10.829999999999437 478.32866507630933
10.839999999999431 487.9791966554196
10.849999999999426 482.38535391053665
10.85999999999942 465.9000399481284
10.869999999999415 449.09757274374965
10.87999999999941 439.1236748237058
10.889999999999404 437.9667222793872
10.899999999999398 445.5297107133256
10.909999999999393 460.1111493876514
10.919999999999387 476.323693432581
10.929999999999382 485.11403238304405
10.939999999999376 479.6674769639654
10.94999999999937 463.22955851090944
10.959999999999365 445.87633405198886
10.96999999999936 434.91880847081194
10.979999999999354 432.853534128848
10.989999999999348 440.089944985362
10.999999999999343 455.50034461333445
11.009999999999337 474.21268162581134
11.019999999999332 486.91068428867203
11.029999999999326 485.1433339467002
11.03999999999932 470.4090074596788
11.049999999999315 452.78951939628
11.05999999999931 440.7865261797613
11.069999999999304 437.42421030336254
11.079999999999298 442.89271796612326
11.089999999999293 456.06836327396246
11.099999999999287 472.62240884119575
11.109999999999282 484.13265463658183
11.119999999999276 482.355839903043
11.12999999999927 467.77986814140786
11.139999999999265 449.75772692648184
11.14999999999926 436.840597660542
11.159999999999254 432.49950069153624
11.169999999999249 437.45141159890073
11.179999999999243 451.11052105191766
11.189999999999237 469.7299079524358
11.199999999999232 484.90088065988067
11.209999999999226 487.0595154286177
11.21999999999922 474.7561753756148
11.229999999999215 456.85553124041644
11.23999999999921 442.9900471589442
11.249999999999204 437.42469888736207
11.259999999999199 440.74337194132835
11.269999999999193 452.25489475518697
11.279999999999188 468.61690644560326
11.289999999999182 482.29031643948076
11.299999999999176 484.2097106658779
11.309999999999171 472.13002464593944
11.319999999999165 453.97998611900573
11.32999999999916 439.2990144196498
11.339999999999154 432.71679302312816
11.349999999999149 435.36091997428645
11.359999999999143 447.04918569086203
11.369999999999138 465.04792749287617
11.379999999999132 482.05135626992313
11.389999999999127 488.03081847903616
11.399999999999121 478.7624379269
11.409999999999116 461.1995495235551
11.41999999999911 445.7192167048692
11.429999999999104 437.97046296112836
11.439999999999099 439.108162644992
11.449999999999093 448.76034885433984
11.459999999999088 464.4598912495776
11.469999999999082 479.6935929720092
11.479999999999077 485.14735680764824
11.489999999999071 476.10483382483244
11.499999999999066 458.44416628170336
11.50999999999906 442.26952648553515
11.519999999999055 433.50116041723146
11.529999999999049 433.8353675829723
11.539999999999043 443.3977063408625
11.549999999999038 460.32408128883566
11.559999999999032 478.4989512155087
11.569999999999027 488.00357227639813
11.579999999999021 482.24656045239806
11.589999999999016 465.70028181180993
11.59999999999901 448.94469075423297
11.609999999999005 439.06296143312034
11.619999999999 438.0030982303693
11.629999999998994 445.65660894634124
11.639999999998988 460.29299992374365
11.649999999998983 476.4773656640165
11.659999999998977 485.1362458777947
11.669999999998971 479.531587317404
11.679999999998966 463.0270418512579
11.68999999999896 445.7143611038934
11.699999999998955 434.84669662574146
11.70999999999895 432.8823075166024
11.719999999998944 440.21841693108433
11.729999999998938 455.69984734133106
11.739999999998933 474.40305506961323
11.749999999998927 486.97819169657595
11.759999999998922 485.03859852327014
11.769999999998916 470.21242355402234
11.77999999999891 452.61832719126704
11.789999999998905 440.70179851189
11.7999999999989 437.4367215759496
11.809999999998894 442.99892501413547
11.819999999998888 456.24245195814524
11.829999999998883 472.7931008662113
11.839999999998877 484.19469211868477
11.849999999998872 482.2541529835274
11.859999999998866 467.5822591784661
11.86999999999886 449.57882844461125
11.879999999998855 436.7444376023568
11.88999999999885 432.5030254719897
11.899999999998844 437.55630528970613
11.909999999998838 451.29773323695065
11.919999999998833 469.9328697703473
11.929999999998827 485.008036080414
11.939999999998822 486.9943816612207
11.949999999998816 474.5704315241844
11.95999999999881 456.66968746250376
11.969999999998805 442.8817156430964
11.9799999999988 437.41321901272005
11.989999999998794 440.8274377844703
11.999999999998789 452.4168540460461
12.009999999998783 468.79773028517155
12.019999999998777 482.388306895979
12.029999999998772 484.14686981644365
12.039999999998766 471.9448996631001
12.04999999999876 453.78797630623706
12.059999999998755 439.1796410802288
12.06999999999875 432.69522046757874
12.079999999998744 435.44122686172426
12.089999999998739 447.220063992948
12.099999999998733 465.2562560236045
12.109999999998728 482.1928520522541
12.119999999998722 488.00884470806363
12.129999999998716 478.59556357614304
12.139999999998711 461.0038214113785
12.149999999998705 445.5882107239644
12.1599999999987 437.9349100868219
12.169999999998694 439.1691618017354
12.179999999998689 448.9066090905239
12.189999999998683 464.6443084440239
12.199999999998678 479.8221574360531
12.209999999998672 485.12595942196975
12.219999999998667 475.93995984307753
12.229999999998661 458.24391450022347
12.239999999998656 442.1282713796199
12.24999999999865 433.45470746696384
12.259999999998644 433.8905620041854
12.269999999998639 443.5490754681755
12.279999999998633 460.5311449080038
12.289999999998628 478.6681858098904
12.299999999998622 488.02599899074073
12.309999999998617 482.10641132879886
12.319999999998611 465.5005386462785
12.329999999998606 448.7926704693853
12.3399999999986 439.003295917297
12.349999999998595 438.0405062662411
12.359999999998589 445.7843622048276
12.369999999998583 460.4750691616244
12.379999999998578 476.63012365895213
12.389999999998572 485.1566467402686
12.399999999998567 479.39433253233005
12.409999999998561 462.824485101904
12.419999999998556 445.5532186117352
12.42999999999855 434.7756716875387
12.439999999998545 432.9122100641338
12.44999999999854 440.3479091662579
12.459999999998534 455.8997952820181
12.469999999998528 474.5927076266339
12.479999999998522 487.0438566551113
12.489999999998517 484.93222776351723
12.499999999998511 470.0155348171189
12.509999999998506 452.4478633708949
12.5199999999985 440.61811270591284
12.529999999998495 437.4502760638597
12.53999999999849 443.1060674661183
12.549999999998484 456.4169717921963
12.559999999998478 472.9631847517614
12.569999999998473 484.25504398716566
12.579999999998467 482.1508524920751
12.589999999998462 467.3842857427
12.599999999998456 449.40061243700774
12.60999999999845 436.64933328475956
12.619999999998445 432.50767158363703
12.62999999999844 437.66227428007295
12.639999999998434 451.48558781245345
12.649999999998428 470.13543791401605
12.659999999998423 485.11354561691894
12.669999999998417 486.92740869742727
12.679999999998412 474.3840361213304
12.689999999998406 456.4843901309008
12.6999999999984 442.77440127143336
12.709999999998395 437.4027893798341
12.71999999999839 440.91249339006447
12.729999999998384 452.57942137909004
12.739999999998378 468.9782445237015
12.749999999998373 482.48481646558173
12.759999999998367 484.08224964868555
12.769999999998362 471.75906625240816
12.779999999998356 453.5964568969623
12.78999999999835 439.0612750360624
12.799999999998345 432.674758642544
12.80999999999834 435.5226402060121
12.819999999998334 447.39174283797126
12.829999999998329 465.46449813808954
12.839999999998323 482.3329679587372
12.849999999998317 487.9849235408178
12.859999999998312 478.4276848011767
12.869999999998306 460.80840794319374
12.8799999999983 445.458169080842
12.889999999998295 437.90041266936595
12.89999999999829 439.23118402154836
12.909999999998284 449.053619595304
12.919999999998279 464.82869338284246
12.929999999998273 479.94950233790036
12.939999999998268 485.1027135104366
12.949999999998262 475.77403726165295
12.959999999998256 458.0439140085331
12.969999999998251 441.987950237697
12.979999999998245 433.40935222213903
12.98999999999824 433.9468759311659
12.999999999998234 443.70136618905036
13.009999999998229 460.73839833194455
13.019999999998223 478.8363510542713
13.029999999998218 488.0464754751527
13.039999999998212 481.96492492022185
13.049999999998207 465.3008305632029
13.059999999998201 448.64152481361214
13.069999999998196 438.9446874194084
13.07999999999819 438.07895543515167
13.089999999998184 445.91297525278685
13.099999999998179 460.6573534993654
13.109999999998173 476.781956782239
13.119999999998168 485.1752298963596
13.129999999998162 479.2557202592137
13.139999999998157 462.6218951410785
13.149999999998151 445.3929045244613
13.159999999998146 434.70572626863986
13.16999999999814 432.94323307978556
13.179999999998135 440.47841023414594
13.189999999998129 456.1001722100785
13.199999999998123 474.7816209586841
13.209999999998118 487.10767229172944
13.219999999998112 484.82423551912825
13.229999999998107 469.8183609531915
13.239999999998101 452.27814080010467
13.249999999998096 440.5354761809698
13.25999999999809 437.4648807885384
13.269999999998085 443.2141494643914
13.27999999999808 456.5919197202771
13.289999999998074 473.13264985479583
13.299999999998068 484.313702312051
13.309999999998062 482.045944336308
13.319999999998057 467.1859575756572
13.329999999998051 449.2230803695297
13.339999999998046 436.5552797757699
13.34999999999804 432.5134323535717
13.359999999998035 437.7693097920416
13.36999999999803 451.67407116342844
13.379999999998024 470.3375946087295
13.389999999998018 485.2173980064075
13.399999999998013 486.8586052340214
13.409999999998007 474.1970081304943
13.419999999998002 456.2996526509732
13.429999999997996 442.66811066430915
13.43999999999799 437.39341527073805
13.449999999997985 440.99854237811627
13.45999999999798 452.7425942847396
13.469999999997974 469.15843901065944
13.479999999997968 482.57983483527966
13.489999999997963 484.0158531428716
13.499999999997957 471.5725357865205
13.509999999997952 453.4054326804699
13.519999999997946 438.9439137117332
13.52999999999794 432.65540243437556
13.539999999997935 435.6051534303834
13.54999999999793 447.56421112278866
13.559999999997924 465.6726374063556
13.569999999997918 482.47168969025415
13.579999999997913 487.95905821304154
13.589999999997907 478.25881914996734
13.599999999997902 460.6133234593179
13.609999999997896 445.32909845561323
13.61999999999789 437.8669746391879
13.629999999997885 439.29423245354246
13.63999999999788 449.2013785200177
13.649999999997874 465.0130368115395
13.659999999997869 480.0756157537291
13.669999999997863 485.07761849460036
13.679999999997857 475.6070777329173
13.689999999997852 457.84417274813507
13.699999999997846 441.84856292645054
13.70999999999784 433.3650909781138
13.719999999997835 434.0043046284941
13.72999999999783 443.85456986502203
13.739999999997824 460.94582710230844
13.749999999997819 479.00343114871487
13.759999999997813 488.06499977767083
13.769999999997808 481.8221165996694
13.779999999997802 465.101173137955
13.789999999997796 448.49126140634297
13.799999999997791 438.8871392034979
13.809999999997785 438.1184485721505
13.81999999999778 446.0424470438807
13.829999999997774 460.83984498830495
13.839999999997769 476.93285249558454
13.849999999997763 485.1919911950355
13.859999999997758 479.11576110100225
13.869999999997752 462.4192827603292
13.879999999997747 445.233421310945
13.889999999997741 434.6368580884761
13.899999999997736 432.97537328920566
13.90999999999773 440.6099137529272
13.919999999997724 456.3009658905866
13.929999999997719 474.9697790095149
13.939999999997713 487.1696320301869
13.949999999997708 484.7146339903072
13.959999999997702 469.62091859135825
13.969999999997697 452.1091685731266
13.979999999997691 440.4538921422299
13.989999999997686 437.4805382508261
13.99999999999768 443.3231707723708
14.009999999997675 456.76728924205594
14.019999999997669 473.3014838418459
14.029999999997663 484.3706597342611
14.039999999997658 481.93943681416
14.049999999997652 466.98728767737765
14.059999999997647 449.04623745765804
14.069999999997641 436.46227637023355
14.079999999997636 432.5203056797238
14.08999999999763 437.8774074837077
14.099999999997625 451.86317340591745
14.10999999999762 470.5393245907603
14.119999999997614 485.3195830233469
14.129999999997608 486.7879794699603
14.139999999997602 474.0093647265715
14.149999999997597 456.1154859689776
14.159999999997591 442.5628476197289
14.169999999997586 437.3850988667273
14.17999999999758 441.0855852382338
14.189999999997575 452.9063677111146
14.19999999999757 469.3383022364816
14.209999999997564 482.67335208103805
14.219999999997558 483.94768526036967
14.229999999997553 471.38532240233764
14.239999999997547 453.21491159334875
14.249999999997542 438.82755805073447
14.259999999997536 432.6371505788236
14.26999999999753 435.68876379622884
14.279999999997525 447.7374611362162
14.28999999999752 465.880659922196
14.299999999997514 482.6090043793818
14.309999999997508 487.93125220942363
14.319999999997503 478.0889832821085
14.329999999997497 460.41858072822384
14.339999999997492 445.20100363673794
14.349999999997486 437.83459779894565
14.35999999999748 439.3583079895801
14.369999999997475 449.34988203595293
14.37999999999747 465.19732829996195
14.389999999997464 480.20048587073916
14.399999999997458 485.0506752412525
14.409999999997453 475.43909506031986
14.419999999997447 457.644701087163
14.429999999997442 441.71011200239883
14.439999999997436 433.3219229824673
14.44999999999743 434.0628463524364
14.459999999997425 444.0086805426536
14.46999999999742 461.1534188153556
14.479999999997414 479.1694115230031
14.489999999997409 488.0815702890351
14.499999999997403 481.67800111582767
14.509999999997397 464.9015806297459
14.519999999997392 448.3418862463337
14.529999999997386 438.83065271126156
14.53999999999738 438.15898653771836
14.549999999997375 446.17277465810287
14.55999999999737 461.02253431128537
14.569999999997364 477.0827978287623
14.579999999997359 485.20692717922964
14.589999999997353 478.9744670287995
14.599999999997348 462.216660326446
14.609999999997342 445.07477321599123
14.619999999997336 434.5690668748765
14.629999999997331 433.0086295212542
14.639999999997325 440.7424152620647
14.64999999999732 456.50216556643335
14.659999999997314 475.1571665779236
14.669999999997309 487.229729493181
14.679999999997303 484.603434801084
14.689999999997298 469.4232231073054
14.699999999997292 451.9409542207944
14.709999999997287 440.3733620635502
14.719999999997281 437.4972490792127
14.729999999997275 443.4331292660819
14.73999999999727 456.9430722736837
14.749999999997264 473.46967345702103
14.759999999997259 484.4259088813287
14.769999999997253 481.8313388495018
14.779999999997248 466.78828983134156
14.789999999997242 448.8700898298288
14.799999999997237 436.3703234601203
14.809999999997231 432.5282906721216
14.819999999997226 437.9865641228806
14.82999999999722 452.0528854582732
14.839999999997215 470.7406129366663
14.849999999997209 485.42009031019705
14.859999999997203 486.7155388983351
14.869999999997198 473.82112174580215
14.879999999997192 455.93189936731454
14.889999999997187 442.4586141426126
14.899999999997181 437.3778404644051
14.909999999997176 441.17362052094916
14.91999999999717 453.0707348448465
14.929999999997165 469.51782138241344
14.939999999997159 482.76535769243986
14.949999999997154 483.8777509932583
14.959999999997148 471.19744043421963
14.969999999997142 453.0249018456648
14.979999999997137 438.7122094251417
14.989999999997131 432.6200023722119
14.999999999997126 435.7734690915569
15.00999999999712 447.9114854953875
15.019999999997115 466.08855178784455
15.02999999999711 482.74489885218134
15.039999999997104 487.90150834018175
15.049999999997098 477.91819265304815
15.059999999997093 460.2241909969076
15.069999999997087 445.07388780239137
15.079999999997082 437.8032823075902
15.089999999997076 439.42340984055136
15.09999999999707 449.4991247390064
15.109999999997065 465.3815561684505
15.11999999999706 480.32410022328554
15.129999999997054 485.0218845809896
15.139999999997048 475.2701032241014
15.149999999997043 457.4455096131067
15.159999999997037 441.57260038745557
15.169999999997032 433.2798480098289
15.179999999997026 434.12249991968986
15.18999999999702 444.16369272145397
15.199999999997015 461.36116130508685
15.20999999999701 479.33427763377495
15.219999999997004 488.09618522181603
15.229999999996998 481.5325926322698
15.239999999996993 464.70206637917295
15.249999999996987 448.193404328778
15.259999999996982 438.77522838767004
15.269999999996976 438.20056917696974
15.27999999999697 446.303954209381
15.289999999996965 461.20541141036495
15.29999999999696 477.2317795116031
15.309999999996954 485.22003463871386
15.319999999996949 478.8318504973537
15.329999999996943 462.01404068012323
15.339999999996937 444.916965056205
15.349999999996932 434.5023530659179
15.359999999996926 433.04300136803846
15.36999999999692 440.87591098808696
15.379999999996915 456.7037610134656
15.38999999999691 475.3437688460084
15.399999999996904 487.28795859519715
15.409999999996899 484.4906495882254
15.419999999996893 469.22528954206217
15.429999999996888 451.7735048367503
15.439999999996882 440.2938869996777
15.449999999996876 437.5150134790065
15.459999999996871 443.544022399895
15.469999999996865 457.11926044117627
15.47999999999686 473.63720546026826
15.489999999996854 484.4794428692905
15.499999999996849 481.72166011765444
15.509999999996843 466.58897853624046
15.519999999996838 448.6946443734215
15.529999999996832 436.27942231414465
15.539999999996827 432.53738739446857
15.549999999996821 438.09677737565784
15.559999999996815 452.2431990204671
15.56999999999681 470.9414453829848
15.579999999996804 485.51891013518355
15.589999999996799 486.6412914774991
15.599999999996793 473.63229515701414
15.609999999996788 455.7489021237019
15.619999999996782 442.35541223813567
15.629999999996777 437.3716403730065
15.639999999996771 441.2626467668173
15.649999999996766 453.2356889306236
15.65999999999676 469.6969838978966
15.669999999996755 482.8558418220171
15.679999999996749 483.8060562904494
15.689999999996743 471.00890513052417
15.699999999996738 452.8354125447597
15.709999999996732 438.59787020445526
15.719999999996727 432.60395819951526
15.729999999996721 435.8592681578752
15.739999999996716 448.0862777742082
15.74999999999671 466.2962999521063
15.759999999996705 482.8793607577839
15.769999999996699 487.86983017207496
15.779999999996694 477.74646316751273
15.789999999996688 460.03016575164696
15.799999999996682 444.9477543353303
15.809999999996677 437.7730285439669
15.819999999996671 439.4895373856294
15.829999999996666 449.64910139136924
15.83999999999666 465.5657090095065
15.849999999996655 480.4464468815743
15.85999999999665 484.9912481459198
15.869999999996644 475.10011695473645
15.879999999996638 457.2466095582579
15.889999999996633 441.43603169674844
15.899999999996627 433.23886660021464
15.909999999996622 434.1832648935534
15.919999999996616 444.31960155343705
15.92999999999661 461.56904295451056
15.939999999996605 479.4980154582746
15.9499999999966 488.1088433134008
15.959999999996594 481.3859055917246
15.969999999996588 464.5026437528139
15.979999999996583 448.04582061952425
15.989999999996577 438.7208666621936
15.999999999996572 438.2431962737242
16.009999999996584 446.4359817108345
16.019999999996596 461.3884661744211
16.02999999999661 477.37978441945273
16.03999999999662 485.2313107917819
16.049999999996633 478.6879244013247
16.059999999996645 461.8114369607436
16.069999999996657 444.76000196673544
16.07999999999667 434.43671749459736
16.08999999999668 433.07848883338494
16.099999999996694 441.0103975011765
16.109999999996706 456.9057422717379
16.11999999999672 475.52957123057644
16.12999999999673 487.34431353830314
16.139999999996743 484.37629012017936
16.149999999996755 469.0271327933773
16.159999999996767 451.6068272842126
16.16999999999678 440.21546778645757
16.17999999999679 437.5338314290981
16.189999999996804 443.65584735882396
16.199999999996816 457.29584512366165
16.20999999999683 473.8040665032104
16.21999999999684 484.53125497063195
16.229999999996853 481.6104105328333
16.239999999996865 466.38936836975523
16.249999999996877 448.519908035306
16.25999999999689 436.1895743334752
16.2699999999969 432.547596084079
16.279999999996914 438.2080450420327
16.289999999996926 452.43410586597497
16.29999999999694 471.1418077123561
16.30999999999695 485.61603289777275
16.319999999996963 486.56524524341506
16.329999999996975 473.4429007361411
16.339999999996987 455.5665032013228
16.349999999997 442.2532436093121
16.35999999999701 437.36649862600325
16.369999999997024 441.3526621845984
16.379999999997036 453.4012228682157
16.38999999999705 469.8757769598398
16.39999999999706 482.9447945656627
16.409999999997073 483.73260716728544
16.419999999997085 470.819731645929
16.429999999997097 452.646452623436
16.43999999999711 438.4845426293715
16.44999999999712 432.5890183589161
16.459999999997134 435.94615971213545
16.469999999997146 448.26183135418506
16.47999999999716 466.50389112608474
16.48999999999717 483.01237758345707
16.499999999997183 487.8362211369975
16.509999999997195 477.5738103538592
16.519999999997207 459.8365159403094
16.52999999999722 444.82260607956204
16.53999999999723 437.74383638437934
16.549999999997244 439.5566894640217
16.559999999997256 449.7998061965953
16.56999999999727 465.7497749058085
16.57999999999728 480.56751360432156
16.589999999997293 484.95876745226377
16.599999999997305 474.92915077254975
16.609999999997317 457.04801182914923
16.61999999999733 441.30040926694994
16.62999999999734 433.19897907450644
16.639999999997354 434.24514059774725
16.649999999997366 444.4764018970706
16.65999999999738 461.77705181587004
16.66999999999739 479.66061071435735
16.679999999997403 488.1195431471123
16.689999999997415 481.23795411826075
16.699999999997427 464.3033256026411
16.70999999999744 447.8991395550691
16.71999999999745 438.6675674976051
16.729999999997464 438.28686715015056
16.739999999997476 446.56885269108886
16.74999999999749 461.5716880329934
16.7599999999975 477.5267991047475
16.769999999997513 485.2407527348502
16.779999999997525 478.5427014696218
16.789999999997537 461.6088619813773
16.79999999999755 444.6038887758377
16.80999999999756 434.3721607477474
16.819999999997574 433.11509167663144
16.829999999997586 441.14587107331715
16.839999999997598 457.1080990403302
16.84999999999761 475.71455885409995
16.859999999997623 487.39878837867815
16.869999999997635 484.26036794235705
16.879999999997647 468.82876731841316
16.88999999999766 451.4409279493861
16.89999999999767 440.13810484606785
16.909999999997684 437.553702515516
16.919999999997696 443.7686008896154
16.929999999997708 457.47281726002035
16.93999999999772 473.9702428850308
16.949999999997733 484.58133830779707
16.959999999997745 481.4975998795035
16.969999999997757 466.18947359898056
16.97999999999777 448.3458874268415
16.98999999999778 436.100780641713
16.999999999997794 432.55891672014
17.009999999997806 438.32036460205046
17.019999999997818 452.62559739634935
17.02999999999783 471.3416853506438
17.039999999997843 485.71144878825527
17.049999999997855 486.4874080299672
17.059999999997867 473.25295383241064
17.06999999999788 455.38471105235107
17.07999999999789 442.1521094940024
17.089999999997904 437.36241483316553
17.099999999997916 441.44366453303417
17.109999999997928 453.5673291104251
17.11999999999794 470.0541873665346
17.129999999997953 483.03220584467664
17.139999999997965 483.65740957744856
17.149999999997977 470.6299349252266
17.15999999999799 452.4580307430561
17.169999999998 438.3722287411075
17.179999999998014 432.575183013951
17.189999999998026 436.03414231640176
17.199999999998038 448.4381394379564
17.20999999999805 466.711311865429
17.219999999998063 483.14393681198874
17.229999999998075 487.80068476337294
17.239999999998087 477.40024966005063
17.2499999999981 459.643252320093
17.25999999999811 444.698445732995
17.269999999998124 437.7157056473667
17.279999999998136 439.6248648549851
17.289999999998148 449.95123329441026
17.29999999999816 465.9337419208066
17.309999999998173 480.6872883013103
17.319999999998185 484.9244443292431
17.329999999998197 474.7572193964155
17.33999999999821 456.8497274178433
17.34999999999822 441.16573656639866
17.359999999998234 433.16018595861595
17.369999999998246 434.30812656146094
17.379999999998258 444.634088784781
17.38999999999827 461.9851761150587
17.399999999998283 479.8220494010199
17.409999999998295 488.12828373116054
17.419999999998307 481.0887526256721
17.42999999999832 464.10412490549646
17.43999999999833 447.75336570346616
17.449999999998344 438.6153310532873
17.459999999998356 438.33158130954314
17.469999999998368 446.7025628272643
17.47999999999838 461.7550665706456
17.489999999998393 477.67281039828714
17.499999999998405 485.2483580299846
17.509999999998417 478.3961948347267
17.51999999999843 461.40632878408144
17.52999999999844 444.4486305427532
17.539999999998454 434.30868370686403
17.549999999998466 433.1528099627628
17.559999999998478 441.28232823739995
17.56999999999849 457.31082126022983
17.579999999998503 475.8987171461389
17.589999999998515 487.4513776442991
17.599999999998527 484.1428950104845
17.60999999999854 468.6302077842584
17.61999999999855 451.2758133944929
17.629999999998564 440.0617988360163
17.639999999998576 437.5746265845295
17.649999999998588 443.8822799737266
17.6599999999986 457.6501680230324
17.669999999998613 474.1357212289166
17.679999999998625 484.6296865266411
17.689999999998637 481.3832384847691
17.69999999999865 465.98930884789235
17.70999999999866 448.1725894882146
17.719999999998674 436.01304275596897
17.729999999998686 432.5713497155435
17.739999999998698 438.43373394234067
17.74999999999871 452.8176654002897
17.759999999998723 471.5410641525067
17.769999999998735 485.8051485967675
17.779999999998747 486.40778829319646
17.78999999999876 473.06247021640297
17.79999999999877 455.20353448592203
17.809999999998784 442.05201153165376
17.819999999998796 437.35938905361076
17.829999999998808 441.53565197500296
17.83999999999882 453.7340004861678
17.849999999998833 470.2322023332399
17.859999999998845 483.11806616242166
17.869999999998857 483.58047012343906
17.87999999999887 470.4395303646357
17.88999999999888 452.27015592481865
17.899999999998894 438.2609309775412
17.909999999998906 432.5624527531015
17.919999999998918 436.1232149147103
17.92999999999893 448.61519555672515
17.939999999998943 466.9185490480854
17.949999999998955 483.2740263864794
17.959999999998967 487.7632251281419
17.96999999999898 477.22579689160415
17.97999999999899 459.45038586981855
17.989999999999004 444.57527622191725
17.999999999999016 437.68863641215904
18.009999999999028 439.6940625377565
18.01999999999904 450.1033769674114
18.029999999999053 466.1175982507847
18.039999999999065 480.8057591299681
18.049999999999077 484.88828095796
18.05999999999909 474.58433773038365
18.0699999999991 456.651767340907
18.079999999999114 441.03201710706776
18.089999999999126 433.12248785904364
18.099999999999138 434.3722223618851
18.10999999999915 444.7926572386948
18.119999999999163 462.1934040483788
18.129999999999175 479.98231759357634
18.139999999999187 488.1350642927878
18.1499999999992 480.93831561101894
18.15999999999921 463.9050545425725
18.169999999999224 447.6085035224114
18.179999999999236 438.5641574381519
18.189999999999248 438.37733819925234
18.19999999999926 446.8371076915307
18.209999999999273 461.93859125818733
18.219999999999285 477.8178051148977
18.229999999999297 485.2541243808005
18.23999999999931 478.2484176866332
18.24999999999932 461.2038502950994
18.259999999999334 444.29423222883264
18.269999999999346 434.2462872121792
18.279999999999358 433.19164371572754
18.28999999999937 441.419765442385
18.299999999999383 457.5138987646736
18.309999999999395 476.082031505814
18.319999999999407 487.50207600819385
18.32999999999942 484.0238833612403
18.33999999999943 468.43146872251043
18.349999999999444 451.11148999972744
18.359999999999456 439.9865502789029
18.369999999999468 437.5966033491043
18.37999999999948 443.99688139619553
18.389999999999493 457.82788836756265
18.399999999999505 474.30048799181367
18.409999999999517 484.6762932628271
18.41999999999953 481.2673366427608
18.42999999999954 465.7888885003996
18.439999999999554 448.00002088319434
18.449999999999566 435.92636196351134
18.459999999999578 432.58489526543417
18.46999999999959 438.5481506751338
18.479999999999603 453.01030135144026
18.489999999999615 471.73992969509015
18.499999999999627 485.89712300916983
18.50999999999964 486.3263944042468
18.51999999999965 472.8714653517452
18.529999999999664 455.022981913091
18.539999999999676 441.9529510026961
18.549999999999688 437.3574210247146
18.5599999999997 441.62862230353596
18.569999999999713 453.9012294230271
18.579999999999725 470.40980869216327
18.589999999999737 483.2023657882852
18.59999999999975 483.5017952257767
18.60999999999976 470.24853298483265
18.619999999999774 452.0828367291669
18.629999999999786 438.1506513588212
18.639999999999798 432.5508277870579
18.64999999999981 436.2133760340606
18.659999999999823 448.7929927966119
18.669999999999835 467.12558912689576
18.679999999999847 483.4026339771845
18.68999999999986 487.72384612711016
18.69999999999987 477.0504674795553
18.709999999999884 459.25792707311217
18.719999999999896 444.45310001359394
18.729999999999908 437.6626283798196
18.73999999999992 439.7642811103545
18.749999999999932 450.25623110647894
18.759999999999945 466.3013317292347
18.769999999999957 480.92291403802267
18.77999999999997 484.85027944323656
18.78999999999998 474.4105204653821
18.799999999999994 456.4541422863858
18.810000000000006 440.8992541153949
18.820000000000018 433.0858851520525
18.83000000000003 434.4374273321539
18.840000000000042 444.95210200226836
18.850000000000055 462.4017235336728
18.860000000000067 480.14140121787983
18.87000000000008 488.1398840698271
18.88000000000009 480.78665745420375
18.890000000000104 463.70612711963514
18.900000000000116 447.4645572091915
18.910000000000128 438.5140465753239
18.92000000000014 438.42413707137104
18.930000000000152 446.9724826313094
18.940000000000165 462.1222513450306
18.950000000000177 477.961769952122
18.96000000000019 485.25804952851075
18.9700000000002 478.09938316252953
18.980000000000214 461.0014392030932
18.990000000000226 444.14069855512116
19.000000000000238 434.18497191452764
19.01000000000025 433.23159276659095
19.020000000000262 441.55817889242905
19.030000000000275 457.7173211259901
19.040000000000287 476.2644871525467
19.0500000000003 487.55087814232354
19.06000000000031 483.9033449778906
19.070000000000324 468.2325644350055
19.080000000000336 450.9479639053078
19.090000000000348 439.91235953583333
19.10000000000036 437.61963240131394
19.110000000000372 444.11240179139287
19.120000000000385 458.0059690839165
19.130000000000397 474.464529539138
19.14000000000041 484.7211522402938
19.15000000000042 481.14990473110777
19.160000000000434 465.58822683185645
19.170000000000446 447.82818814788
19.180000000000458 435.84073948845565
19.19000000000047 432.59955353560684
19.200000000000482 438.66361235678914
19.210000000000495 453.20349665598496
19.220000000000507 471.9382675393106
19.23000000000052 485.9873628764463
19.24000000000053 486.243234927057
19.250000000000544 472.67995470261434
19.260000000000556 454.8430616932149
19.270000000000568 441.8549291945577
19.28000000000058 437.35651054228913
19.290000000000592 441.7225733395236
19.300000000000605 454.06900836955873
19.310000000000617 470.58699335410165
19.32000000000063 483.2850952515154
19.33000000000064 483.42139163922565
19.340000000000654 470.0569579647788
19.350000000000666 451.89608181011243
19.360000000000678 438.0413920600937
19.37000000000069 432.5403085326143
19.380000000000702 436.3046243813674
19.390000000000715 448.97152438118775
19.400000000000727 467.3324187096131
19.41000000000074 483.52974756875665
19.42000000000075 487.6825520741291
19.430000000000764 476.8742770982259
19.440000000000776 459.0658865495483
19.450000000000788 444.33191973228384
19.4600000000008 437.63768145132946
19.470000000000812 439.8355193189626
19.480000000000825 450.40978970275444
19.490000000000837 466.48493028939953
19.50000000000085 481.038741198987
19.51000000000086 484.81044222677156
19.520000000000874 474.2357824673725
19.530000000000886 456.2568629759159
19.540000000000898 440.7674508838331
19.55000000000091 433.05037833943277
19.560000000000922 434.5037409108658
19.570000000000935 445.1124178846119
19.580000000000947 462.6101225545105
19.59000000000096 480.2992863818319
19.60000000000097 488.142742631455
19.610000000000984 480.63379273615806
19.620000000000996 463.5073552843907
19.630000000001008 447.32153100165556
19.64000000000102 438.46499849406484
19.650000000001032 438.47197727892205
19.660000000001045 447.108683054901
19.670000000001057 462.30603613443617
19.68000000000107 478.10469176450647
19.69000000000108 485.2601315317468
19.700000000001094 477.9491046294896
19.710000000001106 460.7991082632164
19.720000000001118 443.98803433095895
19.73000000000113 434.1247386170458
19.740000000001142 433.2726571130845
19.750000000001155 441.69756492782426
19.760000000001167 457.9210780449508
19.77000000000118 476.4460695266611
19.78000000000119 487.5977791291237
19.790000000001204 483.7812921980278
19.800000000001216 468.03350937351684
19.810000000001228 450.78524137013545
19.82000000000124 439.839227145795
19.830000000001252 437.64371351736264
19.840000000001265 444.22883793499875
19.850000000001277 458.1844010930189
19.86000000000129 474.6278324377105
19.8700000000013 484.76425755091697
19.880000000001314 481.03095347444406
19.890000000001326 465.3873382657779
19.900000000001338 447.65709792702097
19.91000000000135 435.75617670819986
19.920000000001362 432.61532485778355
19.930000000001375 438.7801166486461
19.940000000001387 453.39724278435693
19.9500000000014 472.1360633566797
19.96000000000141 486.075859341808
19.970000000001424 486.15831873630503
19.980000000001436 472.4879538344051
19.990000000001448 454.66378221647165
20.00000000000146 441.7579474730338
