t val
0.010000000000000002 -0.00022233622692091615
0.02000000000000001 -0.001389337011611591
0.03000000000000002 -0.0027900226108945603
0.04000000000000003 -0.004864869148548223
0.05000000000000004 -0.006574029583136465
0.060000000000000046 -0.008436121348782244
0.07000000000000005 -0.009929345045183169
0.08000000000000006 -0.011940011789373983
0.09000000000000007 -0.014125567382302862
0.10000000000000007 -0.016610194135722622
0.11000000000000008 -0.01954487502499269
0.12000000000000009 -0.022278061074786137
0.1300000000000001 -0.025165202159719513
0.1400000000000001 -0.02784091646065079
0.1500000000000001 -0.03057944607866503
0.16000000000000011 -0.03332266119799243
0.17000000000000012 -0.03603195307780993
0.18000000000000013 -0.038632464208063766
0.19000000000000014 -0.04085618155035675
0.20000000000000015 -0.04281579130580582
0.21000000000000016 -0.04436912923278058
0.22000000000000017 -0.046002680480057734
0.23000000000000018 -0.047557320347337395
0.24000000000000019 -0.049295608541143565
0.25000000000000017 -0.05111328939519666
0.2600000000000002 -0.052855930153846487
0.2700000000000002 -0.05466629228473607
0.2800000000000002 -0.056409450609152145
0.2900000000000002 -0.05829911277592004
0.3000000000000002 -0.06030751621750596
0.3100000000000002 -0.06251004766000534
0.32000000000000023 -0.06482595219177512
0.33000000000000024 -0.06725139663265622
0.34000000000000025 -0.06971785877460235
0.35000000000000026 -0.07218599451129393
0.36000000000000026 -0.07473736143254683
0.3700000000000003 -0.07720940867938708
0.3800000000000003 -0.07965830929964568
0.3900000000000003 -0.08190727531226827
0.4000000000000003 -0.08388691195960973
0.4100000000000003 -0.08559435313827635
0.4200000000000003 -0.08699045890341495
0.4300000000000003 -0.08816169211738867
0.44000000000000034 -0.08910548432887566
0.45000000000000034 -0.08984638532692202
0.46000000000000035 -0.09034133338229822
0.47000000000000036 -0.09061476289132742
0.48000000000000037 -0.09064055421569606
0.4900000000000004 -0.09047737676798562
0.5000000000000003 -0.09017980882455845
0.5100000000000003 -0.08974364990774575
0.5200000000000004 -0.08924851329403793
0.5300000000000004 -0.08865371719122095
0.5400000000000004 -0.08799706682071218
0.5500000000000004 -0.08729460864243777
0.5600000000000004 -0.08654826964564677
0.5700000000000004 -0.08576949075266782
0.5800000000000004 -0.08491401682603339
0.5900000000000004 -0.08391267047640838
0.6000000000000004 -0.08266048911794144
0.6100000000000004 -0.08106299131091532
0.6200000000000004 -0.07897695304258434
0.6300000000000004 -0.07628572539496759
0.6400000000000005 -0.0727980977881515
0.6500000000000005 -0.06827262141321455
0.6600000000000005 -0.06243140704607697
0.6700000000000005 -0.0549016176105539
0.6800000000000005 -0.04531255395261269
0.6900000000000005 -0.03324010828599455
0.7000000000000005 -0.018243731976383515
0.7100000000000005 0.00013015321754039633
0.7200000000000005 0.02234862844682084
0.7300000000000005 0.04886953825564433
0.7400000000000005 0.08011324573847389
0.7500000000000006 0.11644880345777153
0.7600000000000006 0.15819486028273388
0.7700000000000006 0.2055902832236427
0.7800000000000006 0.2588488186429885
0.7900000000000006 0.3181248233131413
0.8000000000000006 0.38353173672678054
0.8100000000000006 0.45515115351906843
0.8200000000000006 0.5330000250553013
0.8300000000000006 0.6170676502472929
0.8400000000000006 0.7073063445892558
0.8500000000000006 0.8036438093616454
0.8600000000000007 0.9059917247303702
0.8700000000000007 1.0142414679211242
0.8800000000000007 1.1282492961280042
0.8900000000000007 1.2478414760914944
0.9000000000000007 1.3728078297152138
0.9100000000000007 1.5028991195728452
0.9200000000000007 1.6378508276586246
0.9300000000000007 1.777363763281997
0.9400000000000007 1.9211186016265032
0.9500000000000007 2.0687698656080897
0.9600000000000007 2.2199366235200273
0.9700000000000008 2.3742170997804095
0.9800000000000008 2.531182289910035
0.9900000000000008 2.6903810449835532
1.0000000000000007 2.8513401543937533
1.0099999999999996 3.0135580876233234
1.0199999999999985 3.176498988317249
1.0299999999999974 3.3395971365551276
1.0399999999999963 3.502247130258155
1.0499999999999952 3.663794328065393
1.059999999999994 3.823506984287036
1.069999999999993 3.98050838989856
1.0799999999999919 4.133707610925114
1.0899999999999908 4.281716120968966
1.0999999999999897 4.422807828479691
1.1099999999999886 4.554962568251341
1.1199999999999875 4.675996482011797
1.1299999999999863 4.783774711977486
1.1399999999999852 4.87643455550851
1.1499999999999841 4.952541262798164
1.159999999999983 5.011138663122409
1.169999999999982 5.051708114757901
1.1799999999999808 5.074083359905998
1.1899999999999797 5.07839098736433
1.1999999999999786 5.065019185357571
1.2099999999999775 5.034586123352497
1.2199999999999764 4.98787539785647
1.2299999999999753 4.925707730100541
1.2399999999999742 4.848793346016635
1.2499999999999731 4.757616683800535
1.259999999999972 4.652393111124638
1.269999999999971 4.533108458952995
1.2799999999999698 4.399601098850098
1.2899999999999687 4.251644064108135
1.2999999999999676 4.089013090677781
1.3099999999999665 3.9115495398118654
1.3199999999999654 3.719241373581056
1.3299999999999643 3.51233622150113
1.3399999999999632 3.2914538370706694
1.3499999999999621 3.0576591031611926
1.359999999999961 2.8124622926293767
1.36999999999996 2.5577371488424774
1.3799999999999588 2.295593138393066
1.3899999999999577 2.02823728740389
1.3999999999999566 1.7578510795469882
1.4099999999999555 1.4864889948393483
1.4199999999999544 1.2159868652663022
1.4299999999999533 0.9478795234710944
1.4399999999999522 0.6833470662105121
1.449999999999951 0.42321370860229024
1.45999999999995 0.16801658605916003
1.469999999999949 -0.08186403673473919
1.4799999999999478 -0.3260534918040676
1.4899999999999467 -0.564051358637375
1.4999999999999456 -0.7951530189276141
1.5099999999999445 -1.018433957778587
1.5199999999999434 -1.23278386039099
1.5299999999999423 -1.4369800356554734
1.5399999999999412 -1.6297917298370521
1.54999999999994 -1.8101101539488038
1.559999999999939 -1.977095188392557
1.569999999999938 -2.1303120986460256
1.5799999999999368 -2.269821348995056
1.5899999999999357 -2.3961917220176887
1.5999999999999346 -2.51042426880537
1.6099999999999335 -2.613803187291695
1.6199999999999324 -2.7077106349355162
1.6299999999999313 -2.79344247107219
1.6399999999999302 -2.872056614345089
1.649999999999929 -2.9442715815769738
1.659999999999928 -3.0104229656986696
1.6699999999999269 -3.0704849366741414
1.6799999999999258 -3.1241568737223453
1.6899999999999247 -3.1710048939975657
1.6999999999999236 -3.2106331486371325
1.7099999999999225 -3.242844306676446
1.7199999999999214 -3.2677476393126845
1.7299999999999203 -3.2857875785811395
1.7399999999999192 -3.2976875818960707
1.749999999999918 -3.304329335141798
1.759999999999917 -3.3066014122356258
1.7699999999999159 -3.3052523426326346
1.7799999999999148 -3.3007788647494216
1.7899999999999137 -3.293369497136748
1.7999999999999126 -3.2829140948690068
1.8099999999999115 -3.26908039625787
1.8199999999999104 -3.251443317293413
1.8299999999999093 -3.22963802005877
1.8399999999999082 -3.2034967806240378
1.849999999999907 -3.1731281091717403
1.859999999999906 -3.1389108700426487
1.8699999999999048 -3.1014003133720944
1.8799999999999037 -3.0611681823050843
1.8899999999999026 -3.018618991460034
1.8999999999999015 -2.9738300828724
1.9099999999999004 -2.92645624398465
1.9199999999998993 -2.8757254090326896
1.9299999999998982 -2.820531783657398
1.9399999999998971 -2.7596130750082226
1.949999999999896 -2.6917803304229952
1.959999999999895 -2.616153944062061
1.9699999999998938 -2.532353956062348
1.9799999999998927 -2.44059873739832
1.9899999999998916 -2.3416844934459107
1.9999999999998905 -2.236846368484315
2.0099999999998897 -2.1288858709186975
2.0199999999998886 -2.0190881709715267
2.0299999999998875 -1.9071759212949893
2.0399999999998863 -1.7952564811887832
2.0499999999998852 -1.6813801866546711
2.059999999999884 -1.5669836711213847
2.069999999999883 -1.4501742081506563
2.079999999999882 -1.3319480208406063
2.089999999999881 -1.210320745219441
2.0999999999998797 -1.0842365717537632
2.1099999999998786 -0.9537521357691432
2.1199999999998775 -0.8170022841969704
2.1299999999998764 -0.675757046975626
2.1399999999998753 -0.5301696471708439
2.1499999999998742 -0.3833977813753293
2.159999999999873 -0.23797891471026844
2.169999999999872 -0.09781644083265206
2.179999999999871 0.03548368878994168
2.18999999999987 0.16504409377071028
2.1999999999998687 0.2984966911116729
2.2099999999998676 0.4488419282220839
2.2199999999998665 0.626721652881649
2.2299999999998654 0.8373311900744049
2.2399999999998643 1.0739234593811169
2.249999999999863 1.3200575752967865
2.259999999999862 1.5533601487514055
2.269999999999861 1.7522096807393268
2.27999999999986 1.9028249169508769
2.289999999999859 1.9999663694288365
2.2999999999998577 2.048319367082094
2.3099999999998566 2.058931535134896
2.3199999999998555 2.048359618253272
2.3299999999998544 2.0364541691977536
2.3399999999998533 2.0451978483667403
2.349999999999852 2.0952942708270754
2.359999999999851 2.2011740856804423
2.36999999999985 2.367755429779063
2.379999999999849 2.5871462042019537
2.389999999999848 2.8416464461597997
2.3999999999998467 3.107855452413787
2.4099999999998456 3.3629491156886324
2.4199999999998445 3.5891535833661763
2.4299999999998434 3.7755195618688226
2.4399999999998423 3.9178081128378963
2.449999999999841 4.016450711292542
2.45999999999984 4.0759173091487995
2.469999999999839 4.1033583511020275
2.479999999999838 4.108493404522804
2.489999999999837 4.102353772329035
2.4999999999998357 4.09615865775525
2.5099999999998346 4.1003707621287155
2.5199999999998335 4.124498934741343
2.5299999999998324 4.1785598221431535
2.5399999999998313 4.273648859111738
2.54999999999983 4.422283625328539
2.559999999999829 4.636063519244871
2.569999999999828 4.921891119747492
2.579999999999827 5.277776162885502
2.5899999999998258 5.689872133081323
2.5999999999998247 6.132102251494171
2.6099999999998236 6.568385403924292
2.6199999999998225 6.957567273895947
2.6299999999998214 7.259193390901721
2.6399999999998203 7.440399011909037
2.649999999999819 7.482225955183257
2.659999999999818 7.384878417448785
2.669999999999817 7.1708091256836575
2.679999999999816 6.8841465577342795
2.6899999999998148 6.586210930922963
2.6999999999998137 6.346919170969308
2.7099999999998126 6.234011539210567
2.7199999999998115 6.301742098226967
2.7299999999998104 6.581614026842296
2.7399999999998093 7.07659107604761
2.749999999999808 7.759573823047564
2.759999999999807 8.576178295247907
2.769999999999806 9.451105946591866
2.779999999999805 10.29751260748251
2.7899999999998037 11.027864478210361
2.7999999999998026 11.565362391873375
2.8099999999998015 11.854091934613336
2.8199999999998004 11.866576459148874
2.8299999999997993 11.607858905857583
2.8399999999997982 11.115616355343477
2.849999999999797 10.45679771918643
2.859999999999796 9.72139757388133
2.869999999999795 9.014215747826185
2.879999999999794 8.444978136981558
2.8899999999997927 8.117417865717194
2.8999999999997916 8.117647431621169
2.9099999999997905 8.502671987881513
2.9199999999997894 9.290390169352346
2.9299999999997883 10.45247700053837
2.9399999999997872 11.911792140445467
2.949999999999786 13.545319202588978
2.959999999999785 15.193269138937197
2.969999999999784 16.67413160354267
2.979999999999783 17.804858670736117
2.9899999999997817 18.424564324659904
2.9999999999997806 18.41917268954947
3.0099999999997795 17.743672620765135
3.0199999999997784 16.43800570188206
3.0299999999997773 14.632926656405086
3.039999999999776 12.543242671982913
3.049999999999775 10.4479674176735
3.059999999999774 8.658970984477929
3.069999999999773 7.481576734651128
3.079999999999772 7.171810367101333
3.0899999999997707 7.895619366851211
3.0999999999997696 9.696019258990184
3.1099999999997685 12.47407548446121
3.1199999999997674 15.988527133850582
3.1299999999997663 19.876084819138605
3.139999999999765 23.690629136372415
3.149999999999764 26.956053996518936
3.159999999999763 29.225883676887193
3.169999999999762 30.142991298561768
3.179999999999761 29.493233571239845
3.1899999999997597 27.246561856175415
3.1999999999997586 23.578385021848277
3.2099999999997575 18.865021509585453
3.2199999999997564 13.651323812233247
3.2299999999997553 8.594588365581249
3.239999999999754 4.392871066248976
3.249999999999753 1.7053123889441117
3.259999999999752 1.069150439506803
3.269999999999751 2.817714938699538
3.27999999999975 7.009015157911396
3.2899999999997487 13.382054868782696
3.2999999999997476 21.358965146145113
3.3099999999997465 30.099408319012497
3.3199999999997454 38.59510272019126
3.3299999999997443 45.781592140125
3.339999999999743 50.65118274024054
3.349999999999742 52.36790270144314
3.359999999999741 50.392260534059744
3.36999999999974 44.607070165869374
3.3799999999997388 35.40613540545705
3.3899999999997377 23.697325134779877
3.3999999999997366 10.803694148543528
3.4099999999997355 -1.6998479936906534
3.4199999999997344 -12.153985707272948
3.4299999999997333 -18.960869914545686
3.439999999999732 -20.74204058959858
3.449999999999731 -16.562702899912477
3.45999999999973 -6.215662822812263
3.469999999999729 9.55750325748928
3.4799999999997278 29.082648665622763
3.4899999999997267 50.057440101102365
3.4999999999997256 69.97285613966243
3.5099999999997245 86.4043350278559
3.5199999999997234 97.09825754668586
3.5299999999997222 100.03440349321468
3.539999999999721 93.73923409089257
3.54999999999972 77.90379500081637
3.559999999999719 53.90488271302833
3.569999999999718 24.654930969940267
3.5799999999997167 -6.2308567713917995
3.5899999999997156 -35.251008735283136
3.5999999999997145 -59.21293522390849
3.6099999999997134 -74.87526626327393
3.6199999999997123 -78.66215782121549
3.6299999999997112 -67.33098790319536
3.63999999999971 -39.938471410195376
3.649999999999709 0.3195111113888274
3.659999999999708 46.876896558579105
3.669999999999707 93.02608366404785
3.6799999999997057 134.26291871138764
3.6899999999997046 167.8406646907273
3.6999999999997035 190.54390448714486
3.7099999999997024 196.6247863427459
3.7199999999997013 179.0349970673091
3.7299999999997 135.8061217694709
3.739999999999699 74.84065518031403
3.749999999999698 8.573350179125384
3.759999999999697 -54.29524283518852
3.769999999999696 -109.71523904510882
3.7799999999996947 -155.283855177911
3.7899999999996936 -186.84621916822817
3.7999999999996925 -192.36241179710498
3.8099999999996914 -154.86375599659524
3.8199999999996903 -76.26915037388926
3.829999999999689 15.475944469387898
3.839999999999688 97.47637035682982
3.849999999999687 165.5172311492026
3.859999999999686 218.70815333394978
3.869999999999685 262.0432883597816
3.8799999999996837 293.61468897740366
3.8899999999996826 283.5564156821897
3.8999999999996815 216.30397493227923
3.9099999999996804 124.97340905702515
3.9199999999996793 35.05966520084533
3.929999999999678 -50.38780578637443
3.939999999999677 -107.99198563332624
3.949999999999676 -144.1763958265626
3.959999999999675 -173.6973005955399
3.969999999999674 -170.56311373551245
3.9799999999996727 -132.50728829942705
3.9899999999996716 -88.1745327482178
3.9999999999996705 -36.947899594651474
4.009999999999674 23.45093974661978
4.019999999999677 74.56223932543597
4.0299999999996805 118.65868516935038
4.039999999999684 155.99984108974598
4.049999999999687 165.66784096372703
4.0599999999996905 157.7406454909353
4.069999999999694 153.25587336641706
4.079999999999697 136.90629293842858
4.0899999999997005 104.40574640850951
4.099999999999704 61.58933026850549
4.109999999999707 -2.468566585019687
4.119999999999711 -70.34116867123812
4.129999999999714 -110.72076682525592
4.139999999999717 -119.50875478188098
4.149999999999721 -108.22352001995995
4.159999999999724 -89.60072507874719
4.169999999999727 -77.65160307556386
4.179999999999731 -69.20013729969106
4.189999999999734 -43.495429794647535
4.199999999999737 10.432499315860909
4.209999999999741 80.26319195684306
4.219999999999744 140.26512796749884
4.229999999999747 165.55477622665774
4.239999999999751 152.85460674915308
4.249999999999754 126.67403685108023
4.259999999999757 108.43977797180709
4.269999999999761 97.29610130254157
4.279999999999764 83.525852800644
4.289999999999767 47.633872495511966
4.299999999999771 -18.501847827810096
4.309999999999774 -90.04860983004433
4.319999999999777 -133.71433466346858
4.329999999999781 -135.3372643408658
4.339999999999784 -104.67864572714112
4.349999999999787 -67.51636447579457
4.359999999999791 -45.116797764354764
4.369999999999794 -35.43887212249159
4.379999999999797 -18.96203256699023
4.389999999999801 21.66180988172782
4.399999999999804 83.34916215814427
4.409999999999807 141.42229963267653
4.419999999999811 168.273735197068
4.429999999999814 156.37121994673637
4.439999999999817 121.15620758071002
4.449999999999821 83.40598931813122
4.459999999999824 55.43423377963554
4.4699999999998274 34.236892761736726
4.479999999999831 2.4654631180487314
4.489999999999834 -48.67073714738234
4.4999999999998375 -106.67739603531031
4.509999999999841 -148.19542298734132
4.519999999999844 -154.56488437079773
4.5299999999998475 -125.47816276438508
4.539999999999851 -79.45317998464327
4.549999999999854 -36.6179647014684
4.5599999999998575 -4.336037351334738
4.569999999999861 24.79274412472249
4.579999999999864 62.22186975148384
4.5899999999998675 108.22048245095543
4.599999999999871 148.89257798058992
4.609999999999874 166.9664243207472
4.6199999999998775 155.2032284078416
4.629999999999881 119.42746450752023
4.639999999999884 73.05823543841225
4.649999999999888 28.547218965876894
4.659999999999891 -12.842668096668191
4.669999999999894 -55.85936896308924
4.679999999999898 -99.1574530176249
4.689999999999901 -134.21368008802688
4.699999999999904 -149.54557680838022
4.709999999999908 -138.73205141316592
4.719999999999911 -106.59492784396198
4.729999999999914 -64.15892547267535
4.739999999999918 -20.5314717611424
4.749999999999921 22.452814444650656
4.759999999999924 66.87281205313047
4.769999999999928 110.12839741930051
4.779999999999931 143.6324371715184
4.789999999999934 158.2886979547577
4.799999999999938 151.2409308766817
4.809999999999941 126.3283637000111
4.819999999999944 89.91197369646513
4.829999999999948 48.37616047030109
4.839999999999951 2.3627529460310086
4.849999999999954 -49.87963875593127
4.859999999999958 -101.68332560687128
4.869999999999961 -140.31827885119128
4.879999999999964 -154.350782321535
4.889999999999968 -141.0116333384745
4.899999999999971 -109.3481666048132
4.909999999999974 -71.4686305222244
4.919999999999978 -34.044747280047176
4.929999999999981 4.889049434531088
4.939999999999984 50.947682643972
4.949999999999988 101.17041751493774
4.959999999999991 142.59201939941346
4.969999999999994 161.55232783667063
4.979999999999998 154.20317056958118
4.990000000000001 127.45719487136283
5.000000000000004 91.39842007712339
5.010000000000008 53.76791611048235
5.020000000000011 14.121974964845833
5.0300000000000145 -33.85100364116434
5.040000000000018 -87.33199664168802
5.050000000000021 -132.97926268046535
5.0600000000000245 -155.57908659083915
5.070000000000028 -147.87245824550905
5.080000000000031 -117.09309681659039
5.0900000000000345 -77.66859092895889
5.100000000000038 -39.67035765874357
5.110000000000041 -3.5153812913802085
5.1200000000000445 37.977871783617786
5.130000000000048 86.24985254385862
5.140000000000051 130.9844685834838
5.1500000000000545 157.38831720277665
5.160000000000058 157.73605508757134
5.170000000000061 135.6974344181591
5.1800000000000646 100.79644598505152
5.190000000000068 62.325215849317765
5.200000000000071 23.18934695166132
5.210000000000075 -22.252821639390078
5.220000000000078 -74.24640363582967
5.230000000000081 -122.02604856006204
5.240000000000085 -150.92418762347225
5.250000000000088 -151.21898990794784
5.260000000000091 -126.17198187897094
5.270000000000095 -88.77901819059313
5.280000000000098 -50.14792707365345
5.290000000000101 -13.392173653297007
5.300000000000105 27.075013162553205
5.310000000000108 74.48648357203571
5.320000000000111 120.86243766127082
5.330000000000115 151.88695741876947
5.340000000000118 158.10377368365698
5.350000000000121 141.1243200688982
5.360000000000125 109.48124111717533
5.370000000000128 72.24027228125786
5.380000000000131 34.03198334756509
5.390000000000135 -9.646494687552178
5.400000000000138 -61.27493958625567
5.410000000000141 -111.77508849130506
5.420000000000145 -146.38014071833004
5.430000000000148 -153.4924139187263
5.440000000000151 -133.2883517551125
5.450000000000155 -97.80475226530857
5.460000000000158 -59.37839755375179
5.470000000000161 -23.10344518978046
5.480000000000165 15.394875314506606
5.490000000000168 61.47780534167795
5.500000000000171 109.87991309736418
5.510000000000175 146.52956327472089
5.520000000000178 159.3986512762973
5.530000000000181 147.27922824398286
5.540000000000185 117.9601318018002
5.550000000000188 81.14435142344757
5.5600000000001915 43.43918275232333
5.570000000000195 2.2111934145649883
5.580000000000198 -47.469575442982006
5.5900000000002015 -99.63188550021023
5.600000000000205 -140.10025290426574
5.610000000000208 -155.24988819613
5.6200000000002115 -141.2430308388935
5.630000000000215 -107.86109583209303
5.640000000000218 -68.70302941872852
5.6500000000002215 -31.510852293021358
5.660000000000225 5.681069597263871
5.670000000000228 49.44520674559354
5.6800000000002315 97.97465138265767
5.690000000000235 138.93991832847018
5.700000000000238 158.67840175825808
5.7100000000002415 152.69407271880067
5.720000000000245 126.84838593865024
5.730000000000248 90.78525280791216
5.740000000000252 52.661257885516
5.750000000000255 12.674550203874688
5.760000000000258 -34.91781744251955
5.770000000000262 -87.29794484950281
5.780000000000265 -131.82304739727138
5.790000000000268 -154.12910039086745
5.800000000000272 -147.14030811507553
5.810000000000275 -117.47535626260716
5.820000000000278 -78.76637358751931
5.830000000000282 -40.661399558513324
5.840000000000285 -3.8059459899750436
5.850000000000288 38.235569874881506
5.860000000000292 86.40362422593824
5.870000000000295 130.47878977670428
5.880000000000298 156.17780734502156
5.890000000000302 156.3033917117099
5.900000000000305 134.64156722326524
5.910000000000308 100.38505863721439
5.920000000000312 62.364647891929565
5.930000000000315 23.262839406633418
5.940000000000318 -22.437045225586914
5.950000000000322 -74.73774198125415
5.960000000000325 -122.63671487967157
5.970000000000328 -151.39210620594935
5.980000000000332 -151.37808896118682
5.990000000000335 -125.99290897269685
6.000000000000338 -88.40542003303042
6.010000000000342 -49.80949265818637
6.020000000000345 -13.220518913968704
6.030000000000348 27.060950327695423
6.040000000000352 74.40821080681084
6.050000000000355 120.95159931899299
6.060000000000358 152.26641210685221
6.070000000000362 158.61311441557893
6.080000000000365 141.4344876079304
6.0900000000003685 109.36663418593398
6.100000000000372 71.72009496435709
6.110000000000375 33.34739187497958
6.1200000000003785 -10.190872588595752
6.130000000000382 -61.57688377499538
6.140000000000385 -112.01602271735607
6.1500000000003885 -146.80895829006369
6.160000000000392 -154.1475687791249
6.170000000000395 -133.90060849585342
6.1800000000003985 -97.99461488177418
6.190000000000402 -58.973924309508334
6.200000000000405 -22.232945852589012
6.2100000000004085 16.40362302966038
6.220000000000412 62.25384922091939
6.230000000000415 110.26785685834352
6.2400000000004185 146.66687832536584
6.250000000000422 159.52254004165445
6.260000000000425 147.50642504376162
6.270000000000429 118.18786032502553
6.280000000000432 81.13665142061274
6.290000000000435 43.02674122800494
6.300000000000439 1.4030929381882373
6.310000000000442 -48.41297665507008
6.320000000000445 -100.34938597202114
6.330000000000449 -140.36939332204992
6.340000000000452 -155.09662300962867
6.350000000000455 -140.89322116579893
6.360000000000459 -107.53313838236619
6.370000000000462 -68.42785600057236
6.380000000000465 -31.158811501917
6.390000000000469 6.304065719240214
6.400000000000472 50.352498384062116
6.410000000000475 98.89604740275445
6.420000000000479 139.53251316348093
6.430000000000482 158.78809137056973
6.440000000000485 152.45446921082151
6.450000000000489 126.53577024217383
6.460000000000492 90.58452613085069
6.470000000000495 52.559369411639274
6.480000000000499 12.45021959667693
6.490000000000502 -35.437521259520366
6.500000000000505 -87.99925995989696
6.510000000000509 -132.379153499219
6.520000000000512 -154.21758620869974
6.530000000000515 -146.6951065898576
6.540000000000519 -116.73938956099491
6.550000000000522 -78.05044579458229
6.560000000000525 -40.13155506181609
6.570000000000529 -3.3798447363659534
6.580000000000532 38.75456931541649
6.590000000000535 87.05240016294152
6.600000000000539 131.0747758818596
6.610000000000542 156.48001057359528
6.6200000000005454 156.2188794395812
6.630000000000549 134.27170200899513
6.640000000000552 99.92447631726098
6.6500000000005555 61.98372103041708
6.660000000000559 22.9559810903326
6.670000000000562 -22.788117330366973
6.6800000000005655 -75.14542122072156
6.690000000000569 -122.9806845472124
6.700000000000572 -151.49117262886043
6.7100000000005755 -151.12375529799638
6.720000000000579 -125.45860828385683
6.730000000000582 -87.76210104225123
6.7400000000005855 -49.20054246235263
6.750000000000589 -12.67532716321773
6.760000000000592 27.606232112145136
6.7700000000005955 74.96202214763518
6.780000000000599 121.42025291023671
6.790000000000602 152.52984876546554
6.800000000000606 158.63268875216872
6.810000000000609 141.26199208908702
6.820000000000612 109.07983585567999
6.830000000000616 71.39657153517916
6.840000000000619 32.99489164230616
6.850000000000622 -10.625459908513136
6.860000000000626 -62.04544446724877
6.870000000000629 -112.37690474793195
6.880000000000632 -146.91996736233708
6.890000000000636 -153.94746418116827
6.900000000000639 -133.47012420547526
6.910000000000642 -97.47890293196758
6.920000000000646 -58.467252159299555
6.930000000000649 -21.735155403951254
6.940000000000652 16.960496147023576
6.950000000000656 62.86400156171253
6.960000000000659 110.80771385761032
6.970000000000662 146.98424900245584
6.980000000000666 159.56158831254146
6.990000000000669 147.3344244285774
7.000000000000672 117.90929078019602
7.010000000000676 80.83309469884537
7.020000000000679 42.70895244897761
7.030000000000682 0.9923052135003445
7.040000000000686 -48.91462559542357
7.050000000000689 -100.80727797966728
7.060000000000692 -140.61249113728832
7.070000000000696 -155.01602530812198
7.080000000000699 -140.52877440260153
7.090000000000702 -107.03721878836134
7.100000000000706 -67.92877517425069
7.110000000000709 -30.69146450112204
7.120000000000712 6.807218625993883
7.130000000000716 50.93098820977394
7.140000000000719 99.46545290563198
7.1500000000007224 139.937602095219
7.160000000000726 158.92483060690358
7.170000000000729 152.34188696130187
7.1800000000007325 126.26601721995499
7.190000000000736 90.25234212046394
7.200000000000739 52.21681350581636
7.2100000000007425 12.043830949535177
7.220000000000746 -35.938136614844026
7.230000000000749 -88.49405386407108
7.2400000000007525 -132.70712098114154
7.250000000000756 -154.24749880633036
7.260000000000759 -146.41941250109335
7.2700000000007625 -116.28586389097484
7.280000000000766 -77.55586606477326
7.290000000000769 -39.66036421049458
7.3000000000007725 -2.8901384878793692
7.310000000000776 39.317504965365515
7.320000000000779 87.630022750084
7.330000000000783 131.51959528513746
7.340000000000786 156.66844143109182
7.350000000000789 156.14462040385916
7.360000000000793 134.0188370592597
7.370000000000796 99.58811290553267
7.380000000000799 61.63082744576899
7.390000000000803 22.553526041613466
7.400000000000806 -23.293541153620183
7.410000000000809 -75.6772944874274
7.420000000000813 -123.3779714706109
7.430000000000816 -151.60524400581792
7.440000000000819 -150.9151025529797
7.450000000000823 -125.04003781708418
7.460000000000826 -87.28349371760511
7.470000000000829 -48.745575226267704
7.480000000000833 -12.218672156818187
7.490000000000836 28.13920691987235
7.500000000000839 75.54457047607522
7.510000000000843 121.91098619909259
7.520000000000846 152.7787296322242
7.530000000000849 158.59932109643853
7.540000000000853 141.02071210208118
7.550000000000856 108.73570570131815
7.560000000000859 71.03428170793428
7.570000000000863 32.60782269977727
7.580000000000866 -11.11127987147323
7.590000000000869 -62.59302940339997
7.600000000000873 -112.83621008401927
7.610000000000876 -147.12534992398855
7.620000000000879 -153.81899743959326
7.630000000000883 -133.08911628182716
7.640000000000886 -97.00496845377009
7.650000000000889 -58.01019151462236
7.660000000000893 -21.299511114264646
7.670000000000896 17.455041584192315
7.680000000000899 63.42932830844636
7.690000000000903 111.32673932207837
7.700000000000906 147.29481532505594
7.7100000000009095 159.58626420994796
7.720000000000913 147.12237809049714
7.730000000000916 117.56525994964426
7.7400000000009195 80.45447973615363
7.750000000000923 42.323204347682676
7.760000000000926 0.5271175096379039
7.7700000000009295 -49.460472184828575
7.780000000000933 -101.30688222790415
7.790000000000936 -140.89864789369926
7.8000000000009395 -154.97855770086943
7.810000000000943 -140.20745918815905
7.820000000000946 -106.584311028701
7.8300000000009495 -67.47098997925005
7.840000000000953 -30.26354818241728
7.850000000000956 7.273848357023496
7.8600000000009596 51.476390996833686
7.870000000000963 100.0010060029024
7.880000000000966 140.3022150529892
7.89000000000097 159.01254134724041
7.900000000000973 152.17388212950416
7.910000000000976 125.93956458021262
7.92000000000098 89.86809197721553
7.930000000000983 51.82851149077079
7.940000000000986 11.594554501355887
7.95000000000099 -36.48009444322804
7.960000000000993 -89.02594858065572
7.970000000000996 -133.0639591024732
7.980000000001 -154.29748551629496
7.990000000001003 -146.1627878524741
8.000000000001005 -115.86053606012233
8.010000000001 -77.10156322656321
8.020000000000994 -39.23694869415243
8.030000000000989 -2.4470393940041504
8.040000000000983 39.842204635255655
8.050000000000978 88.17757538568425
8.060000000000972 131.93518671411698
8.070000000000967 156.82116978313644
8.080000000000961 156.0255980203566
8.090000000000956 133.71565924234062
8.10000000000095 99.20430408482831
8.110000000000944 61.239825929048045
8.120000000000939 22.121681879199514
8.130000000000933 -23.82318432309603
8.140000000000928 -76.23213207331895
8.150000000000922 -123.7991212974165
8.160000000000917 -151.74330236813083
8.170000000000911 -150.73053711915725
8.180000000000906 -124.6473260785244
8.1900000000009 -86.83326287431811
8.200000000000895 -48.3215523527576
8.210000000000889 -11.7948692475142
8.220000000000883 28.638704769384034
8.230000000000878 76.09466465056737
8.240000000000872 122.37127357421585
8.250000000000867 152.99911176976627
8.260000000000861 158.5375101122931
8.270000000000856 140.74804225658073
8.28000000000085 108.35712977627392
8.290000000000845 70.63766972442794
8.30000000000084 32.189406161457114
8.310000000000834 -11.622235241974096
8.320000000000828 -63.15866671428394
8.330000000000823 -113.31022029036882
8.340000000000817 -147.34726484828803
8.350000000000811 -153.71296027688868
8.360000000000806 -132.737075261057
8.3700000000008 -96.5622590344727
8.380000000000795 -57.581674941831565
8.39000000000079 -20.88759994956061
8.400000000000784 17.928865761407053
8.410000000000778 63.9732879584175
8.420000000000773 111.82195719979302
8.430000000000767 147.5805773912478
8.440000000000762 159.58749840280643
8.450000000000756 146.88833373397998
8.46000000000075 117.19938522431086
8.470000000000745 80.0533845040232
8.48000000000074 41.91347984344959
8.490000000000734 0.037928506045574295
8.500000000000728 -50.02685086207788
8.510000000000723 -101.82247670380971
8.520000000000717 -141.19796200677897
8.530000000000712 -154.9551683922499
8.540000000000706 -139.90502985341726
8.5500000000007 -106.15488921298308
8.560000000000695 -67.03766804968868
8.57000000000069 -29.857252627792462
8.580000000000684 7.723322583005029
8.590000000000678 52.0072648471246
8.600000000000673 100.52143028102249
8.610000000000667 140.64932690869495
8.620000000000662 159.0808966101652
8.630000000000656 151.98572367622205
8.64000000000065 125.59321329563143
8.650000000000645 89.46537989165243
8.66000000000064 51.42277695573647
8.670000000000634 11.127964653357438
8.680000000000629 -37.03815891326674
8.690000000000623 -89.5719663168709
8.700000000000617 -133.4330202138521
8.710000000000612 -154.3588126589711
8.720000000000606 -145.919079161391
8.7300000000006 -115.45093100001365
8.740000000000595 -76.66458348532095
8.75000000000059 -38.830441445859435
8.760000000000584 -2.0186703107908244
8.770000000000579 40.35424017071365
8.780000000000573 88.71289627235248
8.790000000000568 132.33746190906015
8.800000000000562 156.95923511525328
8.810000000000556 155.89078903004014
8.820000000000551 133.3959749002386
8.830000000000545 98.80447297213105
8.84000000000054 60.83400336432659
8.850000000000534 21.675680444975868
8.860000000000529 -24.365492315889966
8.870000000000523 -76.79739693455733
8.880000000000518 -124.22881110026697
8.890000000000512 -151.8889396020276
8.900000000000507 -150.55461070718883
8.910000000000501 -124.26579801758695
8.920000000000496 -86.39590371963118
8.93000000000049 -47.910410883395784
8.940000000000484 -11.382379436908707
8.950000000000479 29.12845300041228
8.960000000000473 76.63503515937465
8.970000000000468 122.82045457572664
8.980000000000462 153.206996905109
8.990000000000457 158.46261621861018
9.000000000000451 140.46223803845757
9.010000000000446 107.9660100923167
9.02000000000044 70.22961020538877
9.030000000000435 31.759812068228584
9.040000000000429 -12.143662639872517
9.050000000000423 -63.73276936781973
9.060000000000418 -113.79052728207908
9.070000000000412 -147.57401009764112
9.080000000000407 -153.61216386746304
9.090000000000401 -132.39270717089457
9.100000000000396 -96.12939820677865
9.11000000000039 -57.16363436140415
9.120000000000385 -20.485006644384896
9.13000000000038 18.395037425640822
9.140000000000374 64.50990378211405
9.150000000000368 112.30857287964041
9.160000000000363 147.856146973333
9.170000000000357 159.57783647331564
9.180000000000351 146.64347555213766
9.190000000000346 116.82332116547852
9.20000000000034 79.64326362255045
9.210000000000335 41.49510742598373
9.22000000000033 -0.45971918251692045
9.230000000000324 -50.60015088282046
9.240000000000318 -102.34294382612474
9.250000000000313 -141.50050568186614
9.260000000000307 -154.9348041578578
9.270000000000302 -139.60751764922853
9.280000000000296 -105.73258740903538
9.29000000000029 -66.61246315724043
9.300000000000285 -29.458449504254503
9.31000000000028 8.166779639380394
9.320000000000274 52.53254119086593
9.330000000000268 101.03517372600912
9.340000000000263 140.98819061056525
9.350000000000257 159.14029796200057
9.360000000000252 151.78880686835336
9.370000000000246 125.23868502401648
9.38000000000024 89.05546734292088
9.390000000000235 51.01026165549118
9.40000000000023 10.654412717531102
9.410000000000224 -37.60206102997023
9.420000000000218 -90.1218241864648
9.430000000000213 -133.80415021325445
9.440000000000207 -154.4216110727864
9.450000000000202 -145.67829374897286
9.460000000000196 -115.04646441176882
9.47000000000019 -76.23394512275506
9.480000000000185 -38.42997704964972
9.49000000000018 -1.5949285424531325
9.500000000000174 40.862272175193226
9.510000000000169 89.24324102842388
9.520000000000163 132.73305790824497
9.530000000000157 157.08968901310988
9.540000000000152 155.74858287663676
9.550000000000146 133.0696014480867
9.56000000000014 98.39889188487494
9.570000000000135 60.422974378697525
9.58000000000013 21.22401639811548
9.590000000000124 -24.912932677518967
9.600000000000119 -77.36597759043565
9.610000000000113 -124.65986768477747
9.620000000000108 -152.0348481190889
9.630000000000102 -150.3798026670416
9.640000000000096 -123.88755812822053
9.650000000000091 -85.96335630522388
9.660000000000085 -47.50424712051637
9.67000000000008 -10.973650445314433
9.680000000000074 29.61535517721464
9.690000000000069 77.17188680719906
9.700000000000063 123.26440743506515
9.710000000000058 153.4084014805866
9.720000000000052 158.38124519870252
9.730000000000047 140.17069546084122
9.740000000000041 107.57011098324148
9.750000000000036 69.8175508182448
9.76000000000003 31.325809107248887
9.770000000000024 -12.66950524867265
9.780000000000019 -64.30981662011402
9.790000000000013 -114.27184039604852
9.800000000000008 -147.8003291461534
9.810000000000002 -153.51115359098372
9.819999999999997 -132.05003453743822
9.829999999999991 -95.69995375483688
9.839999999999986 -56.74959515368102
9.84999999999998 -20.085555767020438
9.859999999999975 18.85913738073856
9.869999999999969 65.04408966748579
9.879999999999963 112.79116449552598
9.889999999999958 148.12620639625933
9.899999999999952 159.56240790178913
9.909999999999947 146.39354212175124
9.919999999999941 116.44312762306305
9.929999999999936 79.22993889049783
9.93999999999993 41.07334332035546
9.949999999999925 -0.9611458922640281
9.95999999999992 -51.17612031958646
9.969999999999914 -102.86419910167476
9.979999999999908 -141.80219193375257
9.989999999999903 -154.91326675953565
9.999999999999897 -139.31040061144017
10.009999999999891 -105.31253245845673
10.019999999999886 -66.19040932427075
10.02999999999988 -29.062314050262287
10.039999999999875 8.608711060213537
10.04999999999987 53.05624666917572
10.059999999999864 101.54590981142337
10.069999999999858 141.32238012980957
10.079999999999853 159.19448165550665
10.089999999999847 151.587279858023
10.099999999999842 124.88051404594398
10.109999999999836 88.64291273114438
10.11999999999983 50.595199344878395
10.129999999999825 10.17766969700817
10.13999999999982 -38.168471883703035
10.149999999999814 -90.67242291243353
10.159999999999808 -134.17422714410554
10.169999999999803 -154.48258308545252
10.179999999999797 -145.4368222788903
10.189999999999792 -114.643232413706
10.199999999999786 -75.8057154790682
10.20999999999978 -38.03182252392162
10.219999999999775 -1.1723774043268946
10.22999999999977 41.36940258652906
10.239999999999764 89.77147266306054
10.249999999999758 133.12476345661577
10.259999999999753 157.21538228830002
10.269999999999747 155.60205151692182
10.279999999999742 132.73989093856747
10.289999999999736 97.99101628362747
10.29999999999973 60.01005730155937
10.309999999999725 20.769746182477462
10.31999999999972 -25.462758010206727
10.329999999999714 -77.935369463545
10.339999999999709 -125.0898690966135
10.349999999999703 -152.17855292298293
10.359999999999697 -150.203434890859
10.369999999999692 -123.50964270406656
10.379999999999686 -85.53253294532101
10.38999999999968 -47.100080655971816
10.399999999999675 -10.565944308848742
10.40999999999967 30.101832829712194
10.419999999999664 77.70738805292926
10.429999999999659 123.70521957345677
10.439999999999653 153.60547982460275
10.449999999999648 158.29573719539462
10.459999999999642 139.87598853103628
10.469999999999636 107.17210746247876
10.479999999999631 69.40406293352291
10.489999999999625 30.889766588423797
10.49999999999962 -13.197601735727076
10.509999999999614 -64.8878116632611
10.519999999999609 -114.75222853852081
10.529999999999603 -148.02428703660894
10.539999999999598 -153.4079141332542
10.549999999999592 -131.70686163791194
10.559999999999587 -95.2715948603807
10.569999999999581 -56.337245225726974
10.579999999999576 -19.68706554060863
10.58999999999957 19.323121977727297
10.599999999999564 65.57756463104053
10.609999999999559 113.27132892115655
10.619999999999553 148.39237358431615
10.629999999999548 159.54297144865177
10.639999999999542 146.1405045030385
10.649999999999537 116.06090810090407
10.659999999999531 78.81546303530226
10.669999999999526 40.65006745195933
10.67999999999952 -1.464653808898987
10.689999999999515 -51.753207697233904
10.699999999999509 -103.3847549454583
10.709999999999503 -142.1015326588137
10.719999999999498 -154.88902583276695
10.729999999999492 -139.01203041168768
10.739999999999487 -104.89295545902414
10.749999999999481 -65.76972430298564
10.759999999999476 -28.667137363280645
10.76999999999947 9.050677958101687
10.779999999999465 53.5797568890917
10.78999999999946 102.05489360817765
10.799999999999454 141.65313931222823
10.809999999999448 159.24477460826859
10.819999999999443 151.38262466211086
10.829999999999437 124.52031122672976
10.839999999999431 88.2293263341786
10.849999999999426 50.179080370555674
10.85999999999942 9.699084012671804
10.869999999999415 -38.73616672395072
10.87999999999941 -91.22260928272725
10.889999999999404 -134.54211077878807
10.899999999999398 -154.54056839322766
10.909999999999393 -145.19342590975987
10.919999999999387 -114.23988606118925
10.929999999999382 -75.37850824184467
10.939999999999376 -37.63463271335564
10.94999999999937 -0.7497742377541528
10.959999999999365 41.876725623235416
10.96999999999936 90.29857285416752
10.979999999999354 133.51353538385686
10.989999999999348 157.33732507590432
10.999999999999343 155.45231775219202
11.009999999999337 132.40807761943466
11.019999999999332 97.58210470628259
11.029999999999326 59.59642900668127
11.03999999999932 20.313935534809502
11.049999999999315 -26.01399821563301
11.05999999999931 -78.50466787467242
11.069999999999304 -125.5179300519123
11.079999999999298 -152.319163115003
11.089999999999293 -150.02457308722234
11.099999999999287 -123.13103009106409
11.109999999999282 -85.1023616728518
11.119999999999276 -46.696854951742836
11.12999999999927 -10.158269382312
11.139999999999265 30.588763551932004
11.14999999999926 78.2423124838733
11.159999999999254 124.14362561524314
11.169999999999249 153.79899534030898
11.179999999999243 158.20693572178672
11.189999999999237 139.57905581512725
11.199999999999232 106.77297971938185
11.209999999999226 68.99007935943116
11.21999999999922 30.452529105843155
11.229999999999215 -13.727182288076847
11.23999999999921 -65.4660417313405
11.249999999999204 -115.23100129624707
11.259999999999199 -148.24519358019765
11.269999999999193 -153.301734251176
11.279999999999188 -131.36241499435778
11.289999999999182 -94.84349582431021
11.299999999999176 -55.92575937934037
11.309999999999171 -19.288749910663597
11.319999999999165 19.787693463752277
11.32999999999916 66.11094047869237
11.339999999999154 113.74963345875564
11.349999999999149 148.65522898495652
11.359999999999143 159.5201634385865
11.369999999999138 145.88507513930273
11.379999999999132 115.67742175179953
11.389999999999127 78.40057431994781
11.399999999999121 40.225949760380516
11.409999999999116 -1.9696305365190625
11.41999999999911 -52.33084622971057
11.429999999999104 -103.9040689078965
11.439999999999099 -142.39799090402428
11.449999999999093 -154.86153846408303
11.459999999999088 -138.71182488477146
11.469999999999082 -104.47322393583647
11.479999999999077 -65.34976404344397
11.489999999999071 -28.272295791349848
11.499999999999066 9.493244497892974
11.50999999999906 54.1035576100185
11.519999999999055 102.56256317882297
11.529999999999049 141.98090854215752
11.539999999999043 159.2916577894612
11.549999999999038 151.17538299641313
11.559999999999032 124.15866352896388
11.569999999999027 87.81529168724921
11.579999999999021 49.762435532951834
11.589999999999016 9.219139807002193
11.59999999999901 -39.30469413644981
11.609999999999005 -91.77195383727184
11.619999999999 -134.9073794972623
11.629999999998994 -154.59514863334593
11.639999999998988 -144.9476680365917
11.649999999998983 -113.83594652831958
11.659999999998977 -74.95182478540953
11.669999999998971 -37.237914986586034
11.679999999998966 -0.32666399610462804
11.68999999999896 42.38463106948804
11.699999999998955 90.82488260781928
11.70999999999895 133.89970758848872
11.719999999998944 157.45588060334939
11.729999999998938 155.29979349291796
11.739999999998933 132.0746151137448
11.749999999998927 97.17261884810273
11.759999999998922 59.182512472298086
11.769999999998916 19.856966002336662
11.77999999999891 -26.56629468154094
11.789999999998905 -79.0735320105629
11.7999999999989 -125.94371772434661
11.809999999998894 -152.45635245042007
11.819999999998888 -149.84288774814175
11.829999999998883 -122.75136020633204
11.839999999998877 -84.67245892366087
11.849999999998872 -46.294183514554746
11.859999999998866 -9.75025916211797
11.86999999999886 31.07646249707571
11.879999999998855 78.77692818587668
11.88999999999885 124.57987922057009
11.899999999998844 153.98922180357928
11.909999999998838 158.1151532000331
11.919999999998833 139.28024656802796
11.929999999998827 106.37309143675297
11.939999999998822 68.57593872676404
11.949999999998816 30.014397367438605
11.95999999999881 -14.257962589114527
11.969999999998805 -66.04423511319146
11.9799999999988 -115.70789463902447
11.989999999998794 -148.4627920784722
11.999999999998789 -153.19236317852412
12.009999999998783 -131.0164258394259
12.019999999998777 -94.41536363239382
12.029999999998772 -55.514836287753425
12.039999999998766 -18.89031469622806
12.04999999999876 20.253108082042132
12.059999999998755 66.64442953843066
12.06999999999875 114.22627088578602
12.079999999998744 148.91497810503606
12.089999999998739 159.49422055945826
12.099999999998733 145.62752278086197
12.109999999998728 115.29295387568331
12.119999999998722 77.9855445885206
12.129999999998716 39.80122755446726
12.139999999998711 -2.475852171751569
12.149999999998705 -52.90881847913535
12.1599999999987 -104.42192984370276
12.169999999998694 -142.69136231313567
12.179999999998689 -154.83061094300606
12.189999999998683 -138.40958449583434
12.199999999998678 -104.0531163049602
12.209999999998672 -64.93029537992616
12.219999999998667 -27.877554374872474
12.229999999998661 9.936620474709855
12.239999999998656 54.62781880588477
12.24999999999865 103.06906537221187
12.259999999998644 142.30584068104181
12.269999999998639 159.33530965869815
12.279999999998633 150.96576157868338
12.289999999998628 123.7957942666552
12.299999999998622 87.4010275892264
12.309999999998617 49.34545353027796
12.319999999998611 8.738011857166669
12.329999999998606 -39.87388017427368
12.3399999999986 -92.32028658767223
12.349999999998595 -135.26986887235518
12.359999999998589 -154.64617139831034
12.369999999998583 -144.69940060219616
12.379999999998578 -113.43124864624531
12.389999999998572 -74.52548657396882
12.399999999998567 -36.841483545859816
12.409999999998561 0.09712565973704557
12.419999999998556 42.893256584888306
12.42999999999855 91.35051432749533
12.439999999998545 134.2833923638546
12.44999999999854 157.57118218646872
12.459999999998534 155.14463739203364
12.469999999998528 131.73967794637508
12.479999999998522 96.7627345552047
12.489999999998517 58.76845939863606
12.499999999998511 19.398972655442947
12.509999999998506 -27.119509161781224
12.5199999999985 -79.64182431819765
12.529999999998495 -126.36709858635834
12.53999999999849 -152.58999867286144
12.549999999998484 -149.65826809822923
12.559999999998478 -122.37051216256756
12.569999999998473 -84.24268967516844
12.579999999998467 -45.89192128501774
12.589999999998462 -9.34177211993358
12.599999999998456 31.565042762482804
12.60999999999845 79.31132192542786
12.619999999998445 125.01406162608552
12.62999999999844 154.17625728594209
12.639999999998434 158.02051088928226
12.649999999998428 138.97969740722783
12.659999999998423 105.97258358646306
12.669999999998417 68.16176469801715
12.679999999998412 29.57547523676378
12.689999999998406 -14.78983423233413
12.6999999999984 -66.62228010749173
12.709999999998395 -116.18279902263093
12.71999999999839 -148.6769824864009
12.729999999998384 -153.0797162581499
12.739999999998378 -130.66880750443386
12.749999999998373 -93.98709792057001
12.759999999998367 -55.104364476055686
12.769999999998362 -18.491644227522286
12.779999999998356 20.719460365585974
12.78999999999835 67.17809985186737
12.799999999998345 114.70129910245804
12.80999999999834 149.1716912406122
12.819999999998334 159.46523463525222
12.829999999998329 145.367954657327
12.839999999998323 114.90761721146495
12.849999999998317 77.57047601863067
12.859999999998312 39.37598118039544
12.869999999998306 -2.983235506258282
12.8799999999983 -53.48703378518135
12.889999999998295 -104.93824708594457
12.89999999999829 -142.98156345585653
12.909999999998284 -154.79617628137913
12.919999999998279 -138.1052482497179
12.929999999998273 -103.63255984418325
12.939999999998268 -64.51123434981821
12.949999999998262 -27.482819805490266
12.959999999998256 10.38088613654645
12.969999999998251 55.1525950607861
12.979999999998245 103.57444095795238
12.98999999999824 142.6279841134586
12.999999999998234 159.3757985464784
13.009999999998229 150.75384469015984
13.019999999998223 123.43179357124657
13.029999999998218 86.98661915417068
13.039999999998212 48.92819787886947
13.049999999998207 8.255762184881192
13.059999999998201 -40.443651857918425
13.069999999998196 -92.8675319708965
13.07999999999819 -135.6295082315715
13.089999999998184 -154.69358139293695
13.099999999998179 -144.44858091516244
13.109999999998173 -113.0257417302537
13.119999999998168 -74.09943185006425
13.129999999998162 -36.445264614257255
13.139999999998157 0.5216635788635813
13.149999999998151 43.40264743252652
13.159999999998146 91.8754966578717
13.16999999999814 134.6646210064528
13.179999999998135 157.68327924367037
13.189999999998129 154.98691558409382
13.199999999998123 131.40333857448024
13.209999999998118 96.35252299666651
13.219999999998112 58.35432198255476
13.229999999998107 18.940000388185084
13.239999999998101 -27.673583915966958
13.249999999998096 -80.20948143513037
13.25999999999809 -126.78801179353444
13.269999999998085 -152.72005408461757
13.27999999999808 -149.47068346625423
13.289999999998074 -121.98845267162953
13.299999999998068 -83.81300995946422
13.309999999998062 -45.49001156469067
13.319999999998057 -8.932749084803561
13.329999999998051 32.05454345026995
13.339999999998046 79.84551413429934
13.34999999999804 125.44619108176269
13.359999999998035 154.36013566769822
13.36999999999803 157.92306011797717
13.379999999998024 138.6774670656106
13.389999999998018 105.57151554409833
13.399999999998013 67.74760207823263
13.409999999998007 29.135794512967706
13.419999999998002 -15.322753105308038
13.429999999997996 -67.20012354534971
13.43999999999799 -116.65566146500312
13.449999999997985 -148.88772219670798
13.45999999999798 -152.96376984826733
13.469999999997974 -130.31954016246715
13.479999999997968 -93.55866903131486
13.489999999997963 -54.69430209795159
13.499999999997957 -18.092688349410466
13.509999999997952 21.18678546572781
13.519999999997946 67.71196657446829
13.52999999999794 115.17472671088213
13.539999999997935 149.42538934263663
13.54999999999793 159.4332445001449
13.559999999997924 145.10641875816663
13.569999999997918 114.52146114340641
13.579999999997913 77.15540837277882
13.589999999997907 38.95023335639617
13.599999999997902 -3.4917488383113664
13.609999999997896 -54.06544794910921
13.61999999999789 -105.45297418712582
13.629999999997885 -143.2685554011959
13.63999999999788 -154.7582141890966
13.649999999997874 -137.79880608375476
13.659999999997869 -103.21153651526538
13.669999999997863 -64.09255172245723
13.679999999997857 -27.0880507554715
13.689999999997852 10.82607406248124
13.699999999997846 55.67789857526152
13.70999999999784 104.07869186343547
13.719999999997835 142.94734906899504
13.72999999999783 159.4131525269812
13.739999999997824 150.5396716787589
13.749999999997819 123.06670263119916
13.759999999997813 86.57210230081434
13.769999999997808 48.51068603527381
13.779999999997802 7.772411550135459
13.789999999997796 -41.013973162491126
13.799999999997791 -93.41364908374268
13.809999999997785 -135.9862613855489
13.81999999999778 -154.73735916631745
13.829999999997774 -144.19520513004713
13.839999999997769 -112.6194172229948
13.849999999997763 -73.67364182886143
13.859999999997758 -36.04922562569956
13.869999999997752 0.9469804181914157
13.879999999997747 43.912814753561236
13.889999999997741 92.39982739975505
13.899999999997736 135.04339509656992
13.90999999999773 157.79219035943993
13.919999999997724 154.82666005415513
13.929999999997719 131.0656316970157
13.939999999997713 95.94201657435846
13.949999999997708 57.94011554779501
13.959999999997702 18.480060883846576
13.969999999997697 -28.22849082046153
13.979999999997691 -80.77646738583083
13.989999999997686 -127.2064234403738
13.99999999999768 -152.84649871457572
14.009999999997675 -149.28013293612355
14.019999999997669 -121.6051808645555
14.029999999997663 -83.38340948357003
14.039999999997658 -45.08843031525944
14.049999999997652 -8.523161494529475
14.059999999997647 32.544976080309326
14.069999999997641 80.37950055497843
14.079999999997636 125.87626250195179
14.08999999999763 154.54086710502565
14.099999999997625 157.82282625996967
14.10999999999762 138.3735852900778
14.119999999997614 105.16991632201362
14.129999999997608 67.33346623205446
14.139999999997602 28.695360260998356
14.149999999997597 -15.856698865803835
14.159999999997591 -67.7777339868691
14.169999999997586 -117.12645004657699
14.17999999999758 -149.0949900817445
14.189999999997575 -152.84452310785124
14.19999999999757 -129.96862877213414
14.209999999997564 -93.13007348385345
14.219999999997558 -54.28463302404227
14.229999999997553 -17.693421211714366
14.239999999997547 21.655096362373428
14.249999999997542 68.2460251396036
14.259999999997536 115.64654403754092
14.26999999999753 149.67607516636906
14.279999999997525 159.39826940652966
14.28999999999752 144.84294107717585
14.299999999997514 114.13451154702582
14.309999999997508 76.74035815799508
14.319999999997503 38.52398542889496
14.329999999997497 -4.001379388091067
14.339999999997492 -54.64403390168066
14.349999999997486 -105.96608107579333
14.35999999999748 -143.55231575777862
14.369999999997475 -154.71672181354435
14.37999999999747 -137.49026682580052
14.389999999997464 -102.79004846768385
14.399999999997458 -63.674238427440315
14.409999999997453 -26.693225079140333
14.419999999997447 11.272199134500426
14.429999999997442 56.20372580395022
14.439999999997436 104.58180566702795
14.44999999999743 143.2639318078252
14.459999999997425 159.44738487540772
14.46999999999742 150.32326527426966
14.479999999997414 122.7005445393627
14.489999999997409 86.15749466160266
14.499999999997403 48.09291839337086
14.509999999997397 7.287965636030293
14.519999999997392 -41.584821624911
14.529999999997386 -93.95860978826151
14.53999999999738 -136.34010493432118
14.549999999997375 -154.7774986522987
14.55999999999737 -143.93928377061764
14.569999999997364 -112.21228204698637
14.579999999997359 -73.24811347292388
14.589999999997353 -35.65334910088417
14.599999999997348 1.37309268092406
14.609999999997342 44.42375701581739
14.619999999997336 92.92349298438398
14.629999999997331 135.41970538038038
14.639999999997325 157.89792290617214
14.64999999999732 154.6638902805384
14.659999999997314 130.7265781395281
14.669999999997309 95.53123340823856
14.679999999997303 57.525841794157486
14.689999999997298 18.019153767109742
14.699999999997292 -28.78421246931501
14.709999999997287 -81.34275616361855
14.719999999997281 -127.62230951189073
14.729999999997275 -152.96932286179987
14.73999999999727 -149.08662655974823
14.749999999997264 -121.22070769789404
14.759999999997259 -82.95389019567521
14.769999999997253 -44.68716533239157
14.779999999997248 -8.112992005705536
14.789999999997242 33.036342015556315
14.799999999997237 80.91326790694204
14.809999999997231 126.30426240902025
14.819999999997226 154.71845327139846
14.82999999999722 157.71982532463153
14.839999999997215 138.0680712829103
14.849999999997209 104.76780384597353
14.859999999997203 66.91936167902963
14.869999999997198 28.254167892255325
14.879999999997192 -16.39165966224496
14.889999999997187 -68.3550878220618
14.899999999997181 -117.59514052647143
14.909999999997176 -149.2987729649618
14.91999999999717 -152.7219836643811
14.929999999997165 -129.6160873837614
14.939999999997159 -92.70131737296626
14.949999999997154 -53.87535048116632
14.959999999997148 -17.29382592109205
14.969999999997142 22.1243977630928
14.979999999997137 68.7802636575706
14.989999999997131 116.11673470447852
14.999999999997126 149.92374486569236
15.00999999999712 159.36032143832625
15.019999999997115 144.57753945365647
15.02999999999711 113.74678558389705
15.039999999997104 76.32533316626778
15.049999999997098 38.097230855983426
15.059999999997093 -4.512121210816318
15.069999999997087 -55.22277082229955
15.079999999997082 -106.47754371471278
15.089999999997076 -143.8328283316643
15.09999999999707 -154.67170286671092
15.109999999997065 -137.1796462512499
15.11999999999706 -102.36810524018193
15.129999999997054 -63.25629272399451
15.139999999997048 -26.298327673119786
15.149999999997043 11.719269546744982
15.159999999997037 56.73006726277154
15.169999999997032 105.08376461964023
15.179999999997026 143.57772348466455
15.18999999999702 159.47850345362082
15.199999999997015 150.1046420252779
15.20999999999701 122.3333356193169
15.219999999997004 85.74280696057662
15.229999999996998 47.67488890764755
15.239999999996993 6.802424619475929
15.249999999996987 -42.156179735997085
15.259999999996982 -94.50239069706271
15.269999999996976 -136.6910203254571
15.27999999999697 -154.81399890675408
15.289999999996965 -143.6808327513284
15.29999999999696 -111.80434882813202
15.309999999996954 -72.82284947831187
15.319999999996949 -35.25762305142551
15.329999999996943 1.8000115731941833
15.339999999996937 44.93546794195308
15.349999999996932 93.44647564343067
15.359999999996926 135.79353872114453
15.36999999999692 158.00048025526004
15.379999999996915 154.49862116324664
15.38999999999691 130.38619361450745
15.399999999996904 95.12018629875504
15.409999999996899 57.111497271197834
15.419999999996893 17.55727431803109
15.429999999996888 -29.340735325851824
15.439999999996882 -81.90832545756929
15.449999999996876 -128.03564970318675
15.459999999996871 -153.08852077149976
15.469999999996865 -148.89017853743107
15.47999999999686 -120.83504843150912
15.489999999996854 -82.52445849306807
15.499999999996849 -44.286208674069805
15.509999999996843 -7.702227464483585
15.519999999996838 33.52863872402895
15.529999999996832 81.446799508241
15.539999999996827 126.73017426727714
15.549999999996821 154.89289278399679
15.559999999996815 157.61406986397222
15.56999999999681 137.76094026926253
15.579999999996804 104.36519184683914
15.589999999996799 66.50528873071755
15.599999999996793 27.812209223130523
15.609999999996788 -16.92762672805719
15.619999999996782 -68.93216437798144
15.629999999996777 -118.06171159597656
15.639999999996771 -149.49906077512304
15.649999999996766 -152.59616243964456
15.65999999999676 -129.26193337154666
15.669999999996755 -92.27241026230926
15.679999999996749 -53.4664510495255
15.689999999996743 -16.89388887937052
15.699999999996738 22.594691188351263
15.709999999996732 69.3146674525471
15.719999999996727 116.58527991393234
15.729999999996721 150.16839227436998
15.739999999996716 159.31941010451595
15.74999999999671 144.3102286989783
15.759999999996705 113.35829713219312
15.769999999996699 75.91033777352473
15.779999999996694 37.669960081881015
15.789999999996688 -5.023970849814063
15.799999999996682 -55.80164024526162
15.809999999996677 -106.98734043340492
15.819999999996671 -144.11007944564216
15.829999999996666 -154.62316378814978
15.83999999999666 -136.86696288141906
15.849999999996655 -101.94571921465645
15.85999999999665 -62.83871565946197
15.869999999996644 -25.903346162485235
15.879999999996638 12.167290767213728
15.889999999996633 57.256911035261396
15.899999999996627 105.58454888087847
15.909999999996622 143.88871336605786
15.919999999996616 159.50651409232665
15.92999999999661 149.8838160725468
15.939999999996605 121.96508954660035
15.9499999999966 85.3280471201811
15.959999999996594 47.256588941855526
15.969999999996588 6.315786633448553
15.979999999996583 -42.728031894968154
15.989999999996577 -95.0449703217516
15.999999999996572 -137.03899100974664
16.009999999996584 -154.84686119440792
16.019999999996596 -143.41987019651907
16.02999999999661 -111.39563242411793
16.03999999999662 -72.39785479297646
16.049999999996633 -34.86203768740056
16.059999999996645 2.227745997177024
16.069999999996657 45.44793910734765
16.07999999999667 93.96875575967206
16.08999999999668 136.16488037248388
16.099999999996694 158.09986411010453
16.109999999996706 154.33086564030543
16.11999999999672 130.04449159842127
16.12999999999673 94.70888567383189
16.139999999996743 56.69707621188524
16.149999999996755 17.09441601541802
16.159999999996767 -29.89804744445935
16.16999999999678 -82.47315454846192
16.17999999999679 -128.44642540800066
16.189999999996804 -153.20408857972618
16.199999999996816 -148.69080499155854
16.20999999999683 -120.44822019017627
16.21999999999684 -82.09512265753655
16.229999999996853 -43.88555418551605
16.239999999996865 -7.290856621254733
16.249999999996877 34.02186182871111
16.25999999999689 81.98007708131516
16.2699999999969 127.15398019910076
16.279999999996914 155.06418297507167
16.289999999996926 157.50557095350484
16.29999999999694 137.452205749805
16.30999999999695 103.96209223042322
16.319999999996963 66.09124581084353
16.329999999996975 27.3694746129827
16.339999999996987 -17.4645924792665
16.349999999997 -69.50894416752526
16.35999999999701 -118.52614322829965
16.369999999997024 -149.6958448805765
16.379999999997036 -152.4670718630669
16.38999999999705 -128.90618552028852
16.39999999999706 -91.84336313344988
16.409999999997073 -53.05793262389646
16.419999999997085 -16.49359791884143
16.429999999997097 23.06597668515475
16.43999999999711 69.84922057419271
16.44999999999712 117.05215982819772
16.459999999997134 150.41001033994985
16.469999999997146 159.27554388872093
16.47999999999716 144.04102236397944
16.48999999999717 112.96905873779404
16.499999999997183 75.49537489026594
16.509999999997195 37.24216238333649
16.519999999997207 -5.536925668068477
16.52999999999722 -56.38062454752196
16.53999999999723 -107.49545046455867
16.549999999997244 -144.38405647514253
16.559999999997256 -154.57111216543336
16.56999999999727 -136.55223621995094
16.57999999999728 -101.52290372979465
16.589999999997293 -62.42150913996455
16.599999999997305 -25.508269079518826
16.609999999997317 12.616267193205545
16.61999999999733 57.78424427886975
16.62999999999734 106.08413787479866
16.639999999997354 144.19689016714892
16.649999999997366 159.53142201897091
16.65999999999738 149.66080072580684
16.66999999999739 121.59581909697309
16.679999999997403 84.91322202476894
16.689999999997415 46.8380089398719
16.699999999997427 5.8280493064964105
16.70999999999744 -43.30036301558192
16.71999999999745 -95.58632777947277
16.729999999997464 -137.3840011743049
16.739999999997476 -154.8760876619431
16.74999999999749 -143.1564149819489
16.7599999999975 -110.98614833698346
16.769999999997513 -71.9731349445081
16.779999999997525 -34.46658375030006
16.789999999997537 2.6563041300959185
16.79999999999755 45.961161419055955
16.80999999999756 94.49031323807672
16.819999999997574 136.53371532452596
16.829999999997586 158.1960759319853
16.839999999997598 154.16063623257665
16.84999999999761 129.70148504926797
16.859999999997623 94.29734134354095
16.869999999997635 56.282572188066005
16.879999999997647 16.63057207916374
16.88999999999766 -30.456137081735307
16.89999999999767 -83.03722301366706
16.909999999997684 -128.85461843894296
16.919999999997696 -153.31602298700201
16.929999999997708 -148.48852254363848
16.93999999999772 -120.06024044409482
16.949999999997733 -81.66589127382113
16.959999999997745 -43.48519594766768
16.969999999997757 -6.878868669973244
16.97999999999777 34.51600647278961
16.98999999999778 82.51308202907475
16.999999999997794 127.57566222715427
17.009999999997806 155.23232115718878
17.019999999997818 157.39433948639223
17.02999999999783 137.14188089050958
17.039999999997843 103.55851651007664
17.049999999997855 65.67723078904334
17.059999999997867 26.925954216598143
17.06999999999788 -18.00254937774298
17.07999999999789 -70.08540787635548
17.089999999997904 -118.98841564583054
17.099999999997916 -149.88911706698485
17.109999999997928 -152.33472480861406
17.11999999999794 -128.54886281849224
17.129999999997953 -91.41418714219503
17.139999999997965 -52.64979318243228
17.149999999997977 -16.09294108977359
17.15999999999799 23.53825391712502
17.169999999998 70.38390680785223
17.179999999998014 117.5173545508176
17.189999999998026 150.64859206581866
17.199999999998038 159.2287312603512
17.20999999999805 143.76993381278436
17.219999999998063 112.57908272808223
17.229999999998075 75.08044703984993
17.239999999998087 36.81382686460505
17.2499999999981 -6.050982930908816
17.25999999999811 -56.95970611339263
17.269999999998124 -108.00185315479945
17.279999999998136 -144.65474704198118
17.289999999998148 -154.51555593485335
17.29999999999816 -136.2354859260671
17.309999999998173 -101.09967221020652
17.319999999998185 -62.004675111654386
17.329999999998197 -25.113085083818206
17.33999999999821 13.066202873556875
17.34999999999822 58.312053845187904
17.359999999998234 106.58251092809154
17.369999999998246 144.5022426773877
17.379999999998258 159.55323249012497
17.38999999999827 149.4356091776086
17.399999999998283 121.22553684192964
17.409999999998295 84.49833819822251
17.419999999998307 46.41913906228392
17.42999999999832 5.339210296581527
17.43999999999833 -43.873158039406505
17.449999999998344 -96.12644230709954
17.459999999998356 -137.72603526266298
17.469999999998368 -154.90168084842384
17.47999999999838 -142.89048622751272
17.489999999998393 -110.57591221725579
17.499999999998405 -71.54869558253381
17.509999999998417 -34.071252143158574
17.51999999999843 3.085693722042379
17.52999999999844 46.4751253505535
17.539999999998454 95.01112771500385
17.549999999998466 136.9000285020819
17.559999999998478 158.28911713313764
17.56999999999849 153.98794526267727
17.579999999998503 129.35718662756392
17.589999999998515 93.88556271466662
17.599999999998527 55.86797831860199
17.60999999999854 16.165735639575672
17.61999999999855 -31.014992563170452
17.629999999998564 -83.6005106166087
17.639999999998576 -129.26021089168987
17.649999999998588 -153.42432113583092
17.6599999999986 -148.283348185148
17.669999999998613 -119.6711268330867
17.679999999998625 -81.23677309306588
17.689999999998637 -43.08512816701494
17.69999999999865 -6.466253160382067
17.70999999999866 35.011067335096186
17.719999999998674 83.04579541849542
17.729999999998686 127.99520223605644
17.739999999998698 155.39730455868508
17.74999999999871 157.2803861697692
17.759999999998723 136.82997853750277
17.769999999998735 103.15447580872379
17.779999999998747 65.26324101223963
17.78999999999876 26.481637959730335
17.79999999999877 -18.541490000482696
17.809999999998784 -70.66153641163494
17.819999999998796 -119.44850943318548
17.829999999998808 -150.07886962602805
17.83999999999882 -152.19913465075456
17.849999999998833 -128.18998456641242
17.859999999998845 -90.98489372837129
17.869999999998857 -52.24203093144426
17.87999999999887 -15.691906876549467
17.88999999999888 24.011521957354077
17.899999999998894 70.91870945210482
17.909999999998906 117.98084388526097
17.919999999998918 150.88413028883522
17.92999999999893 159.17898042516714
17.939999999998943 143.49697598243736
17.949999999998955 112.18838095044238
17.959999999998967 74.66555608367015
17.96999999999898 36.38494217363777
17.97999999999899 -6.566140126457142
17.989999999999004 -57.538867658414674
17.999999999999016 -108.50652828467436
18.009999999999028 -144.92213934006065
18.01999999999904 -154.45650367941596
18.029999999999053 -135.91673206172715
18.039999999999065 -100.67603840188346
18.049999999999077 -61.58821575751567
18.05999999999909 -24.717783167143637
18.0699999999991 13.51710128640957
18.079999999999114 58.840326081653046
18.089999999999126 107.0796470124623
18.099999999999138 144.8047594893081
18.10999999999915 159.57195053907327
18.119999999999163 149.208254225063
18.129999999999175 120.85425493555141
18.139999999999187 84.08340161474857
18.1499999999992 45.99996899387145
18.15999999999921 4.849267129267062
18.169999999999224 -44.44640209022016
18.179999999999236 -96.66529344671004
18.189999999999248 -138.06507814270338
18.19999999999926 -154.92364381979291
18.209999999999273 -142.62210339648703
18.219999999999285 -110.16493988120678
18.229999999999297 -71.12454243872828
18.23999999999931 -33.67603386482118
18.24999999999932 3.5159221775152787
18.259999999999334 46.989821019948096
18.269999999999346 95.53117858838013
18.279999999999358 137.2638047832039
18.28999999999937 158.37898908988413
18.299999999999383 153.81280487581432
18.309999999999395 129.0116087557214
18.319999999999407 93.47355886301989
18.32999999999942 55.45328733432784
18.33999999999943 15.699899792559691
18.349999999999444 -31.574602245560143
18.359999999999456 -84.16299726522999
18.369999999999468 -129.6631851339601
18.37999999999948 -153.5289805776369
18.389999999999493 -148.0752992083389
18.399999999999505 -119.28089709612806
18.409999999999517 -80.80777689988807
18.41999999999953 -42.68534504050791
18.42999999999954 -6.052999879450454
18.439999999999554 35.5070387758133
18.449999999999566 83.57819811622679
18.459999999999578 128.4125821149533
18.46999999999959 155.55913049771726
18.479999999999603 157.16372168973032
18.489999999999615 136.51651142017712
18.499999999999627 102.74998110225417
18.50999999999964 64.84927355374438
18.51999999999965 26.03651583630564
18.529999999999664 -19.081406722875585
18.539999999999676 -71.23731061088574
18.549999999999688 -119.9064051949184
18.5599999999997 -150.26509500884066
18.569999999999713 -152.0603149202651
18.579999999999725 -127.82956994780695
18.589999999999737 -90.55549414442044
18.59999999999975 -51.834643803138235
18.60999999999976 -15.290483657863078
18.619999999999774 24.48577980544688
18.629999999999786 71.45361180748968
18.639999999999798 118.44260782434496
18.64999999999981 151.11661815880768
18.659999999999823 159.1262998425468
18.669999999999835 143.22216196407854
18.679999999999847 111.79696540514152
18.68999999999986 74.2507038736884
18.69999999999987 35.955497181225425
18.709999999999884 -7.082394304809895
18.719999999999896 -58.118091586984505
18.729999999999908 -109.00945543562463
18.73999999999992 -145.18622152513655
18.749999999999932 -154.39396400816184
18.759999999999945 -135.59599450971535
18.769999999999957 -100.2520158024547
18.77999999999997 -61.172132932845365
18.78999999999998 -24.32235210963954
18.799999999999994 13.968965896365404
18.810000000000006 59.369047372626454
18.820000000000018 107.57552530236003
18.83000000000003 145.10442959358625
18.840000000000042 159.5875815623287
18.850000000000055 148.97874889114314
18.860000000000067 120.4819857291658
18.87000000000008 83.66841827251515
18.88000000000009 45.5804885223516
18.890000000000104 4.358217740826262
18.900000000000116 -45.020079997770466
18.910000000000128 -97.20286055910749
18.92000000000014 -138.40111463795637
18.930000000000152 -154.94197974437088
18.940000000000165 -142.3512858679135
18.950000000000177 -109.7532469404151
18.96000000000019 -70.7006810068313
18.9700000000002 -33.28091968607602
18.980000000000214 3.94699685695376
18.990000000000226 47.50523846899539
19.000000000000238 96.05044534289759
19.01000000000025 137.62502931596487
19.020000000000262 158.4656934701954
19.030000000000275 153.6352273779637
19.040000000000287 128.66476394339816
19.0500000000003 93.06133884900325
19.06000000000031 55.038491894897156
19.070000000000324 15.233057897189099
19.080000000000336 -32.13495423423055
19.090000000000348 -84.72466277023265
19.10000000000036 -130.0635235737558
19.110000000000372 -153.62999905218607
19.120000000000385 -147.8643930038442
19.130000000000397 -118.88956887070076
19.14000000000041 -80.37891134530861
19.15000000000042 -42.28584059955172
19.160000000000434 -5.639098702726756
19.170000000000446 36.003914967872745
19.180000000000458 84.11027091641316
19.19000000000047 128.82778387620692
19.200000000000482 155.7177964957843
19.210000000000495 157.0443568395753
19.220000000000507 136.20149227903107
19.23000000000052 102.3450433242162
19.24000000000053 64.43532527428138
19.250000000000544 25.590577905478312
19.260000000000556 -19.622291793972096
19.270000000000568 -71.81271134135763
19.28000000000058 -120.36208369537627
19.290000000000592 -150.44778598771552
19.300000000000605 -151.9182794585773
19.310000000000617 -127.46763823974977
19.32000000000063 -90.12599970801914
19.33000000000064 -51.42762974086459
19.340000000000654 -14.888660033732563
19.350000000000666 24.961026059690283
19.360000000000678 71.98859686587113
19.37000000000069 118.90262624294574
19.380000000000702 151.34604883505284
19.390000000000715 159.07069790207385
19.400000000000727 142.9455046174461
19.41000000000074 111.4048478211796
19.42000000000075 73.83589180120863
19.430000000000764 35.52548048316207
19.440000000000776 -7.5997425720224925
19.450000000000788 -58.69736048197437
19.4600000000008 -109.51061447763593
19.470000000000812 -145.44698216072482
19.480000000000825 -154.32794599579415
19.490000000000837 -135.27329334964472
19.50000000000085 -99.8276179967898
19.51000000000086 -60.75642851270612
19.520000000000874 -23.926780812201102
19.530000000000886 14.421799804007918
19.540000000000898 59.89820377390524
19.55000000000091 108.07012481852476
19.560000000000922 145.40124197557344
19.570000000000935 159.600130933168
19.580000000000947 148.74710604768705
19.59000000000096 120.10874139372345
19.60000000000097 83.25339385728859
19.610000000000984 45.16068719380836
19.620000000000996 3.8660601248041218
19.630000000001008 -45.594176604277806
19.64000000000102 -97.73912314370008
19.650000000001032 -138.73412983585996
19.660000000001045 -154.9566921473033
19.670000000001057 -142.07805319577108
19.68000000000107 -109.3408490176785
19.69000000000108 -70.27711671568314
19.700000000001094 -32.88590036385864
19.710000000001106 4.378924879397786
19.720000000001118 48.02136748898474
19.73000000000113 96.568907340685
19.740000000001142 137.9836873457509
19.750000000001155 158.54923205687436
19.760000000001167 153.45522508016307
19.77000000000118 128.31666466996802
19.78000000000119 92.64891160029615
19.790000000001204 54.6235844884788
19.800000000001216 14.765203498521956
19.810000000001228 -32.696036463793604
19.82000000000124 -85.2854868698896
19.830000000001252 -130.46120864443648
19.840000000001265 -153.72737446850448
19.850000000001277 -147.65064701154955
19.86000000000129 -118.49715963578
19.8700000000013 -79.95018487465312
19.880000000001314 -41.886608630663005
19.890000000001326 -5.224539504767378
19.900000000001338 36.50168998599315
19.91000000000135 84.6419946204374
19.920000000001362 129.24078974082107
19.930000000001375 155.8733003363298
19.940000000001387 156.922302554167
19.9500000000014 135.88493389587086
19.96000000000141 101.93967339711675
19.970000000001424 64.02139288998723
19.980000000001436 25.143814413619722
19.990000000001448 -20.164137161801833
20.00000000000146 -72.38771929442687
