t val
0.01 -4.500487574773402e-07
0.020000000000000004 -1.1382685333901837e-06
0.030000000000000013 -1.5068334910188873e-06
0.04000000000000002 -2.1310252947310136e-06
0.05000000000000003 -2.4499096722841846e-06
0.06000000000000004 -2.983398626513009e-06
0.07000000000000005 -3.2604500461072892e-06
0.08000000000000006 -3.7301801112053634e-06
0.09000000000000007 -4.004330977940164e-06
0.10000000000000007 -4.424459874134341e-06
0.11000000000000008 -4.677111445891266e-06
0.12000000000000009 -5.026000862234089e-06
0.1300000000000001 -5.245883053722674e-06
0.1400000000000001 -5.540926948059745e-06
0.1500000000000001 -5.7492154224674785e-06
0.16000000000000011 -6.0096210596541156e-06
0.17000000000000012 -6.1981172994090705e-06
0.18000000000000013 -6.4078836424008954e-06
0.19000000000000014 -6.55925293421482e-06
0.20000000000000015 -6.72448700265881e-06
0.21000000000000016 -6.854785812887677e-06
0.22000000000000017 -6.99396767781674e-06
0.23000000000000018 -7.103012885749184e-06
0.24000000000000019 -7.2048966160157834e-06
0.25000000000000017 -7.277169390568922e-06
0.2600000000000002 -7.340100545294626e-06
0.2700000000000002 -7.3855398082295995e-06
0.2800000000000002 -7.4249918133248565e-06
0.2900000000000002 -7.449071323471204e-06
0.3000000000000002 -7.458917521201261e-06
0.3100000000000002 -7.449005801337795e-06
0.32000000000000023 -7.423325274022053e-06
0.33000000000000024 -7.38417199111835e-06
0.34000000000000025 -7.334747948470763e-06
0.35000000000000026 -7.274136022339724e-06
0.36000000000000026 -7.199262245444286e-06
0.3700000000000003 -7.1081242730755825e-06
0.3800000000000003 -7.000454161840714e-06
0.3900000000000003 -6.8794684006259985e-06
0.4000000000000003 -6.747051482120834e-06
0.4100000000000003 -6.604307473291654e-06
0.4200000000000003 -6.448736125582861e-06
0.4300000000000003 -6.278741458774468e-06
0.44000000000000034 -6.093170978194796e-06
0.45000000000000034 -5.894137466159459e-06
0.46000000000000035 -5.683471861114948e-06
0.47000000000000036 -5.462735222104892e-06
0.48000000000000037 -5.230757924819866e-06
0.4900000000000004 -4.986159878149041e-06
0.5000000000000003 -4.727760896982081e-06
0.5100000000000003 -4.456645813863197e-06
0.5200000000000004 -4.174549357316272e-06
0.5300000000000004 -3.883181251080632e-06
0.5400000000000004 -3.582498683112368e-06
0.5500000000000004 -3.271620946603025e-06
0.5600000000000004 -2.949619443549073e-06
0.5700000000000004 -2.6169901313077313e-06
0.5800000000000004 -2.275253333392313e-06
0.5900000000000004 -1.926182967407914e-06
0.6000000000000004 -1.5705401936152583e-06
0.6100000000000004 -1.2081094568756562e-06
0.6200000000000004 -8.383744750469368e-07
0.6300000000000004 -4.616268657142983e-07
0.6400000000000005 -7.918124535852838e-08
0.6500000000000005 3.0716227792941956e-07
0.6600000000000005 6.960820547841505e-07
0.6700000000000005 1.0871031860907766e-06
0.6800000000000005 1.4802105485701923e-06
0.6900000000000005 1.8750181658968577e-06
0.7000000000000005 2.270302748190863e-06
0.7100000000000005 2.6642407160808893e-06
0.7200000000000005 3.0551158174150087e-06
0.7300000000000005 3.441834855508257e-06
0.7400000000000005 3.823826748799661e-06
0.7500000000000006 4.200464640832466e-06
0.7600000000000006 4.570547185434179e-06
0.7700000000000006 4.932293208622084e-06
0.7800000000000006 5.283808851642452e-06
0.7900000000000006 5.623597187835109e-06
0.8000000000000006 5.950654613230995e-06
0.8100000000000006 6.264109232938687e-06
0.8200000000000006 6.5627363901641846e-06
0.8300000000000006 6.844781935891783e-06
0.8400000000000006 7.1082058413980795e-06
0.8500000000000006 7.351099276224909e-06
0.8600000000000007 7.571885246903708e-06
0.8700000000000007 7.76914627868515e-06
0.8800000000000007 7.941253233756143e-06
0.8900000000000007 8.086147035871202e-06
0.9000000000000007 8.20147122311735e-06
0.9100000000000007 8.284953717190836e-06
0.9200000000000007 8.334735182332884e-06
0.9300000000000007 8.349426402507745e-06
0.9400000000000007 8.327928124165742e-06
0.9500000000000007 8.269247243390585e-06
0.9600000000000007 8.17251185044539e-06
0.9700000000000008 8.03718204442514e-06
0.9800000000000008 7.863257576481048e-06
0.9900000000000008 7.651278682891251e-06
1.0000000000000007 7.4020880436853705e-06
1.0100000000000007 7.116513492601177e-06
1.0200000000000007 6.795171111004126e-06
1.0300000000000007 6.438459793719437e-06
1.0400000000000007 6.046649425770046e-06
1.0500000000000007 5.619914477959589e-06
1.0600000000000007 5.158267962320401e-06
1.0700000000000007 4.661499988208839e-06
1.0800000000000007 4.129267589217125e-06
1.0900000000000007 3.5613629826963717e-06
1.1000000000000008 2.958012020404238e-06
1.1100000000000008 2.3199910427505255e-06
1.1200000000000008 1.648461024951383e-06
1.1300000000000008 9.446112073223689e-07
1.1400000000000008 2.093230355362239e-07
1.1500000000000008 -5.569792492876682e-07
1.1600000000000008 -1.3542767970494569e-06
1.1700000000000008 -2.182816391829664e-06
1.1800000000000008 -3.043012098277843e-06
1.1900000000000008 -3.935434425819733e-06
1.2000000000000008 -4.860834124062338e-06
1.2100000000000009 -5.820116717543392e-06
1.2200000000000009 -6.814237194303502e-06
1.2300000000000009 -7.844062781746662e-06
1.2400000000000009 -8.91028586258147e-06
1.2500000000000009 -1.0013430666059888e-05
1.260000000000001 -1.1153923270404116e-05
1.270000000000001 -1.233215261261215e-05
1.280000000000001 -1.3548472075029293e-05
1.290000000000001 -1.4803151567702996e-05
1.300000000000001 -1.609633399258747e-05
1.310000000000001 -1.7428040009771395e-05
1.320000000000001 -1.8798214368842127e-05
1.330000000000001 -2.0206764948955022e-05
1.340000000000001 -2.1653548324840286e-05
1.350000000000001 -2.3138299117938024e-05
1.360000000000001 -2.4660546453366753e-05
1.370000000000001 -2.6219569291911264e-05
1.380000000000001 -2.781440880540307e-05
1.390000000000001 -2.9443913924017322e-05
1.400000000000001 -3.1106778601078315e-05
1.410000000000001 -3.2801547973702675e-05
1.420000000000001 -3.4526606164725796e-05
1.430000000000001 -3.6280175528702926e-05
1.440000000000001 -3.806034311911062e-05
1.450000000000001 -3.98651004813654e-05
1.460000000000001 -4.169236533070319e-05
1.470000000000001 -4.3539964572736555e-05
1.480000000000001 -4.5405588361202725e-05
1.490000000000001 -4.7286748250195244e-05
1.500000000000001 -4.918077092708084e-05
1.5100000000000011 -5.108483567678293e-05
1.5200000000000011 -5.299603822944213e-05
1.5300000000000011 -5.491145645166637e-05
1.5400000000000011 -5.682820510399267e-05
1.5500000000000012 -5.87434826996809e-05
1.5600000000000012 -6.065461824552051e-05
1.5700000000000012 -6.25591149496618e-05
1.5800000000000012 -6.4454673791683e-05
1.5900000000000012 -6.63391779890843e-05
1.6000000000000012 -6.821063357197818e-05
1.6100000000000012 -7.006708262648006e-05
1.6200000000000012 -7.190651857464149e-05
1.6300000000000012 -7.3726828420012e-05
1.6400000000000012 -7.552577121856211e-05
1.6500000000000012 -7.730098753550264e-05
1.6600000000000013 -7.905003041410325e-05
1.6700000000000013 -8.077041332781882e-05
1.6800000000000013 -8.245967507706599e-05
1.6900000000000013 -8.411545810072686e-05
1.7000000000000013 -8.573558697091201e-05
1.7100000000000013 -8.731812607339756e-05
1.7200000000000013 -8.886139832156033e-05
1.7300000000000013 -9.036396039113831e-05
1.7400000000000013 -9.18245458820877e-05
1.7500000000000013 -9.324199701409365e-05
1.7600000000000013 -9.461520360629766e-05
1.7700000000000014 -9.594305902746285e-05
1.7800000000000014 -9.72244344857717e-05
1.7900000000000014 -9.845817017426044e-05
1.8000000000000014 -9.964308334297592e-05
1.8100000000000014 -0.00010077799460341544
1.8200000000000014 -0.00010186177042783723
1.8300000000000014 -0.00010289337196316312
1.8400000000000014 -0.00010387189227143492
1.8500000000000014 -0.00010479656305752266
1.8600000000000014 -0.00010566672301545405
1.8700000000000014 -0.00010648175850969334
1.8800000000000014 -0.00010724104158379202
1.8900000000000015 -0.00010794389163145512
1.9000000000000015 -0.00010858957720431456
1.9100000000000015 -0.00010917736161517823
1.9200000000000015 -0.00010970658548849926
1.9300000000000015 -0.00011017677116238429
1.9400000000000015 -0.00011058772687539858
1.9500000000000015 -0.00011093962451270532
1.9600000000000015 -0.00011123302669111881
1.9700000000000015 -0.00011146884905946917
1.9800000000000015 -0.00011164826116399155
1.9900000000000015 -0.00011177254963452065
2.0000000000000013 -0.00011184297952612918
2.0100000000000002 -0.00011231532981712428
2.019999999999999 -0.00011297563877108898
2.029999999999998 -0.00011326752486735146
2.039999999999997 -0.0001137686821559727
2.049999999999996 -0.00011391665586502905
2.0599999999999947 -0.00011423455048314484
2.0699999999999936 -0.0001142490982501838
2.0799999999999925 -0.00011441267367260961
2.0899999999999914 -0.00011433564265724004
2.0999999999999903 -0.00011436229513192679
2.109999999999989 -0.00011417683604740227
2.119999999999988 -0.00011404011108243187
2.129999999999987 -0.0001137154439880816
2.139999999999986 -0.00011338911606188579
2.149999999999985 -0.0001128737509708764
2.1599999999999837 -0.00011228521197910578
2.1699999999999826 -0.00011148962292338554
2.1799999999999815 -0.0001105942444441109
2.1899999999999804 -0.0001095601022851852
2.1999999999999793 -0.00010852066552650998
2.209999999999978 -0.00010749710713185164
2.219999999999977 -0.00010659721652654514
2.229999999999976 -0.00010582925696384401
2.239999999999975 -0.00010523989058332743
2.249999999999974 -0.00010480776575728992
2.2599999999999727 -0.0001045356998163141
2.2699999999999716 -0.00010438737091983112
2.2799999999999705 -0.0001043410934804058
2.2899999999999694 -0.00010435439563765515
2.2999999999999683 -0.00010439708849601932
2.309999999999967 -0.00010443584597680835
2.319999999999966 -0.0001044512168634541
2.329999999999965 -0.00010442864496617484
2.339999999999964 -0.00010436250624690468
2.349999999999963 -0.00010425211668552648
2.3599999999999617 -0.00010410260549093156
2.3699999999999606 -0.00010392598653570131
2.3799999999999595 -0.00010373871895505169
2.3899999999999584 -0.00010356070667635397
2.3999999999999573 -0.00010340813902622663
2.409999999999956 -0.00010329251805009643
2.419999999999955 -0.00010321693516589312
2.429999999999954 -0.00010318044592766584
2.439999999999953 -0.00010317806223444135
2.4499999999999518 -0.00010320444216866927
2.4599999999999507 -0.0001032511656687401
2.4699999999999496 -0.00010330737899203402
2.4799999999999485 -0.00010335781116627217
2.4899999999999474 -0.0001033860792615293
2.4999999999999463 -0.00010337653823890933
2.509999999999945 -0.00010331859740642125
2.519999999999944 -0.00010320765270404773
2.529999999999943 -0.00010304646441874522
2.539999999999942 -0.00010284408911903929
2.5499999999999408 -0.00010261563801344555
2.5599999999999397 -0.00010238030720192937
2.5699999999999386 -0.00010215929944504463
2.5799999999999375 -0.00010197214226990922
2.5899999999999364 -0.00010183379168328124
2.5999999999999353 -0.00010175293621137668
2.609999999999934 -0.00010173314303102997
2.619999999999933 -0.00010177534456987955
2.629999999999932 -0.00010187989793595648
2.639999999999931 -0.0001020453448602136
2.6499999999999297 -0.00010226347623805724
2.6599999999999286 -0.00010251260836729751
2.6699999999999275 -0.00010275367456501979
2.6799999999999264 -0.00010293334162484042
2.6899999999999253 -0.00010299583585728548
2.6999999999999242 -0.00010290054789125665
2.709999999999923 -0.0001026388184386396
2.719999999999922 -0.00010224212741131891
2.729999999999921 -0.000101776645318815
2.73999999999992 -0.00010132462686091155
2.7499999999999187 -0.00010095937629915885
2.7599999999999176 -0.00010072427759985355
2.7699999999999165 -0.00010062540101010802
2.7799999999999154 -0.00010064124782098281
2.7899999999999143 -0.00010074465747165096
2.7999999999999132 -0.00010092504716572666
2.809999999999912 -0.00010119775226919388
2.819999999999911 -0.00010159286697648623
2.82999999999991 -0.0001021264363654437
2.839999999999909 -0.00010276747713284226
2.8499999999999077 -0.00010341947906517907
2.8599999999999066 -0.00010393139687866946
2.8699999999999055 -0.00010414096728975467
2.8799999999999044 -0.00010393728096775589
2.8899999999999033 -0.00010331707335921763
2.899999999999902 -0.00010240698776237945
2.909999999999901 -0.00010143493566967572
2.9199999999999 -0.00010065468648449732
2.929999999999899 -0.00010025069374099916
2.939999999999898 -0.00010026430555355602
2.9499999999998967 -0.00010057941696352566
2.9599999999998956 -0.00010098322437549601
2.9699999999998945 -0.00010128290683371998
2.9799999999998934 -0.00010142646660727745
2.9899999999998923 -0.00010156288278033031
2.999999999999891 -0.00010199477502586735
3.00999999999989 -0.00010302411478981103
3.019999999999889 -0.00010475021113103195
3.029999999999888 -0.00010692045353109132
3.039999999999887 -0.00010893138707927664
3.0499999999998857 -0.00011002104706047365
3.0599999999998846 -0.00010960052148229983
3.0699999999998835 -0.00010758500360448232
3.0799999999998824 -0.00010455109945725215
3.0899999999998813 -0.00010159900229750188
3.09999999999988 -9.992723055928096e-05
3.109999999999879 -0.00010028143239561542
3.119999999999878 -0.00010253906461842361
3.129999999999877 -0.0001056724374738441
3.139999999999876 -0.00010817932937823163
3.1499999999998747 -0.00010883882606074763
3.1599999999998736 -0.00010744860136959936
3.1699999999998725 -0.00010514147618466372
3.1799999999998714 -0.00010402342171568234
3.1899999999998703 -0.00010618721870034693
3.199999999999869 -0.00011250406998848981
3.209999999999868 -0.00012180020346556935
3.219999999999867 -0.0001309476485878364
3.229999999999866 -0.00013602347697068594
3.2399999999998648 -0.00013416009175612473
3.2499999999998637 -0.0001252667795707167
3.2599999999998626 -0.00011269529057494998
3.2699999999998615 -0.0001022752664869284
3.2799999999998604 -9.987676972727381e-05
3.2899999999998593 -0.00010846527582354762
3.299999999999858 -0.0001260823167378798
3.309999999999857 -0.00014598910728454509
3.319999999999856 -0.00015932706224170687
3.329999999999855 -0.0001594129015750054
3.3399999999998538 -0.00014575853753748648
3.3499999999998527 -0.00012564008081750107
3.3599999999998515 -0.00011184172165390477
3.3699999999998504 -0.00011692354106969822
3.3799999999998493 -0.00014631882472598276
3.3899999999998482 -0.00019372016237084296
3.399999999999847 -0.000241727724145899
3.409999999999846 -0.00026855476916103137
3.419999999999845 -0.0002585809681702737
3.429999999999844 -0.00021207822027763257
3.4399999999998427 -0.0001487842661993172
3.4499999999998416 -0.00010193019039448958
3.4599999999998405 -0.00010365559020394954
3.4699999999998394 -0.0001678053731379575
3.4799999999998383 -0.00027895526690317594
3.4899999999998372 -0.00039479155014022935
3.499999999999836 -0.0004630486828306011
3.509999999999835 -0.00044701960672118967
3.519999999999834 -0.0003483773972261984
3.529999999999833 -0.00021483939100936552
3.5399999999998317 -0.00012470801525707586
3.5499999999998306 -0.00015092826554329448
3.5599999999998295 -0.00032011636546811243
3.5699999999998284 -0.000588600650524016
3.5799999999998273 -0.0008515954936416769
3.589999999999826 -0.0009860024337574435
3.599999999999825 -0.000911047781783362
3.609999999999824 -0.0006407178085699876
3.619999999999823 -0.00029948931926824667
3.629999999999822 -8.118546237630604e-05
3.6399999999998207 -0.0001569641062259577
3.6499999999998196 -0.0005758802398973051
3.6599999999998185 -0.0012175297741774502
3.6699999999998174 -0.0018284969848147176
3.6799999999998163 -0.002128683443173097
3.689999999999815 -0.0019462171937589473
3.699999999999814 -0.00132959636727489
3.709999999999813 -0.0005773246471813205
3.719999999999812 -0.0001330275665648257
3.729999999999811 -0.00036006701534787596
3.7399999999998097 -0.0013137427601341302
3.7499999999998086 -0.002663990848098817
3.7599999999998075 -0.0038288039499272774
3.7699999999998064 -0.004242466088893593
3.7799999999998053 -0.0036272885472551394
3.789999999999804 -0.002191900650555111
3.799999999999803 -0.0006621224483511479
3.809999999999802 1.0433132027972729e-05
3.819999999999801 -0.000784287579084387
3.8299999999998 -0.002873717475249586
3.8399999999997987 -0.005367162427237507
3.8499999999997976 -0.007141921913700472
3.8599999999997965 -0.0073514298725688935
3.8699999999997954 -0.005801534996056937
3.8799999999997943 -0.0031677986309435594
3.889999999999793 -0.0008330834810719522
3.899999999999792 -0.00021842894705394314
3.909999999999791 -0.0017922551268799707
3.91999999999979 -0.004657688082525108
3.9299999999997888 -0.007313338016209421
3.9399999999997877 -0.008528711255537495
3.9499999999997866 -0.007806497665331141
3.9599999999997855 -0.005470600696056864
3.9699999999997844 -0.0025428741904101513
3.9799999999997833 -0.0004795071364409955
3.989999999999782 -0.0004216091447363161
3.999999999999781 -0.0023557720952235447
4.00999999999978 -0.0051241565082368115
4.019999999999779 -0.007356763104472412
4.029999999999778 -0.008232374375255185
4.039999999999777 -0.0075437476263596325
4.049999999999776 -0.005547080323427403
4.059999999999775 -0.0029697859378727963
4.069999999999774 -0.0009197004418010396
4.079999999999773 -0.00045548268517480996
4.089999999999772 -0.001815267919284356
4.0999999999997705 -0.004091743062189614
4.109999999999769 -0.00608425070106682
4.119999999999768 -0.00703311526180928
4.129999999999767 -0.006693878185666462
4.139999999999766 -0.00521989942124151
4.149999999999765 -0.00308207990545423
4.159999999999764 -0.001085056766406849
4.169999999999763 -0.00022038451282893154
4.179999999999762 -0.0010281164835868363
4.189999999999761 -0.002992756069373381
4.1999999999997595 -0.004975670014195984
4.209999999999758 -0.006122135522053415
4.219999999999757 -0.006143031385110948
4.229999999999756 -0.00512898030843814
4.239999999999755 -0.0034043656751602445
4.249999999999754 -0.0015549175217761345
4.259999999999753 -0.00040503218281944854
4.269999999999752 -0.0006412833531131909
4.279999999999751 -0.002152934976252372
4.28999999999975 -0.003989355598919951
4.2999999999997485 -0.005196022366909845
4.309999999999747 -0.0053628699776882395
4.319999999999746 -0.004557938924335832
4.329999999999745 -0.003111882548401459
4.339999999999744 -0.0015140143591758186
4.349999999999743 -0.00039022682565939494
4.359999999999742 -0.00034370155199792184
4.369999999999741 -0.0015114761004920924
4.37999999999974 -0.0032741366239090203
4.3899999999997386 -0.004690122520634262
4.3999999999997375 -0.005162141912848397
4.409999999999736 -0.0046215297992546625
4.419999999999735 -0.003353637305074736
4.429999999999734 -0.0018254720638108024
4.439999999999733 -0.0006155050263605015
4.449999999999732 -0.00030142575381128674
4.459999999999731 -0.001157137203096421
4.46999999999973 -0.0028130981543686194
4.479999999999729 -0.004397033489235765
4.4899999999997275 -0.005139191111585545
4.499999999999726 -0.004775592049032249
4.509999999999725 -0.0035356234059326238
4.519999999999724 -0.0019411886381819204
4.529999999999723 -0.0006244519765997823
4.539999999999722 -0.0001657097054818047
4.549999999999721 -0.0008505375665687513
4.55999999999972 -0.002410175473658946
4.569999999999719 -0.004079767926440725
4.579999999999718 -0.0050594689060243754
4.5899999999997165 -0.004944563464089763
4.599999999999715 -0.003838168281641082
4.609999999999714 -0.0022322259722921804
4.619999999999713 -0.0008129721482803787
4.629999999999712 -0.00023685211786841453
4.639999999999711 -0.000840469181630113
4.64999999999971 -0.002381809701398055
4.659999999999709 -0.004111090760690218
4.669999999999708 -0.005212320305733029
4.679999999999707 -0.005218138031242295
4.6899999999997055 -0.004156156190773743
4.699999999999704 -0.0024827399656943794
4.709999999999703 -0.000911248316198592
4.719999999999702 -0.00016331100464459018
4.729999999999701 -0.0006371101134306997
4.7399999999997 -0.002124063037485266
4.749999999999699 -0.0038829776840715383
4.759999999999698 -0.005094430092729518
4.769999999999697 -0.0052661749807763215
4.779999999999696 -0.004364458911443659
4.7899999999996945 -0.0027676474713445036
4.799999999999693 -0.0011485777768011842
4.809999999999692 -0.00027256246131301487
4.819999999999691 -0.0006466520538430026
4.82999999999969 -0.0021396706868086267
4.839999999999689 -0.003989128626054905
4.849999999999688 -0.0053041103954262194
4.859999999999687 -0.005541134926525726
4.869999999999686 -0.004651532657168221
4.879999999999685 -0.0030114499462369276
4.8899999999996835 -0.0012863611447649387
4.899999999999682 -0.00024563440032390147
4.909999999999681 -0.0004429822357515638
4.91999999999968 -0.0018279970592611691
4.929999999999679 -0.0036824538070961165
4.939999999999678 -0.005093857660237833
4.949999999999677 -0.0054749600962551385
4.959999999999676 -0.00473276001211068
4.969999999999675 -0.003197494482852698
4.979999999999674 -0.0014939495653587599
4.9899999999996725 -0.00038257727718256167
4.999999999999671 -0.00046982224005198643
5.00999999999967 -0.0017979043328424642
5.019999999999669 -0.0036963886243613496
5.029999999999668 -0.005216454947313383
5.039999999999667 -0.005699155253826501
5.049999999999666 -0.005003594741461205
5.059999999999665 -0.0034485221170369963
5.069999999999664 -0.0016593463916302975
5.079999999999663 -0.00039584647262211944
5.0899999999996615 -0.0002833014017893976
5.09999999999966 -0.001434006784653859
5.109999999999659 -0.003265412561958322
5.119999999999658 -0.004856174623041663
5.129999999999657 -0.005508712528357849
5.139999999999656 -0.0050116995803485085
5.149999999999655 -0.0036099040370778687
5.159999999999654 -0.0018754688588587727
5.169999999999653 -0.0005561480891791283
5.1799999999996515 -0.0003240373466954058
5.1899999999996504 -0.0013830576749835238
5.199999999999649 -0.003219480164886868
5.209999999999648 -0.004904074575875469
5.219999999999647 -0.0056772096630964535
5.229999999999646 -0.005265690700504326
5.239999999999645 -0.0038812606797934217
5.249999999999644 -0.0020840733257268674
5.259999999999643 -0.0006204996016900376
5.269999999999642 -0.0001827977142840435
5.2799999999996405 -0.001040775599334282
5.289999999999639 -0.002770943109493185
5.299999999999638 -0.00448677181073348
5.309999999999637 -0.0054056371924289725
5.319999999999636 -0.0051945966250175266
5.329999999999635 -0.003991053993727622
5.339999999999634 -0.002289338472618111
5.349999999999633 -0.0008040682559367825
5.359999999999632 -0.00025702708414272166
5.369999999999631 -0.0010082209736655427
5.3799999999996295 -0.0027209070003014354
5.389999999999628 -0.004517735699984882
5.399999999999627 -0.005557767601955887
5.409999999999626 -0.0054420741073266015
5.419999999999625 -0.0042715660558939675
5.429999999999624 -0.0025270924052315904
5.439999999999623 -0.0009167453365923726
5.449999999999622 -0.00017097780930916377
5.459999999999621 -0.000704842518176615
5.46999999999962 -0.0022788043890738102
5.4799999999996185 -0.004077496625020561
5.489999999999617 -0.005245295360127119
5.499999999999616 -0.005324347538128976
5.509999999999615 -0.004342700720138013
5.519999999999614 -0.0027157940516347218
5.529999999999613 -0.001113026379004889
5.539999999999612 -0.0002771306786949213
5.549999999999611 -0.000698555441254496
5.55999999999961 -0.0022331703988629358
5.569999999999609 -0.004098130842353179
5.5799999999996075 -0.005389541162935747
5.589999999999606 -0.005576157325025078
5.599999999999605 -0.004639144590362224
5.609999999999604 -0.002979452359294043
5.619999999999603 -0.0012647652772760757
5.629999999999602 -0.00024451488101369075
5.639999999999601 -0.0004483479088027976
5.6499999999996 -0.0018183519834607587
5.659999999999599 -0.003647981792288463
5.669999999999598 -0.005038509552765249
5.6799999999995965 -0.005408821295398814
5.689999999999595 -0.004667823028901088
5.699999999999594 -0.003146550801290839
5.709999999999593 -0.001466767883174926
5.719999999999592 -0.0003780931938861126
5.729999999999591 -0.0004714114080946496
5.73999999999959 -0.0017829437427225635
5.749999999999589 -0.0036561130474228242
5.759999999999588 -0.005161327742312562
5.769999999999587 -0.005647237080419928
5.7799999999995855 -0.004967875352663002
5.789999999999584 -0.003432148190202089
5.799999999999583 -0.0016572182465225444
5.809999999999582 -0.0003970877799963585
5.819999999999581 -0.00027317025767400755
5.82999999999958 -0.0013988499014884032
5.839999999999579 -0.0032017845871272843
5.849999999999578 -0.0047746634459154514
5.859999999999577 -0.005427643750444885
5.869999999999576 -0.004947667755726282
5.8799999999995745 -0.003571289871144863
5.889999999999573 -0.001860619686537405
5.899999999999572 -0.0005552949491028191
5.909999999999571 -0.0003236788164795334
5.91999999999957 -0.0013723288214132667
5.929999999999569 -0.003195682552216011
5.939999999999568 -0.004872006682844925
5.949999999999567 -0.005644912228771269
5.959999999999566 -0.005240719971363047
5.9699999999995645 -0.0038681595940873075
5.979999999999563 -0.002082232981662392
5.989999999999562 -0.0006231571296272435
5.999999999999561 -0.0001795971160690058
6.00999999999956 -0.0010244761190949952
6.019999999999559 -0.00274292759143866
6.029999999999558 -0.0044539949109392695
6.039999999999557 -0.005374246871456424
6.049999999999556 -0.005167938337941007
6.059999999999555 -0.003971237583759764
6.0699999999995535 -0.0022780304781325218
6.079999999999552 -0.0008009714148457074
6.089999999999551 -0.0002585089932704866
6.09999999999955 -0.0010097592122486987
6.109999999999549 -0.002722016798088722
6.119999999999548 -0.0045212433305085115
6.129999999999547 -0.005564614429077246
6.139999999999546 -0.005449344148502505
6.149999999999545 -0.0042754173933877765
6.159999999999544 -0.00252649749356724
6.1699999999995425 -0.0009140872471533387
6.179999999999541 -0.00016921238203934633
6.18999999999954 -0.0007046248393683181
6.199999999999539 -0.0022792221432747064
6.209999999999538 -0.004078335287169718
6.219999999999537 -0.005246482222316067
6.229999999999536 -0.005324352635525087
6.239999999999535 -0.004339280661054719
6.249999999999534 -0.0027087446189355715
6.259999999999533 -0.0011061149233786464
6.2699999999995315 -0.0002764711474049247
6.27999999999953 -0.0007077605847228964
6.289999999999529 -0.0022501728014477115
6.299999999999528 -0.004117652718066684
6.309999999999527 -0.0054071336272744795
6.319999999999526 -0.005589009588479536
6.329999999999525 -0.0046455033899444964
6.339999999999524 -0.002979084653777162
6.349999999999523 -0.001260346326795402
6.359999999999522 -0.00024158709054420132
6.3699999999995205 -0.00045199857490144763
6.379999999999519 -0.001828617049693593
6.389999999999518 -0.003659937577973588
6.399999999999517 -0.00504706813610825
6.409999999999516 -0.005411774062526684
6.419999999999515 -0.00466551464097756
6.429999999999514 -0.003140710186760435
6.439999999999513 -0.0014604163986002604
6.449999999999512 -0.00037582152120797086
6.459999999999511 -0.00047774113015474864
6.4699999999995095 -0.0017983073006256002
6.479999999999508 -0.003675326295194437
6.489999999999507 -0.005177498254326268
6.499999999999506 -0.005656143962828855
6.509999999999505 -0.0049691284849054645
6.519999999999504 -0.0034280184889202586
6.529999999999503 -0.0016512734895158504
6.539999999999502 -0.0003934226715282959
6.549999999999501 -0.0002752315550426936
6.5599999999995 -0.001407050240162852
6.5699999999994985 -0.003212295426315621
6.579999999999497 -0.004782060318101631
6.589999999999496 -0.005428567057711616
6.599999999999495 -0.004942237335323151
6.609999999999494 -0.0035623536939296176
6.619999999999493 -0.0018522681857085987
6.629999999999492 -0.0005515184589614242
6.639999999999491 -0.0003270243434708815
6.64999999999949 -0.0013822740750080084
6.6599999999994886 -0.003208277764717727
6.6699999999994874 -0.004882166670737543
6.679999999999486 -0.005649195876869063
6.689999999999485 -0.005238571460617374
6.699999999999484 -0.003861602066488864
6.709999999999483 -0.0020747761245674527
6.719999999999482 -0.0006184607697587275
6.729999999999481 -0.00017994875611828832
6.73999999999948 -0.0010293946654822404
6.749999999999479 -0.002749215188028279
6.7599999999994775 -0.004457865270195
6.769999999999476 -0.0053734458759856964
6.779999999999475 -0.005162399318188697
6.789999999999474 -0.003962756764119561
6.799999999999473 -0.002269641357158863
6.809999999999472 -0.0007960883236925387
6.819999999999471 -0.00025953515601712644
6.82999999999947 -0.001016388949022637
6.839999999999469 -0.00273092987818989
6.849999999999468 -0.004528270774350462
6.8599999999994665 -0.0055670577948678445
6.869999999999465 -0.005446700558922196
6.879999999999464 -0.004269046898886571
6.889999999999463 -0.002519011430244019
6.899999999999462 -0.0009086375007761361
6.909999999999461 -0.00016829707069887078
6.91999999999946 -0.0007084445559690285
6.929999999999459 -0.002285075895638451
6.939999999999458 -0.00408244621490945
6.949999999999457 -0.005246400013764615
6.9599999999994555 -0.005319766189186782
6.969999999999454 -0.004331618301855019
6.979999999999453 -0.0027005362455882497
6.989999999999452 -0.001100410188906498
6.999999999999451 -0.0002758775621406385
7.00999999999945 -0.0007128450573700421
7.019999999999449 -0.0022584746589239704
7.029999999999448 -0.004125105276174529
7.039999999999447 -0.005410585379048773
7.049999999999446 -0.005587427094889532
7.0599999999994445 -0.004639851495895419
7.069999999999443 -0.002971697906282851
7.079999999999442 -0.001254246380615674
7.089999999999441 -0.000239519302652968
7.09999999999944 -0.0004549633949592772
7.109999999999439 -0.0018347971008463165
7.119999999999438 -0.0036657128944126063
7.129999999999437 -0.00504937444557003
7.139999999999436 -0.005409451677549046
7.149999999999435 -0.0046593281169758985
7.1599999999994335 -0.0031328513328854088
7.169999999999432 -0.0014539294890774323
7.179999999999431 -0.0003737149221726511
7.18999999999943 -0.00048144615467494084
7.199999999999429 -0.0018062792493489812
7.209999999999428 -0.0036837419029578417
7.219999999999427 -0.005182716739687367
7.229999999999426 -0.005656366428645006
7.239999999999425 -0.004964660141279859
7.249999999999424 -0.0034208353122467043
7.2599999999994225 -0.0016444132892898247
7.269999999999421 -0.0003900752260814771
7.27999999999942 -0.0002772215331885002
7.289999999999419 -0.0014133395578127767
7.299999999999418 -0.003219389214086588
7.309999999999417 -0.0047863849161802145
7.319999999999416 -0.005428276828407903
7.329999999999415 -0.004937513253380065
7.339999999999414 -0.0035549951080613347
7.349999999999413 -0.0018451870674285223
7.3599999999994115 -0.0005479975280507809
7.36999999999941 -0.0003292581387564169
7.379999999999409 -0.0013896009732394085
7.389999999999408 -0.0032171629388544386
7.399999999999407 -0.004888586642367615
7.409999999999406 -0.005650782122728693
7.419999999999405 -0.00523515580135401
7.429999999999404 -0.0038548249458895127
7.439999999999403 -0.0020674858698320133
7.4499999999994015 -0.0006139622143729142
7.4599999999994 -0.0001806644116652421
7.469999999999399 -0.0010351429353255425
7.479999999999398 -0.002756887030676441
7.489999999999397 -0.0044635417565606576
7.499999999999396 -0.005374674057948014
7.509999999999395 -0.005158867117856407
7.519999999999394 -0.003955938121097057
7.529999999999393 -0.0022622395421738523
7.539999999999392 -0.0007913937919427191
7.5499999999993905 -0.00026020647226888087
7.559999999999389 -0.001022630011134496
7.569999999999388 -0.0027397732167959944
7.579999999999387 -0.004535510777356946
7.589999999999386 -0.005569765686803211
7.599999999999385 -0.00544419993937619
7.609999999999384 -0.004262661116407851
7.619999999999383 -0.002511413667990935
7.629999999999382 -0.0009031298613327845
7.639999999999381 -0.00016765381903118657
7.6499999999993795 -0.0007132221293428767
7.659999999999378 -0.0022927521562588105
7.669999999999377 -0.004089019688616719
7.679999999999376 -0.005248896061308375
7.689999999999375 -0.005317338653172141
7.699999999999374 -0.004325371349361237
7.709999999999373 -0.002692953167980647
7.719999999999372 -0.0010947272464293875
7.729999999999371 -0.0002750337895903009
7.73999999999937 -0.000717758162037086
7.7499999999993685 -0.0022668691805692717
7.759999999999367 -0.004132851870865804
7.769999999999366 -0.005414329263065309
7.779999999999365 -0.005585956550287093
7.789999999999364 -0.004634070308678568
7.799999999999363 -0.002964018202306437
7.809999999999362 -0.0012478967149099998
7.819999999999361 -0.00023752482424983597
7.82999999999936 -0.0004585405964087353
7.839999999999359 -0.0018421126181887475
7.8499999999993575 -0.0036728924559076967
7.859999999999356 -0.005053043794674473
7.869999999999355 -0.005408228888918645
7.879999999999354 -0.004653870665262502
7.889999999999353 -0.003125336199910879
7.899999999999352 -0.0014474661757880795
7.909999999999351 -0.00037144628968283365
7.91999999999935 -0.0004849488583527837
7.929999999999349 -0.001814047027580882
7.939999999999348 -0.003691868553979968
7.9499999999993465 -0.005187493754447554
7.959999999999345 -0.005656046108035979
7.969999999999344 -0.004959684244267563
7.979999999999343 -0.003413300549662938
7.989999999999342 -0.0016374086990598097
7.999999999999341 -0.00038679588363364894
8.009999999999344 -0.0002794891539663503
8.019999999999348 -0.0014200832151166508
8.029999999999351 -0.00322700965377679
8.039999999999354 -0.004791176596034633
8.049999999999358 -0.005428319774033628
8.059999999999361 -0.004932996568351518
8.069999999999364 -0.0035477625745487
8.079999999999368 -0.0018381663905155797
8.089999999999371 -0.000544434825219695
8.099999999999374 -0.0003312956955774026
8.109999999999378 -0.0013965577124466259
8.119999999999381 -0.003225525445890273
8.129999999999384 -0.004894376781547133
8.139999999999388 -0.005651705093010161
8.149999999999391 -0.005231151136319844
8.159999999999394 -0.003847642067764613
8.169999999999398 -0.0020600300795693798
8.179999999999401 -0.0006095102797327587
8.189999999999404 -0.00018154522130532142
8.199999999999408 -0.001041081098932151
8.209999999999411 -0.0027647320736617054
8.219999999999414 -0.004469369581045465
8.229999999999418 -0.005376025826432872
8.239999999999421 -0.005155422311027699
8.249999999999424 -0.00394917482249907
8.259999999999428 -0.002254869711226504
8.269999999999431 -0.000786688545400042
8.279999999999434 -0.00026075988153105903
8.289999999999438 -0.001028577986340276
8.299999999999441 -0.00274815436581285
8.309999999999444 -0.0045422087291461435
8.319999999999448 -0.00557195938928092
8.329999999999451 -0.0054412905189235895
8.339999999999455 -0.00425601022186867
8.349999999999458 -0.002503703357371883
8.359999999999461 -0.0008976449303519386
8.369999999999465 -0.00016712167586770558
8.379999999999468 -0.0007181362025703257
8.389999999999471 -0.0023005533316672972
8.399999999999475 -0.004095714538113884
8.409999999999478 -0.005251528277816953
8.419999999999481 -0.005315056118631076
8.429999999999485 -0.004319250499987701
8.439999999999488 -0.002685448973016763
8.449999999999491 -0.001089058426396039
8.459999999999495 -0.0002741259638845226
8.469999999999498 -0.0007225122011834283
8.479999999999501 -0.0022750079374898643
8.489999999999505 -0.00414028246552255
8.499999999999508 -0.005417758953355188
8.509999999999511 -0.005584230021869681
8.519999999999515 -0.004628121221247826
8.529999999999518 -0.0029562620630583527
8.539999999999521 -0.0012415525414056208
8.549999999999525 -0.00023560564748264593
8.559999999999528 -0.00046224729296691504
8.569999999999531 -0.0018495907626996954
8.579999999999535 -0.00368024819437405
8.589999999999538 -0.005056888101228168
8.599999999999541 -0.005407165248918739
8.609999999999545 -0.0046485407201442295
8.619999999999548 -0.0031179030831366837
8.629999999999551 -0.0014410307069239214
8.639999999999555 -0.00036914878649382154
8.649999999999558 -0.0004883672486729058
8.659999999999561 -0.0018216803978703656
8.669999999999565 -0.003699825156449797
8.679999999999568 -0.005192088922923315
8.689999999999571 -0.005655560373447362
8.699999999999575 -0.004954584238790131
8.709999999999578 -0.0034056975938500365
8.719999999999581 -0.001630395907289598
8.729999999999585 -0.000383565898380689
8.739999999999588 -0.0002818574671374606
8.749999999999591 -0.0014269676519758018
8.759999999999595 -0.00323479418261114
8.769999999999598 -0.004796134826208016
8.779999999999601 -0.005428509767506379
8.789999999999605 -0.004928590395382322
8.799999999999608 -0.003540596960059971
8.809999999999611 -0.001831170975888659
8.819999999999615 -0.0005408609365258326
8.829999999999618 -0.0003332878112167553
8.839999999999621 -0.001403433262505496
8.849999999999625 -0.0032337742021657564
8.859999999999628 -0.004900033775043664
8.869999999999632 -0.005652495491245915
8.879999999999635 -0.005227035786598026
8.889999999999638 -0.0038403871367812376
8.899999999999642 -0.0020525508315604097
8.909999999999645 -0.000605086472437043
8.919999999999648 -0.00018250064468857422
8.929999999999652 -0.001047125877408516
8.939999999999655 -0.002772696870949936
8.949999999999658 -0.00447531430171364
8.959999999999662 -0.005377479568024933
8.969999999999665 -0.005152056001413044
8.979999999999668 -0.003942462905491173
8.989999999999672 -0.0022475252593459087
8.999999999999675 -0.0007819851719430556
9.009999999999678 -0.0002612903114132593
9.019999999999682 -0.001034471232746691
9.029999999999685 -0.002756445306467397
9.039999999999688 -0.004548790161119295
9.049999999999692 -0.005574030113053377
9.059999999999695 -0.005438274704907639
9.069999999999698 -0.004249287702304285
9.079999999999702 -0.0024959656268340232
9.089999999999705 -0.0008921775128143974
9.099999999999708 -0.00016664473471187882
9.109999999999712 -0.0007231283689010297
9.119999999999715 -0.0023084382886768796
9.129999999999718 -0.004102486854407205
9.139999999999722 -0.0052542255599402855
9.149999999999725 -0.005312823519752823
9.159999999999728 -0.004313164518926877
9.169999999999732 -0.0026779665877435447
9.179999999999735 -0.0010833993305645975
9.189999999999738 -0.00027321160893904094
9.199999999999742 -0.0007272331940570331
9.209999999999745 -0.0022830792444190713
9.219999999999748 -0.004147616688651525
9.229999999999752 -0.0054210805818702785
9.239999999999755 -0.005582405021914768
9.249999999999758 -0.0046221014196238
9.259999999999762 -0.002948473755594068
9.269999999999765 -0.0012352168518984575
9.279999999999768 -0.00023372864576520126
9.289999999999772 -0.00046601461428755496
9.299999999999775 -0.0018571308942082667
9.309999999999778 -0.003687657691307679
9.319999999999782 -0.0050607759654994105
9.329999999999785 -0.00540613530940751
9.339999999999788 -0.004643235655398361
9.349999999999792 -0.0031104880907194387
9.359999999999795 -0.0014346080269634562
9.369999999999798 -0.0003668553891545483
9.379999999999802 -0.0004917704173002049
9.389999999999805 -0.0018292681184286879
9.399999999999809 -0.0037077071215036125
9.409999999999812 -0.005196595110450262
9.419999999999815 -0.005654990327723826
9.429999999999819 -0.0049494208069248416
9.439999999999822 -0.003398062098132229
9.449999999999825 -0.001623384824948583
9.459999999999829 -0.0003803678722949786
9.469999999999832 -0.0002842756821537245
9.479999999999835 -0.0014339033439430054
9.489999999999839 -0.003242620907504188
9.499999999999842 -0.004801125162692863
9.509999999999845 -0.005428724145761749
9.519999999999849 -0.004924202960124065
9.529999999999852 -0.0035334464010718593
9.539999999999855 -0.0018241887081554744
9.549999999999859 -0.0005372970143226677
9.559999999999862 -0.00033527858173345605
9.569999999999865 -0.0014102839114161867
9.579999999999869 -0.0032419705988382358
9.589999999999872 -0.004905620799680117
9.599999999999875 -0.005653214775007717
9.609999999999879 -0.005222863596499106
9.619999999999882 -0.0038330998475354303
9.629999999999885 -0.0020450681700508507
9.639999999999889 -0.0006006865553364838
9.649999999999892 -0.00018349813371127665
9.659999999999895 -0.0010532157365821346
9.669999999999899 -0.0027806978475741068
9.679999999999902 -0.004481284067564601
9.689999999999905 -0.0053789503666327645
9.699999999999909 -0.005148702292312888
9.709999999999912 -0.003935762063757394
9.719999999999915 -0.0022401927628510412
9.729999999999919 -0.0007772946449089482
9.739999999999922 -0.0002618284362426557
9.749999999999925 -0.001040355043944293
9.759999999999929 -0.002764702001881767
9.769999999999932 -0.004555317758606029
9.779999999999935 -0.005576040975081507
9.789999999999939 -0.005435207415456947
9.799999999999942 -0.004242532723968649
9.809999999999945 -0.0024882201454536177
9.819999999999949 -0.0008867273670472052
9.829999999999952 -0.00016620345371021216
9.839999999999955 -0.0007281609025684324
9.849999999999959 -0.0023163552207321725
9.859999999999962 -0.004109278926479794
9.869999999999965 -0.005256933659889784
9.879999999999969 -0.005310597421308509
9.889999999999972 -0.004307084676030768
9.899999999999975 -0.002670493239229325
9.909999999999979 -0.0010777534466195374
9.919999999999982 -0.0002723104433172663
9.929999999999986 -0.0007319560026649233
9.939999999999989 -0.0022911303461980864
9.949999999999992 -0.004154909732476711
9.959999999999996 -0.005424351164999418
9.969999999999999 -0.005580532700136707
9.980000000000002 -0.004616048948717375
9.990000000000006 -0.0029406740128696267
10.000000000000009 -0.0012288928114699762
10.010000000000012 -0.00023188185801622456
10.020000000000016 -0.00046981857134605754
10.030000000000019 -0.001864700009192258
10.040000000000022 -0.0036950827918528334
10.050000000000026 -0.0050646692097319436
10.060000000000029 -0.0054051062420197174
10.070000000000032 -0.004637931925085173
10.080000000000036 -0.0031030787672700695
10.090000000000039 -0.0014281974727760438
10.100000000000042 -0.0003645779957136372
10.110000000000046 -0.0004951833748268533
10.120000000000049 -0.0018368468994608464
10.130000000000052 -0.003715558545209736
10.140000000000056 -0.00520105777869473
10.150000000000059 -0.005654376589237796
10.160000000000062 -0.0049442246949949805
10.170000000000066 -0.0033904121821069382
10.180000000000069 -0.0016163805838097607
10.190000000000072 -0.0003771952736491143
10.200000000000076 -0.00028672760897438055
10.210000000000079 -0.0014408665793577732
10.220000000000082 -0.003250461072329418
10.230000000000086 -0.004806117093693604
10.240000000000089 -0.0054289347055779275
10.250000000000092 -0.00491981229021448
10.260000000000096 -0.0035262977602789937
10.270000000000099 -0.0018172163796965901
10.280000000000102 -0.0005337499286528761
10.290000000000106 -0.0003372846425940912
10.300000000000109 -0.00141713498116533
10.310000000000112 -0.003250146073698312
10.320000000000116 -0.004911171394122744
10.330000000000119 -0.005653893944350649
10.340000000000122 -0.0052186589539469285
10.350000000000126 -0.0038257956267810423
10.360000000000129 -0.0020375880769573106
10.370000000000132 -0.000596307672700738
10.380000000000136 -0.0001845268062070608
10.39000000000014 -0.0010593327485974885
10.400000000000142 -0.002788711848360384
10.410000000000146 -0.00448725341475871
10.42000000000015 -0.0053804139620813275
10.430000000000152 -0.005145341454866069
10.440000000000156 -0.0039290594261601145
10.45000000000016 -0.0022328673403252254
10.460000000000163 -0.0007726202658130274
10.470000000000166 -0.00026238523816378255
10.48000000000017 -0.0010462469122294205
10.490000000000173 -0.0027729465886368087
10.500000000000176 -0.004561815808876087
10.51000000000018 -0.005578015433680539
10.520000000000183 -0.005432108223481591
10.530000000000186 -0.004235758743035039
10.54000000000019 -0.002480473359472815
10.550000000000193 -0.0008812940514683033
10.560000000000196 -0.00016579089174817142
10.5700000000002 -0.0007332207881036836
10.580000000000203 -0.002324286146388468
10.590000000000206 -0.004116070120660925
10.60000000000021 -0.005259632352527114
10.610000000000213 -0.005308360953552762
10.620000000000216 -0.004300999483843591
10.63000000000022 -0.0026630237143531166
10.640000000000223 -0.0010721219123112672
10.650000000000226 -0.00027142955198048303
10.66000000000023 -0.0007366928534363281
10.670000000000233 -0.002299177366888993
10.680000000000236 -0.004162179923544661
10.69000000000024 -0.005427589128023086
10.700000000000243 -0.0055786292279606025
10.710000000000246 -0.004609975734666653
10.72000000000025 -0.0029328694488128964
10.730000000000253 -0.001222581549732013
10.740000000000256 -0.00023006117109292517
10.75000000000026 -0.00047365014949677633
10.760000000000263 -0.0018722849514077532
10.770000000000266 -0.0037025078206791525
10.78000000000027 -0.005068551912840494
10.790000000000273 -0.005404064209287885
10.800000000000276 -0.004632619534631839
10.81000000000028 -0.0030956698510745287
10.820000000000283 -0.0014217987127261892
10.830000000000286 -0.00036232099521205503
10.84000000000029 -0.0004986147305785434
10.850000000000293 -0.0018444287515214193
10.860000000000296 -0.0037233936322598462
10.8700000000003 -0.005205491725187918
10.880000000000303 -0.00565373265555685
10.890000000000306 -0.004939006356753433
10.90000000000031 -0.003382754201444001
10.910000000000313 -0.0016093851750494366
10.920000000000316 -0.00037404591539325554
10.93000000000032 -0.0002892071732979399
10.940000000000323 -0.0014478479149279615
10.950000000000326 -0.003258302982133143
10.96000000000033 -0.0048110983378547145
10.970000000000333 -0.005429130368994345
10.980000000000336 -0.004915409961756705
10.99000000000034 -0.00351914608631912
11.000000000000343 -0.0018102527864413114
11.010000000000346 -0.0005302221768227334
11.02000000000035 -0.00033931192984738915
11.030000000000353 -0.0014239953241097587
11.040000000000356 -0.0032583115380346943
11.05000000000036 -0.004916697320104495
11.060000000000363 -0.005654544126091033
11.070000000000366 -0.0052144308742041925
11.08000000000037 -0.0038184803712464663
11.090000000000373 -0.0020301129830357476
11.100000000000376 -0.0005919489133413656
11.11000000000038 -0.0001855826762797644
11.120000000000383 -0.0010654702192275428
11.130000000000386 -0.0027967301973415067
11.14000000000039 -0.0044932128609689315
11.150000000000393 -0.005381861438685596
11.160000000000396 -0.0051419663635628434
11.1700000000004 -0.003922350431284788
11.180000000000403 -0.0022255473090069524
11.190000000000406 -0.0007679632565308925
11.20000000000041 -0.00026296470114878223
11.210000000000413 -0.0010521532491073351
11.220000000000416 -0.002781187303318664
11.23000000000042 -0.004568293471019429
11.240000000000423 -0.005579962434864283
11.250000000000426 -0.005428984678658594
11.26000000000043 -0.004228971026409581
11.270000000000433 -0.002472727865565609
11.280000000000436 -0.0008758775139094635
11.29000000000044 -0.0001654045293718113
11.300000000000443 -0.0007383032876330562
11.310000000000446 -0.0023322245963812733
11.32000000000045 -0.004122853080590367
11.330000000000453 -0.005262314445016346
11.340000000000456 -0.005306108099108815
11.35000000000046 -0.004294904815706468
11.360000000000463 -0.002655556114908713
11.370000000000466 -0.0010665051202152758
11.38000000000047 -0.00027057152017416703
11.390000000000473 -0.0007414482894836634
11.400000000000476 -0.0023072264001301125
11.41000000000048 -0.004169434272356988
11.420000000000483 -0.005430801554742723
11.430000000000486 -0.005576700825769574
11.44000000000049 -0.00460388636430778
11.450000000000493 -0.0029250626212953463
11.460000000000496 -0.0012162835472886242
11.4700000000005 -0.00022826509771011684
11.480000000000503 -0.0004775060454602423
11.490000000000506 -0.001879880914713376
11.50000000000051 -0.003709927079041162
11.510000000000513 -0.0050724182964056235
11.520000000000516 -0.005403004177924198
11.53000000000052 -0.0046272948285342366
11.540000000000523 -0.0030882593996244597
11.550000000000527 -0.0014154116086505548
11.56000000000053 -0.00036008599213538877
11.570000000000533 -0.0005020676566152298
11.580000000000537 -0.0018520181273974532
11.59000000000054 -0.003731217682962221
11.600000000000543 -0.0052099024953257515
11.610000000000547 -0.005653063599574709
11.62000000000055 -0.004933769737288245
11.630000000000553 -0.003375090579718081
11.640000000000557 -0.0016023993964795404
11.65000000000056 -0.0003709190257255211
11.660000000000563 -0.0002917121273392818
11.670000000000567 -0.001454843822667948
11.68000000000057 -0.003266142261825977
11.690000000000573 -0.0048160642991500685
11.700000000000577 -0.005429306984407706
11.71000000000058 -0.004910992812523794
11.720000000000583 -0.0035119895208209936
11.730000000000587 -0.0018032974790850719
11.74000000000059 -0.0005267146868681766
11.750000000000593 -0.0003413626245467587
11.760000000000597 -0.0014308681723690809
11.7700000000006 -0.0032664709806173265
11.780000000000603 -0.004922202896078125
11.790000000000607 -0.0056551694262318136
11.80000000000061 -0.005210182708301136
11.810000000000613 -0.003811156305629217
11.820000000000617 -0.0020226438483149584
11.83000000000062 -0.0005876099894773106
11.840000000000623 -0.0001866642675307947
11.850000000000627 -0.0010716256040099893
11.86000000000063 -0.0028047495810291346
11.870000000000633 -0.004499158796276325
11.880000000000637 -0.005383289416309963
11.89000000000064 -0.005138574327442137
11.900000000000643 -0.003915633367823962
11.910000000000647 -0.0022182320525984374
11.92000000000065 -0.0007633240878769209
11.930000000000653 -0.00026356829536275606
11.940000000000657 -0.001058076378817322
11.95000000000066 -0.0027894271260822676
11.960000000000663 -0.004574754085330194
11.970000000000667 -0.005581885275475103
11.98000000000067 -0.005425839594731886
11.990000000000673 -0.004222171567508309
12.000000000000677 -0.0024649846816990873
12.01000000000068 -0.0008704777840926589
12.020000000000683 -0.00016504344334582964
12.030000000000687 -0.000743406596293852
12.04000000000069 -0.002340168086335564
12.050000000000693 -0.00412962499678229
12.060000000000697 -0.005264977215069097
12.0700000000007 -0.005303836601218314
12.080000000000704 -0.004288799140571182
12.090000000000707 -0.0026480897545254722
12.10000000000071 -0.001060903239641541
12.110000000000714 -0.00026973731268283116
12.120000000000717 -0.0007462239631656503
12.13000000000072 -0.002315279650323028
12.140000000000724 -0.004176675337005649
12.150000000000727 -0.005433991063921366
12.16000000000073 -0.00557474982566344
12.170000000000734 -0.0045977825866113185
12.180000000000737 -0.0029172545361743686
12.19000000000074 -0.0012099990320516571
12.200000000000744 -0.00022649310536417726
12.210000000000747 -0.00048138500481157575
12.22000000000075 -0.0018874860535511716
12.230000000000754 -0.0037173383934628675
12.240000000000757 -0.0050762661822291956
12.25000000000076 -0.00540192427333087
12.260000000000764 -0.004621956464318557
12.270000000000767 -0.003080846719554115
12.28000000000077 -0.0014090361398054593
12.290000000000774 -0.0003578735972951819
12.300000000000777 -0.0005055433119681947
12.31000000000078 -0.001859616637699225
12.320000000000784 -0.0037390326321451303
12.330000000000787 -0.005214292143366808
12.34000000000079 -0.005652371328236503
12.350000000000794 -0.004928516343690918
12.360000000000797 -0.0033674222678763137
12.3700000000008 -0.0015954235919790028
12.380000000000804 -0.00036781434389817155
12.390000000000807 -0.0002942416220083441
12.40000000000081 -0.0014618529446158587
12.410000000000814 -0.003273977238435722
12.420000000000817 -0.004821013244385214
12.43000000000082 -0.005429463007578241
12.440000000000824 -0.0049065596837116685
12.450000000000827 -0.003504827401461423
12.46000000000083 -0.001796350323683059
12.470000000000834 -0.0005232278262457552
12.480000000000837 -0.0003434375288756609
12.49000000000084 -0.0014377546884040285
12.500000000000844 -0.003274625845683025
12.510000000000847 -0.004927689713033743
12.52000000000085 -0.005655771383857055
12.530000000000854 -0.005205915734249759
12.540000000000857 -0.0038038243002126585
12.55000000000086 -0.002015181074661972
12.560000000000864 -0.0005832908251510425
12.570000000000867 -0.0001877710275809755
12.58000000000087 -0.0010777979161192685
12.590000000000874 -0.0028127687180610574
12.600000000000877 -0.004505089847844098
12.61000000000088 -0.005384696632306805
12.620000000000884 -0.005135164359808312
12.630000000000887 -0.003908907626829478
12.64000000000089 -0.002210921376480863
12.650000000000894 -0.0007587029635344754
12.660000000000897 -0.00026419656870598423
12.6700000000009 -0.0010640171308962097
12.680000000000904 -0.00279766711988463
12.690000000000907 -0.0045811988673290175
12.70000000000091 -0.005583785181866745
12.710000000000914 -0.005422674040593074
12.720000000000917 -0.0042153611442154034
12.73000000000092 -0.002457244228947976
12.740000000000924 -0.0008650949078811694
12.750000000000927 -0.000164707296445771
12.76000000000093 -0.0007485300092466913
12.770000000000934 -0.002348115640721366
12.780000000000937 -0.004136384786135865
12.79000000000094 -0.005267619636882645
12.800000000000944 -0.005301545629416689
12.810000000000947 -0.00428268191395871
12.82000000000095 -0.0026406244129016138
12.830000000000954 -0.0010553163669854326
12.840000000000957 -0.00026892729901986206
12.85000000000096 -0.0007510204612319666
12.860000000000964 -0.0023233378888627295
12.870000000000967 -0.004183904032562085
12.88000000000097 -0.005437158619524059
12.890000000000974 -0.005572777109482367
12.900000000000977 -0.004591665083338024
12.91000000000098 -0.0029094456080092485
12.920000000000984 -0.0012037281265267848
12.930000000000987 -0.00022474501091810446
12.94000000000099 -0.00048528653621984595
12.950000000000994 -0.0018950996305982142
12.960000000000997 -0.0037247409117960864
12.970000000001 -0.005080094740729484
12.980000000001004 -0.005400823802897439
12.990000000001007 -0.004616603965203651
13.00000000000101 -0.003073431587366351
13.010000000001014 -0.0014026723349221555
13.020000000001017 -0.00035568405701915366
13.03000000000102 -0.0005090421092553805
13.040000000001024 -0.0018672248341006286
13.050000000001027 -0.003746839156819155
13.06000000000103 -0.005218661415474027
13.070000000001034 -0.005651656558893731
13.080000000001037 -0.004923246763384536
13.09000000000104 -0.0033597496577042487
13.100000000001044 -0.001588457928661496
13.110000000001047 -0.0003647317952949676
13.12000000000105 -0.0002967953268905637
13.130000000001054 -0.0014688747286620578
13.140000000001058 -0.003281807242414437
13.15000000000106 -0.004825944504089557
13.160000000001064 -0.005429597864619253
13.170000000001068 -0.004902110164349305
13.18000000000107 -0.0034976595151313982
13.190000000001074 -0.0017894113084898381
13.200000000001078 -0.0005197617576952879
13.21000000000108 -0.0003455369329412209
13.220000000001084 -0.001444655261446025
13.230000000001088 -0.0032827766236761626
13.240000000001091 -0.004933158337877366
13.250000000001094 -0.005656350573401397
13.260000000001098 -0.005201630450151216
13.270000000001101 -0.0037964847144071443
13.280000000001104 -0.002007724851407943
13.290000000001108 -0.0005789914204864121
13.300000000001111 -0.00018890274664697254
13.310000000001114 -0.0010839867476024924
13.320000000001118 -0.002820787082517301
13.330000000001121 -0.004511005474920817
13.340000000001124 -0.005386082612754402
13.350000000001128 -0.005131736110496089
13.360000000001131 -0.003902173013151622
13.370000000001134 -0.0022036152468098394
13.380000000001138 -0.0007540999906822404
13.390000000001141 -0.00026484972681813107
13.400000000001144 -0.0010699757773335002
13.410000000001148 -0.002805907631101241
13.420000000001151 -0.004587628237740295
13.430000000001154 -0.005585662605663654
13.440000000001158 -0.005419488431892401
13.450000000001161 -0.00420854007864119
13.460000000001164 -0.0024495067035006776
13.470000000001168 -0.0008597289352779439
13.480000000001171 -0.00016439596867366652
13.490000000001174 -0.0007536732311826661
13.500000000001178 -0.00235606684671554
13.510000000001181 -0.004143132010218914
13.520000000001184 -0.0052702413190425425
13.530000000001188 -0.005299234887577772
13.540000000001191 -0.004276552962058438
13.550000000001194 -0.0026331600460883587
13.560000000001198 -0.0010497445733635236
13.570000000001201 -0.00026814162784748825
13.580000000001204 -0.0007558379736448525
13.590000000001208 -0.0023314013531830673
13.600000000001211 -0.00419112066178227
13.610000000001214 -0.00544030456868584
13.620000000001218 -0.005570783018131769
13.630000000001221 -0.004585534137528665
13.640000000001224 -0.0029016360295362788
13.650000000001228 -0.0011974709124389028
13.660000000001231 -0.00022302076049447226
13.670000000001234 -0.0004892104328129472
13.680000000001238 -0.001902721322723682
13.690000000001241 -0.0037321342763058894
13.700000000001245 -0.005083903647317263
13.710000000001248 -0.0053997025170186095
13.720000000001251 -0.004611237179377179
13.730000000001255 -0.003066013956556926
13.740000000001258 -0.0013963202423779466
13.750000000001261 -0.0003535174823747406
13.760000000001265 -0.0005125641832272907
13.770000000001268 -0.0018748428740611232
13.780000000001271 -0.0037546374657629437
13.790000000001275 -0.005223010570692439
13.800000000001278 -0.005650919565595966
13.810000000001281 -0.0049179612406428565
13.820000000001285 -0.003352072931814004
13.830000000001288 -0.00158150250683381
13.840000000001291 -0.000361671373966738
13.850000000001295 -0.0002993731047997698
13.860000000001298 -0.0014759089237968964
13.870000000001301 -0.003289631979575648
13.880000000001305 -0.004830857806814441
13.890000000001308 -0.005429711344772407
13.900000000001311 -0.004897644123477792
13.910000000001315 -0.0034904858172068644
13.920000000001318 -0.0017824804680396287
13.930000000001321 -0.0005163165680082978
13.940000000001325 -0.0003476609360995528
13.950000000001328 -0.0014515699926993559
13.960000000001331 -0.0032909234498387637
13.970000000001335 -0.004938608956015635
13.980000000001338 -0.005656907209678829
13.990000000001341 -0.005197327063023566
14.000000000001345 -0.0037891377166117427
14.010000000001348 -0.0020002752880428866
14.020000000001351 -0.0005747118034886822
14.030000000001355 -0.00019005934245591388
14.040000000001358 -0.0010901919064970184
14.050000000001361 -0.002828804430639757
14.060000000001365 -0.004516905447590143
14.070000000001368 -0.0053874471783354186
14.080000000001371 -0.005128289467121664
14.090000000001375 -0.003895429486344047
14.100000000001378 -0.002196313690049627
14.110000000001381 -0.0007495152407346463
14.120000000001385 -0.0002655278477424883
14.130000000001388 -0.0010759523821829878
14.140000000001391 -0.0028141487389398722
14.150000000001395 -0.004594042320965558
14.160000000001398 -0.005587517709575976
14.170000000001401 -0.005416282940543273
14.180000000001405 -0.0042017085226805735
14.190000000001408 -0.002441772217379182
14.200000000001411 -0.0008543799175430365
14.210000000001415 -0.00016410942081012195
14.220000000001418 -0.0007588361194099518
14.230000000001422 -0.002364021501394641
14.240000000001425 -0.004149866471130472
14.250000000001428 -0.005272842106821505
14.260000000001432 -0.0052969042789533915
14.270000000001435 -0.004270412249436703
14.280000000001438 -0.0026256966760690305
14.290000000001442 -0.0010441879205681827
14.300000000001445 -0.0002673803654311329
14.310000000001448 -0.0007606765422891768
14.320000000001452 -0.002339470081563779
14.330000000001455 -0.004198325299115575
14.340000000001458 -0.005443429028564078
14.350000000001462 -0.00556876769080951
14.360000000001465 -0.004579389883502678
14.370000000001468 -0.002893825910681061
14.380000000001472 -0.0011912274561708502
14.390000000001475 -0.00022132034824651043
14.400000000001478 -0.0004931565936495631
14.410000000001482 -0.001910350961224021
14.420000000001485 -0.0037395183136748897
14.430000000001488 -0.0050876927657645225
14.440000000001492 -0.005398560331328075
14.450000000001495 -0.004605856076271171
14.460000000001498 -0.0030585938467055747
14.470000000001502 -0.0013899799179158997
14.480000000001505 -0.0003513739339142117
14.490000000001508 -0.0005161095648711539
14.500000000001512 -0.001882470767996169
14.510000000001515 -0.0037624275932512676
14.520000000001518 -0.005227339686580904
14.530000000001522 -0.0056501604572446055
14.540000000001525 -0.004912659891894251
14.550000000001528 -0.0033443921948681
14.560000000001532 -0.0015745574018603767
14.570000000001535 -0.00035863309945505077
14.580000000001538 -0.00030197489045605806
14.590000000001542 -0.0014829553912419126
14.600000000001545 -0.003297451295765955
14.610000000001548 -0.004835753029607056
14.620000000001552 -0.005429803372734717
14.630000000001555 -0.004893161534584588
14.640000000001558 -0.003483306325918558
14.650000000001562 -0.0017755578541174344
14.660000000001565 -0.0005128923155587003
14.670000000001568 -0.0003498095664134429
14.680000000001572 -0.0014584988759051816
14.690000000001575 -0.0032990663270768927
14.700000000001578 -0.004944041610810124
14.710000000001582 -0.005657441373631798
14.720000000001585 -0.005193005671540371
14.730000000001588 -0.003781783404125053
14.740000000001592 -0.0019928324643164255
14.750000000001595 -0.0005704520124876932
14.760000000001599 -0.00019124078013864476
14.770000000001602 -0.0010964132813013187
14.780000000001605 -0.0028368206239246336
14.790000000001609 -0.0045227896519173
14.800000000001612 -0.005388790259632667
14.810000000001615 -0.005124824405985559
14.820000000001619 -0.003888677063649332
14.830000000001622 -0.002189016755130428
14.840000000001625 -0.000744948771670475
14.850000000001629 -0.00026623096176886117
14.860000000001632 -0.0010819469318586728
14.870000000001635 -0.002822390423078191
14.880000000001639 -0.004600441131124369
14.890000000001642 -0.0055893505488210085
14.900000000001645 -0.005413057647778481
14.910000000001649 -0.004194866564913246
14.920000000001652 -0.0024340408512990683
14.930000000001655 -0.0008490479063782744
14.940000000001659 -0.00016384764362771173
14.950000000001662 -0.0007640185880308657
14.960000000001665 -0.0023719794801208252
14.970000000001669 -0.004156588060732995
14.980000000001672 -0.005275421933794361
14.990000000001675 -0.005294553781139919
15.000000000001679 -0.004264259792239062
15.010000000001682 -0.002618234349371343
15.020000000001685 -0.0010386464668237386
15.030000000001689 -0.00026664354714084874
15.040000000001692 -0.0007655361536895914
15.050000000001695 -0.0023475440380604554
15.060000000001699 -0.004205517934061738
15.070000000001702 -0.005446532030784208
15.080000000001705 -0.005566731191705313
15.090000000001709 -0.0045732324002745375
15.100000000001712 -0.002886015330584686
15.110000000001715 -0.00118499781838666
15.120000000001719 -0.00021964378612967925
15.130000000001722 -0.0004971249571468846
15.140000000001725 -0.0019179884349408037
15.150000000001729 -0.0037468929194000313
15.160000000001732 -0.005091462030116391
15.170000000001735 -0.005397397223071004
15.180000000001739 -0.004600460670501726
15.190000000001742 -0.003051171301995647
15.200000000001745 -0.001383651419948266
15.210000000001749 -0.00034925345319661045
15.220000000001752 -0.0005196782463070325
15.230000000001755 -0.0018901084714655137
15.240000000001759 -0.003770209508625474
15.250000000001762 -0.005231648773225576
15.260000000001765 -0.005649379281357989
15.270000000001769 -0.004907342786057215
15.280000000001772 -0.0033367075225731115
15.290000000001776 -0.0015676226798361078
15.300000000001779 -0.000355617000723289
15.310000000001782 -0.0003046006452399794
15.320000000001786 -0.0014900140339899385
15.330000000001789 -0.0033052650890802973
15.340000000001792 -0.004840630104933616
15.350000000001796 -0.005429873923725526
15.360000000001799 -0.004888662410084829
15.370000000001802 -0.00347612108290339
15.380000000001806 -0.0017686435248776766
15.390000000001809 -0.0005094890479882076
15.400000000001812 -0.000351982825176455
15.410000000001816 -0.0014654418646608794
15.420000000001819 -0.0033072052090628128
15.430000000001822 -0.004949456292848464
15.440000000001826 -0.005657953096480751
15.450000000001829 -0.005188666334124777
15.460000000001832 -0.003774421847845674
15.470000000001836 -0.0019853964489389814
15.480000000001839 -0.0005662120896092314
15.490000000001842 -0.0001924470423530935
15.500000000001846 -0.0011026507904059186
15.510000000001849 -0.0028448355631381372
15.520000000001852 -0.004528658017280376
15.530000000001856 -0.005390111828246327
15.540000000001859 -0.005121340936451405
15.550000000001862 -0.003881915783799932
15.560000000001866 -0.002181724499308503
15.570000000001869 -0.0007404006363478088
15.580000000001872 -0.00026695908119734734
15.590000000001876 -0.0010879593837057537
15.600000000001879 -0.0028306326261384814
15.610000000001882 -0.004606824641380641
15.620000000001886 -0.005591161138722597
15.630000000001889 -0.005409812601182876
15.640000000001892 -0.004188014270427501
15.650000000001896 -0.002426312674360311
15.660000000001899 -0.0008437329536146848
15.670000000001902 -0.00016361063894261896
15.680000000001906 -0.0007692205721878551
15.690000000001909 -0.002379940687426287
15.700000000001912 -0.00416329670441682
15.710000000001916 -0.005277980766511526
15.720000000001919 -0.005292183399474796
15.730000000001922 -0.004258095625838406
15.740000000001926 -0.002610773121650911
15.75000000000193 -0.0010331202689380066
15.760000000001932 -0.0002659311966566401
15.770000000001936 -0.0007704167735742933
15.78000000000194 -0.002355623159062486
15.790000000001942 -0.004212698524582206
15.800000000001946 -0.005449613575249203
15.81000000000195 -0.005564673557190293
15.820000000001953 -0.004567061746360451
15.830000000001956 -0.002878204356983288
15.84000000000196 -0.001178782057608652
15.850000000001963 -0.00021799109261543895
15.860000000001966 -0.0005011154762423448
15.87000000000197 -0.0019256336541321867
15.880000000001973 -0.0037542580146964584
15.890000000001976 -0.005095211400689577
15.90000000000198 -0.005396213192502299
15.910000000001983 -0.004595050993541882
15.920000000001986 -0.0030437463757728867
15.93000000000199 -0.0013773348078223696
15.940000000001993 -0.0003471560745516353
15.950000000001996 -0.0005232702049886026
15.960000000002 -0.0018977559195385838
15.970000000002003 -0.003777983157129376
15.980000000002006 -0.005235937815717221
15.99000000000201 -0.005648576062714007
16.00000000000201 -0.004902009974446666
16.010000000002005 -0.0033290189799108755
16.020000000002 -0.001560698403402539
16.030000000001994 -0.0003526231101483746
16.04000000000199 -0.00030725034030859507
16.050000000001983 -0.0014970847705332519
16.060000000001978 -0.0033130732771422273
16.070000000001972 -0.0048454889860032775
16.080000000001966 -0.005429922991856643
16.09000000000196 -0.004884146776933269
16.100000000001955 -0.0034689301385273054
16.11000000000195 -0.0017617375408107232
16.120000000001944 -0.000506106808814897
16.13000000000194 -0.0003541807035182682
16.140000000001933 -0.0014723988975092594
16.150000000001928 -0.0033153400311817217
16.160000000001922 -0.004954852973183584
16.170000000001917 -0.005658442391049287
16.18000000000191 -0.0051843090943102625
16.190000000001906 -0.003767053108907822
16.2000000000019 -0.001977967306522748
16.210000000001894 -0.0005619920783159346
16.22000000000189 -0.00019367811812890813
16.230000000001883 -0.0011089043632372467
16.240000000001878 -0.0028528491637102344
16.250000000001872 -0.004534510489286548
16.260000000001867 -0.005391411871138333
16.27000000000186 -0.00511783908025334
16.280000000001856 -0.003875145693559403
16.29000000000185 -0.002174436982929099
16.300000000001845 -0.0007358708856204455
16.31000000000184 -0.0002677122114435423
16.320000000001833 -0.0010939896841058033
16.330000000001828 -0.002838875276967162
16.340000000001822 -0.00461319280975886
16.350000000001817 -0.005592949479869742
16.36000000000181 -0.005406547835903588
16.370000000001806 -0.004181151695632306
16.3800000000018 -0.0024185877513643976
16.390000000001795 -0.0008384351110790068
16.40000000000179 -0.0001633984125374094
16.410000000001784 -0.0007744420147308308
16.420000000001778 -0.0023879050387236975
16.430000000001773 -0.004169992340159859
16.440000000001767 -0.00528051858390346
16.45000000000176 -0.005289793149691363
16.460000000001756 -0.004251919792805284
16.47000000000175 -0.002603313051963049
16.480000000001745 -0.0010276093831227827
16.49000000000174 -0.000265243333138408
16.500000000001734 -0.0007753183597623665
16.510000000001728 -0.002363707370642717
16.520000000001723 -0.004219867016996298
16.530000000001717 -0.005452673650176619
16.54000000000171 -0.0055625948133806455
16.550000000001706 -0.004560877972712855
16.5600000000017 -0.0028703930533987027
16.570000000001695 -0.0011725802315267959
16.58000000000169 -0.00021636228847129712
16.590000000001684 -0.0005051281091295712
16.60000000000168 -0.0019332865370048442
16.610000000001673 -0.0037616135304449055
16.620000000001667 -0.0050989408476903786
16.63000000000166 -0.005395008248525351
16.640000000001656 -0.0045896270831901525
16.65000000000165 -0.003036319124811663
16.660000000001645 -0.001371030141189144
16.67000000000164 -0.0003450818294737156
16.680000000001634 -0.0005268854127270837
16.69000000000163 -0.00190541303959872
16.700000000001623 -0.0037857484751141826
16.710000000001617 -0.00524020678996152
16.720000000001612 -0.005647750817731285
16.730000000001606 -0.004896661501899962
16.7400000000016 -0.0033213266279144655
16.750000000001595 -0.0015537846339010821
16.76000000000159 -0.0003496514612684701
16.770000000001584 -0.0003099239502968176
16.78000000000158 -0.0015041675250698858
16.790000000001573 -0.00332087578491658
16.800000000001567 -0.004850329633857088
16.810000000001562 -0.005429950578363897
16.820000000001556 -0.004879614667555688
16.83000000000155 -0.0034617335464367733
16.840000000001545 -0.0017548399632554227
16.85000000000154 -0.0005027456399062774
16.860000000001534 -0.0003564031885991699
16.87000000000153 -0.001479369907291904
16.880000000001523 -0.0033234707220679573
16.890000000001518 -0.004960231615714063
16.900000000001512 -0.0056589092634237205
16.910000000001506 -0.005179933990164707
16.9200000000015 -0.003759677244859945
16.930000000001495 -0.0019705451001548586
16.94000000000149 -0.0005577920224823929
16.950000000001484 -0.00019493399870497213
16.96000000000148 -0.0011151739332281542
16.970000000001473 -0.002860861346574825
16.980000000001468 -0.004540347019693902
16.990000000001462 -0.005392690381088431
17.000000000001457 -0.0051143188637966025
17.01000000000145 -0.003868366842719628
17.020000000001446 -0.0021671542674836816
17.03000000000144 -0.0007313595695089092
17.040000000001434 -0.0002684903551822999
17.05000000000143 -0.0011000377752259606
17.060000000001423 -0.0028471182993055023
17.070000000001418 -0.004619545588757842
17.080000000001412 -0.00559471556748193
17.090000000001407 -0.005403263382543939
17.1000000000014 -0.004174278893760631
17.110000000001396 -0.002410866145526338
17.12000000000139 -0.0008331544305329355
17.130000000001385 -0.00016321097151705997
17.14000000000138 -0.0007796828612450621
17.150000000001373 -0.002395872453484807
17.160000000001368 -0.004176674910726958
17.170000000001362 -0.005283035369614405
17.180000000001357 -0.005287383051469517
17.19000000000135 -0.004245732338437341
17.200000000001346 -0.0025958542006412053
17.21000000000134 -0.0010221138653070468
17.220000000001335 -0.0002645799739028436
17.23000000000133 -0.0007802408669680916
17.240000000001324 -0.0023717965950200578
17.250000000001318 -0.0042270233533866835
17.260000000001313 -0.005455712239551595
17.270000000001307 -0.0055604949826669825
17.2800000000013 -0.004554681127529911
17.290000000001296 -0.0028625814818097825
17.30000000000129 -0.0011663923974797362
17.310000000001285 -0.00021475739518217452
17.32000000000128 -0.0005091628158024769
17.330000000001274 -0.0019409470046967614
17.340000000001268 -0.003768959401212437
17.350000000001263 -0.005102650345116133
17.360000000001257 -0.005393782403347249
17.37000000000125 -0.004584188979655109
17.380000000001246 -0.0030288896071876607
17.39000000000124 -0.0013647374797758779
17.400000000001235 -0.0003430307482650193
17.41000000000123 -0.0005305238390563232
17.420000000001224 -0.0019130797561147392
17.43000000000122 -0.00379350539570137
17.440000000001213 -0.005244455668563717
17.450000000001207 -0.005646903559816421
17.4600000000012 -0.004891297410910038
17.470000000001196 -0.0033136305261819254
17.48000000000119 -0.001546881432166896
17.490000000001185 -0.0003467020879384697
17.50000000000118 -0.0003126214509664182
17.510000000001174 -0.001511262223854654
17.52000000000117 -0.003328672540170065
17.530000000001163 -0.004855152012563429
17.540000000001157 -0.005429956687228495
17.550000000001152 -0.004875066116477854
17.560000000001146 -0.0034545313615344385
17.57000000000114 -0.00174795085385034
17.580000000001135 -0.000499405582404985
17.59000000000113 -0.0003586502659207761
17.600000000001124 -0.0014863548246345723
17.61000000000112 -0.0033315972078992485
17.620000000001113 -0.004965592181791731
17.630000000001107 -0.005659353717289778
17.640000000001102 -0.005175541057795782
17.650000000001096 -0.003752294311959044
17.66000000000109 -0.0019631298923494965
17.670000000001085 -0.0005536119660447797
17.68000000000108 -0.00019621467597471306
17.690000000001074 -0.0011214594351980607
17.70000000000107 -0.0028688720347572697
17.710000000001063 -0.00454616756265942
17.720000000001058 -0.005393947353143635
17.730000000001052 -0.005110780315296404
17.740000000001046 -0.0038615792822439083
17.75000000000104 -0.002159876414891781
17.760000000001035 -0.0007268667376402349
17.77000000000103 -0.00026929351389439214
17.780000000001024 -0.0011061035975349946
17.79000000000102 -0.0028553616150205153
17.800000000001013 -0.00462588292892917
17.810000000001008 -0.005596459394893267
17.820000000001002 -0.0053999592700969615
17.830000000000997 -0.004167395916914237
17.84000000000099 -0.002403147919479491
17.850000000000986 -0.0008278909636462843
17.86000000000098 -0.00016304832332069528
17.870000000000974 -0.0007849430581979
17.88000000000097 -0.002403842852701833
17.890000000000963 -0.004183344360766832
17.900000000000958 -0.005285531109150658
17.910000000000952 -0.005284953126037209
17.920000000000947 -0.004239533309098981
17.93000000000094 -0.002588396628510293
17.940000000000936 -0.0010166337712572261
17.95000000000093 -0.0002639411354228147
17.960000000000925 -0.000785184248592732
17.97000000000092 -0.002379890752967917
17.980000000000913 -0.00423416747435772
17.990000000000908 -0.005458729325900656
18.000000000000902 -0.005558374086142859
18.010000000000897 -0.004548471258042151
18.02000000000089 -0.002854769703642621
18.030000000000886 -0.0011602186126300955
18.04000000000088 -0.00021317643435930835
18.050000000000875 -0.000513219556768196
18.06000000000087 -0.001948614979408966
18.070000000000864 -0.0037762955630302737
18.080000000000858 -0.005106339868487962
18.090000000000853 -0.0053925356704959595
18.100000000000847 -0.004578736724099532
18.11000000000084 -0.003021457881488917
18.120000000000836 -0.0013584568833044995
18.13000000000083 -0.0003410028606498592
18.140000000000825 -0.000534185452488084
18.15000000000082 -0.0019207559924202466
18.160000000000814 -0.0038012538508935675
18.170000000000808 -0.005248684423022738
18.180000000000803 -0.0056460343013527235
18.190000000000797 -0.004885917743160084
18.20000000000079 -0.003305930733806711
18.210000000000786 -0.0015399888588201105
18.22000000000078 -0.00034377502401281056
18.230000000000775 -0.0003153428183294599
18.24000000000077 -0.0015183687938399035
18.250000000000764 -0.003336463471782475
18.26000000000076 -0.004859956087430528
18.270000000000753 -0.005429941323550333
18.280000000000747 -0.004870501159072867
18.29000000000074 -0.0034473236392276287
18.300000000000736 -0.0017410702743311374
18.31000000000073 -0.0004960866770749153
18.320000000000725 -0.00036092192018789495
18.33000000000072 -0.0014933535792460964
18.340000000000714 -0.0033397194139952405
18.35000000000071 -0.004970934631936197
18.360000000000703 -0.005659775755546273
18.370000000000697 -0.0051711303326546125
18.380000000000692 -0.00374490436602405
18.390000000000686 -0.001955721745400387
18.40000000000068 -0.0005494519528681061
18.410000000000675 -0.00019752014190556607
18.42000000000067 -0.0011277608043766684
18.430000000000664 -0.0028768811521032345
18.44000000000066 -0.004551972073342125
18.450000000000653 -0.00539518278329728
18.460000000000647 -0.0051072234637156945
18.470000000000642 -0.0038547830635786355
18.480000000000636 -0.0021526034872359173
18.49000000000063 -0.0007223924394132459
18.500000000000625 -0.0002701216884432146
18.51000000000062 -0.0011121870907419232
18.520000000000614 -0.0028636051453086093
18.53000000000061 -0.004632204780209076
18.540000000000603 -0.00559818095484798
18.550000000000598 -0.0053966355270359395
18.560000000000592 -0.004160502816822829
18.570000000000586 -0.0023954331356484306
18.58000000000058 -0.0008226447619852168
18.590000000000575 -0.00016291047535249608
18.60000000000057 -0.0007902225522481564
18.610000000000564 -0.00241181615794215
18.62000000000056 -0.004190000635731259
18.630000000000553 -0.0052880057888191855
18.640000000000548 -0.005282503395278558
18.650000000000542 -0.004233322751604574
18.660000000000537 -0.0025809403965961486
18.67000000000053 -0.001011169156623056
18.680000000000526 -0.00026332683370063287
18.69000000000052 -0.0007901484573921504
18.700000000000514 -0.002387989764711484
18.71000000000051 -0.004241299320061705
18.720000000000503 -0.005461724891323762
18.730000000000498 -0.005556232144507495
18.740000000000492 -0.004542248411175986
18.750000000000487 -0.0028469577801377354
18.76000000000048 -0.0011540589340281828
18.770000000000476 -0.00021161942751909247
18.78000000000047 -0.0005172982925616734
18.790000000000465 -0.0019562903837063352
18.80000000000046 -0.0037836219525542473
18.810000000000453 -0.005110009394000033
18.820000000000448 -0.00539126806406762
18.830000000000442 -0.0045732703581054706
18.840000000000437 -0.003014024006522675
18.85000000000043 -0.0013521884114603357
18.860000000000426 -0.00033899819600048404
18.87000000000042 -0.0005378702209800567
18.880000000000415 -0.0019284416713729112
18.89000000000041 -0.003808993772351557
18.900000000000404 -0.005252893024528866
18.910000000000398 -0.005645143054440731
18.920000000000393 -0.00488052254009923
18.930000000000387 -0.00329822730973428
18.94000000000038 -0.001533106974377949
18.950000000000376 -0.0003408703032261635
18.96000000000037 -0.00031808802832012
18.970000000000365 -0.0015254871621681574
18.98000000000036 -0.003344248509113998
18.990000000000354 -0.004864741824335891
19.000000000000348 -0.005429904492936642
19.010000000000343 -0.00486591983109386
19.020000000000337 -0.003440110435151986
19.03000000000033 -0.0017341982864576238
19.040000000000326 -0.0004927889644314689
19.05000000000032 -0.00036321813563005905
19.060000000000315 -0.0015003661004051394
19.07000000000031 -0.0033478372654178632
19.080000000000304 -0.004976258926472734
19.0900000000003 -0.005660175380901309
19.100000000000293 -0.0051667018500133775
19.110000000000287 -0.0037375074627461567
19.12000000000028 -0.0019483207215081231
19.130000000000276 -0.0005453120266961282
19.14000000000027 -0.00019885038832291973
19.150000000000265 -0.0011340779760417228
19.16000000000026 -0.002884888622807615
19.170000000000254 -0.004557760507383845
19.18000000000025 -0.005396396667996494
19.190000000000243 -0.005103648338364108
19.200000000000237 -0.0038479782383922974
19.210000000000232 -0.0021453355466605076
19.220000000000226 -0.0007179367240598494
19.23000000000022 -0.0002709748792901929
19.240000000000215 -0.0011182881941451978
19.25000000000021 -0.0028718488111429043
19.260000000000204 -0.00463851109241504
19.2700000000002 -0.0055998802399833325
19.280000000000193 -0.005393292181720839
19.290000000000187 -0.0041535996451255944
19.300000000000182 -0.002387721856385188
19.310000000000176 -0.0008174158770057735
19.32000000000017 -0.0001627974348428098
19.330000000000165 -0.0007955212899891427
19.34000000000016 -0.0024197922909963403
19.350000000000154 -0.004196643681473297
19.36000000000015 -0.005290459395334243
19.370000000000143 -0.005280033881403767
19.380000000000138 -0.0042271007129894116
19.390000000000132 -0.002573485566015302
19.400000000000126 -0.0010057200769532264
19.41000000000012 -0.0002627370844063498
19.420000000000115 -0.0007951334457280241
19.43000000000011 -0.002396093550264449
19.440000000000104 -0.004248418830582761
19.4500000000001 -0.00546469891787852
19.460000000000093 -0.0055540691784013935
19.470000000000088 -0.004536012633800087
19.480000000000082 -0.002839145772485236
19.490000000000077 -0.0011479134186337951
19.50000000000007 -0.00021008639599928036
19.510000000000066 -0.0005213989835749481
19.52000000000006 -0.001963973140265936
19.530000000000054 -0.0037909385067739993
19.54000000000005 -0.0051136588982156166
19.550000000000043 -0.005389979598471908
19.560000000000038 -0.004567789923465237
19.570000000000032 -0.0030065880412072006
19.580000000000027 -0.0013459321238830553
19.59000000000002 -0.000337016783426972
19.600000000000016 -0.0005415781121113815
19.61000000000001 -0.0019361367156091264
19.620000000000005 -0.003816725091700929
19.63 -0.005257081444293888
19.639999999999993 -0.005644229831171526
19.649999999999988 -0.004875111843147314
19.659999999999982 -0.003290520312873704
19.669999999999977 -0.001526235839287286
19.67999999999997 -0.00033798795914769897
19.689999999999966 -0.00032085705667477655
19.69999999999996 -0.0015326172559874379
19.709999999999955 -0.003352027581778454
19.71999999999995 -0.0048695091894875335
19.729999999999944 -0.0054298462012851425
19.739999999999938 -0.004861322168503026
19.749999999999932 -0.003432891805063323
19.759999999999927 -0.0017273349519828015
19.76999999999992 -0.0004895124847876463
19.779999999999916 -0.0003655388961219509
19.78999999999991 -0.0015073923171392738
19.799999999999905 -0.003355950687188632
19.8099999999999 -0.004981565025770928
19.819999999999894 -0.005660552596101165
19.829999999999888 -0.005162255645154141
19.839999999999883 -0.00373010365781367
19.849999999999877 -0.0019409268828308511
19.85999999999987 -0.0005411922311306487
19.869999999999866 -0.0002002054068281555
19.87999999999986 -0.0011404108853834008
19.889999999999855 -0.002892894371237633
19.89999999999985 -0.004563532820715565
19.909999999999844 -0.0053975890039614245
19.91999999999984 -0.005100054968758879
19.929999999999833 -0.003841164858487074
19.939999999999827 -0.002138072655338728
19.94999999999982 -0.0007134996406677465
19.959999999999816 -0.0002718530865747356
19.96999999999981 -0.0011244068467657737
19.979999999999805 -0.0028800925334440466
19.9899999999998 -0.0046448018154300755
19.999999999999794 -0.005601557243007525
