t val
0.01 0.6205875422381769
0.020000000000000004 1.3714966883398148
0.030000000000000013 2.1387132939349165
0.04000000000000002 3.001181137501654
0.05000000000000003 3.879414185756576
0.06000000000000004 4.845472567694191
0.07000000000000005 5.787910899058517
0.08000000000000006 6.793803733841569
0.09000000000000007 7.767136145223389
0.10000000000000007 8.825052192048462
0.11000000000000008 9.869093794023803
0.12000000000000009 11.000785229699952
0.1300000000000001 12.098868780027978
0.1400000000000001 13.260095089803094
0.1500000000000001 14.37870438970965
0.16000000000000011 15.569870030136679
0.17000000000000012 16.738476279368605
0.18000000000000013 17.985910128308305
0.19000000000000014 19.20370515665317
0.20000000000000015 20.47862994574146
0.21000000000000016 21.71373182809384
0.22000000000000017 23.00684045730069
0.23000000000000018 24.27753008667155
0.24000000000000019 25.613968132747196
0.25000000000000017 26.927932074254365
0.2600000000000002 28.291757617418757
0.2700000000000002 29.623869729167296
0.2800000000000002 31.001355903819398
0.2900000000000002 32.35923787185035
0.3000000000000002 33.770902272277816
0.3100000000000002 35.167978210647696
0.32000000000000023 36.60858979368644
0.33000000000000024 38.02689882075566
0.34000000000000025 39.48263730874148
0.35000000000000026 40.92383867168262
0.36000000000000026 42.40968595430542
0.3700000000000003 43.88867510491738
0.3800000000000003 45.40808273465228
0.3900000000000003 46.91567710468299
0.4000000000000003 48.457235840168984
0.4100000000000003 49.9916233239369
0.4200000000000003 51.56630782448026
0.4300000000000003 53.1426195656464
0.44000000000000034 54.75941629608869
0.45000000000000034 56.37625186221714
0.46000000000000035 58.02847555156667
0.47000000000000036 59.683277444698426
0.48000000000000037 61.378637134035095
0.4900000000000004 63.08575988999632
0.5000000000000003 64.8366420936032
0.5100000000000003 66.6004011931069
0.5200000000000004 68.40485158767669
0.5300000000000004 70.22374864264944
0.5400000000000004 72.0870424211556
0.5500000000000004 73.97322080355224
0.5600000000000004 75.90877280225973
0.5700000000000004 77.87019439703701
0.5800000000000004 79.87937171265288
0.5900000000000004 81.91536020358055
0.6000000000000004 84.00157515749494
0.6100000000000004 86.12134978758847
0.6200000000000004 88.29621482433569
0.6300000000000004 90.50829063888519
0.6400000000000005 92.77468734381299
0.6500000000000005 95.07814857220153
0.6600000000000005 97.43628243299909
0.6700000000000005 99.83543090083884
0.6800000000000005 102.29213132575342
0.6900000000000005 104.79175900340917
0.7000000000000005 107.34675895779228
0.7100000000000005 109.94189945415974
0.7200000000000005 112.58891626652097
0.7300000000000005 115.2750690005454
0.7400000000000005 118.0116467020466
0.7500000000000006 120.78556136833502
0.7600000000000006 123.6049401176845
0.7700000000000006 126.45608883459525
0.7800000000000006 129.34657169867404
0.7900000000000006 132.2650963563122
0.8000000000000006 135.21997660687722
0.8100000000000006 138.20103105796196
0.8200000000000006 141.21506869705195
0.8300000000000006 144.25171388874992
0.8400000000000006 147.31730599512358
0.8500000000000006 150.403395090071
0.8600000000000007 153.51707475977355
0.8700000000000007 156.65097639204504
0.8800000000000007 159.81109066048407
0.8900000000000007 162.98960848650128
0.9000000000000007 166.19147964795502
0.9100000000000007 169.40982801155533
0.9200000000000007 172.6500943816451
0.9300000000000007 175.90649938031973
0.9400000000000007 179.18387479378487
0.9500000000000007 182.47624453178418
0.9600000000000007 185.78760280712973
0.9700000000000008 189.1126211776322
0.9800000000000008 192.4557493298513
0.9900000000000008 195.81280425447102
1.0000000000000007 199.18804519466826
1.0100000000000007 202.5771472693378
1.0200000000000007 205.9834087171156
1.0300000000000007 209.4025388177889
1.0400000000000007 212.8377267650822
1.0500000000000007 216.28523116460525
1.0600000000000007 219.74788736570437
1.0700000000000007 223.22168632159878
1.0800000000000007 226.70852740581006
1.0900000000000007 230.20434112755237
1.1000000000000008 233.71112058740704
1.1100000000000008 237.2256626178795
1.1200000000000008 240.75017109191947
1.1300000000000008 244.28157772077031
1.1400000000000008 247.82139734024426
1.1500000000000008 251.36620797170843
1.1600000000000008 254.91706800261585
1.1700000000000008 258.47076891707746
1.1800000000000008 262.02826165762013
1.1900000000000008 265.5863266072044
1.2000000000000008 269.14534365956024
1.2100000000000009 272.7018297132307
1.2200000000000009 276.2558458202626
1.2300000000000009 279.80415266710713
1.2400000000000009 283.3468893265503
1.2500000000000009 286.88103038252314
1.260000000000001 290.4064608337685
1.270000000000001 293.92004807790363
1.280000000000001 297.42145459084054
1.290000000000001 300.9077588359278
1.300000000000001 304.3787333392569
1.310000000000001 307.8317119943735
1.320000000000001 311.2663627992573
1.330000000000001 314.6799733952997
1.340000000000001 318.0719965337538
1.350000000000001 321.4398270803635
1.360000000000001 324.7829869989777
1.370000000000001 328.09910316838887
1.380000000000001 331.3876653546394
1.390000000000001 334.6463110962752
1.400000000000001 337.8743679057007
1.410000000000001 341.06953004748465
1.420000000000001 344.2311635749881
1.430000000000001 347.35717797184384
1.440000000000001 350.4469801413894
1.450000000000001 353.49853369839866
1.460000000000001 356.51112945476007
1.470000000000001 359.48275996969494
1.480000000000001 362.4127258213354
1.490000000000001 365.2991873133273
1.500000000000001 368.14150689810106
1.5100000000000011 370.9379300724572
1.5200000000000011 373.68774900235564
1.5300000000000011 376.3892250776754
1.5400000000000011 379.0416467964587
1.5500000000000012 381.64341257561165
1.5600000000000012 384.19388204572147
1.5700000000000012 386.69155296230895
1.5800000000000012 389.1357525760839
1.5900000000000012 391.52498564072755
1.6000000000000012 393.85854909352884
1.6100000000000012 396.1350333083796
1.6200000000000012 398.3537832197941
1.6300000000000012 400.5134698375869
1.6400000000000012 402.61341712931056
1.6500000000000012 404.6523000904769
1.6600000000000013 406.6294080871516
1.6700000000000013 408.5434713422897
1.6800000000000013 410.3938211961696
1.6900000000000013 412.1792732469517
1.7000000000000013 413.8991682136679
1.7100000000000013 415.5523387381404
1.7200000000000013 417.1380993020024
1.7300000000000013 418.6553182589508
1.7400000000000013 420.1033340535301
1.7500000000000013 421.48108047329214
1.7600000000000013 422.78791082306543
1.7700000000000014 424.0227817689712
1.7800000000000014 425.18502881951594
1.7900000000000014 426.2736382259583
1.8000000000000014 427.28797292689404
1.8100000000000014 428.22709090244933
1.8200000000000014 429.09039584213184
1.8300000000000014 429.8769950444322
1.8400000000000014 430.5863019491902
1.8500000000000014 431.2174581879184
1.8600000000000014 431.76990296281446
1.8700000000000014 432.24284011959816
1.8800000000000014 432.6357524985943
1.8900000000000015 432.9478990820785
1.9000000000000015 433.1787905571076
1.9100000000000015 433.3277358085002
1.9200000000000015 433.3942927104129
1.9300000000000015 433.3778536629019
1.9400000000000015 433.2780552388976
1.9500000000000015 433.09438186686975
1.9600000000000015 432.82653541166064
1.9700000000000015 432.4740718850378
1.9800000000000015 432.0367520124049
1.9900000000000015 431.5142115640035
2.0000000000000013 430.9062836809988
2.0100000000000002 430.8351636799189
2.019999999999999 430.8251452828674
2.029999999999998 430.78055732239727
2.039999999999997 430.79674405692634
2.049999999999996 430.8084330602999
2.0599999999999947 430.89584287444325
2.0699999999999936 430.95312820863734
2.0799999999999925 431.06977732213414
2.0899999999999914 431.15005464864726
2.0999999999999903 431.30955072409364
2.109999999999989 431.44892623525993
2.119999999999988 431.67109516348074
2.129999999999987 431.8591622046907
2.139999999999986 432.1173888895332
2.149999999999985 432.3488126688894
2.1599999999999837 432.67612519985767
2.1699999999999826 433.00607703191844
2.1799999999999815 433.43381043465814
2.1899999999999804 433.8353726776646
2.1999999999999793 434.27565331592996
2.209999999999978 434.6335020776355
2.219999999999977 434.9860636996548
2.229999999999976 435.23966479377964
2.239999999999975 435.4790025311334
2.249999999999974 435.62085026587846
2.2599999999999727 435.7483122052567
2.2699999999999716 435.7925382624256
2.2799999999999705 435.84295465812994
2.2899999999999694 435.8450646684508
2.2999999999999683 435.8807791437387
2.309999999999967 435.8880143124844
2.319999999999966 435.92890599332287
2.329999999999965 435.93911588905
2.339999999999964 435.97797469613187
2.349999999999963 435.9921689584136
2.3599999999999617 436.03981541016213
2.3699999999999606 436.06899052349047
2.3799999999999595 436.1269251884302
2.3899999999999584 436.16091662033546
2.3999999999999573 436.2155276369941
2.409999999999956 436.2478908165533
2.419999999999955 436.3039721907689
2.429999999999954 436.34420565221905
2.439999999999953 436.40698420993505
2.4499999999999518 436.4511061907429
2.4599999999999507 436.510433637743
2.4699999999999496 436.5500026619344
2.4799999999999485 436.6056246557691
2.4899999999999474 436.6468473797407
2.4999999999999463 436.7045979825098
2.509999999999945 436.74697011580184
2.519999999999944 436.80029955219567
2.529999999999943 436.8363072461285
2.539999999999942 436.88285005895233
2.5499999999999408 436.91680918922884
2.5599999999999397 436.9637886081556
2.5699999999999386 436.99974777119917
2.5799999999999375 437.045843452735
2.5899999999999364 437.07986605636614
2.5999999999999353 437.1236419961499
2.609999999999934 437.15902457896107
2.619999999999933 437.2064605127484
2.629999999999932 437.24715460368094
2.639999999999931 437.2970109011126
2.6499999999999297 437.33695985671534
2.6599999999999286 437.3824317991282
2.6699999999999275 437.41785922372145
2.6799999999999264 437.4588216361707
2.6899999999999253 437.4908901725522
2.6999999999999242 437.52757418842674
2.709999999999923 437.5550380618803
2.719999999999922 437.5864522729251
2.729999999999921 437.6106044034108
2.73999999999992 437.6407204415317
2.7499999999999187 437.66624089272267
2.7599999999999176 437.6983197776018
2.7699999999999165 437.72642192213056
2.7799999999999154 437.76105546191104
2.7899999999999143 437.7934290387817
2.7999999999999132 437.8338209642812
2.809999999999912 437.87333597744066
2.819999999999911 437.919233476195
2.82999999999991 437.96068716885986
2.839999999999909 438.0029587906121
2.8499999999999077 438.03651114501054
2.8599999999999066 438.0680996299533
2.8699999999999055 438.0912101936733
2.8799999999999044 438.1137589154311
2.8899999999999033 438.1302843736405
2.899999999999902 438.1477680661164
2.909999999999901 438.16064334451136
2.9199999999999 438.1751351355883
2.929999999999899 438.1863682244355
2.939999999999898 438.20093940394867
2.9499999999998967 438.2158696248501
2.9599999999998956 438.23913473625873
2.9699999999998945 438.26943318412714
2.9799999999998934 438.31388284481676
2.9899999999998923 438.36814711741135
2.999999999999891 438.4326297886677
3.00999999999989 438.4957487129284
3.019999999999889 438.55195999019304
3.029999999999888 438.5895208111764
3.039999999999887 438.60862616691963
3.0499999999998857 438.60864839339376
3.0599999999998846 438.60075245831956
3.0699999999998835 438.5910233516092
3.0799999999998824 438.58867133307524
3.0899999999998813 438.5908682115346
3.09999999999988 438.59486510608525
3.109999999999879 438.5907004445953
3.119999999999878 438.5779940022912
3.129999999999877 438.5603614661759
3.139999999999876 438.5559593362584
3.1499999999998747 438.5827649207935
3.1599999999998736 438.6584130711805
3.1699999999998725 438.7816394440622
3.1799999999998714 438.9357927142662
3.1899999999998703 439.0840501117473
3.199999999999869 439.18914974563836
3.209999999999868 439.222004894764
3.219999999999867 439.1821958275363
3.229999999999866 439.09430201268594
3.2399999999998648 439.0046413639626
3.2499999999998637 438.9544664968967
3.2599999999998626 438.9641091331456
3.2699999999998615 439.0146933974788
3.2799999999998604 439.0596206921028
3.2899999999998593 439.043337564109
3.299999999999858 438.93972011093894
3.309999999999857 438.77268840785666
3.319999999999856 438.6237363846256
3.329999999999855 438.6002687400546
3.3399999999998538 438.7907367506965
3.3499999999998527 439.20883794257054
3.3599999999998515 439.7699969580061
3.3699999999998504 440.3034416113626
3.3799999999998493 440.6179519226386
3.3899999999998482 440.58491063882116
3.399999999999847 440.21479351945385
3.409999999999846 439.67268767468124
3.419999999999845 439.22441982264206
3.429999999999844 439.1127980590182
3.4399999999998427 439.4263180288226
3.4499999999998416 440.0191501887723
3.4599999999998405 440.5522977812295
3.4699999999998394 440.65047977853754
3.4799999999998383 440.1184323617828
3.4899999999998372 439.09494557395163
3.499999999999836 438.05987230745984
3.509999999999835 437.6559655134958
3.519999999999834 438.3902204635168
3.529999999999833 440.3326086985167
3.5399999999998317 442.9748449173545
3.5499999999998306 445.3552400707813
3.5599999999998295 446.4495944389739
3.5699999999998284 445.667093977241
3.5799999999998273 443.2366111595193
3.589999999999826 440.259112213904
3.599999999999825 438.31057025779495
3.609999999999824 438.69674427207525
3.619999999999823 441.67886100515693
3.629999999999822 446.0760480946298
3.6399999999998207 449.6546263761062
3.6499999999998196 450.27006407095723
3.6599999999998185 447.07973423167726
3.6699999999998174 441.19730223249525
3.6799999999998163 435.4984631820745
3.689999999999815 433.4553019332096
3.699999999999814 437.4735255245552
3.709999999999813 447.46347258697404
3.719999999999812 460.321091248852
3.729999999999811 470.9101017632926
3.7399999999998097 474.101606043076
3.7499999999998086 467.4579748057389
3.7599999999998075 453.8352960292838
3.7699999999998064 440.6177974691985
3.7799999999998053 435.95892450791314
3.789999999999804 444.6061212433787
3.799999999999803 464.351628214812
3.809999999999802 486.1925288681991
3.819999999999801 499.0091544647071
3.8299999999998 494.4035380724879
3.8399999999997987 473.0842460588418
3.8499999999997976 447.18020226775525
3.8599999999997965 432.58026414767915
3.8699999999997954 438.8260901875765
3.8799999999997943 464.2366447118187
3.889999999999793 499.95455001358846
3.899999999999792 530.0504991519235
3.909999999999791 534.5368169317208
3.91999999999979 509.9323672627837
3.9299999999997888 474.7984657817793
3.9399999999997877 451.27356088272103
3.9499999999997866 446.66055038386264
3.9599999999997855 458.2686630918649
3.9699999999997844 482.13802772607636
3.9799999999997833 508.04081084841766
3.989999999999782 519.827457345233
3.999999999999781 507.67284332005534
4.00999999999978 481.55483763869205
4.019999999999779 457.2405185993531
4.029999999999778 441.46834408184765
4.039999999999777 436.7125924535307
4.049999999999776 445.35442124685255
4.059999999999775 466.21111744065706
4.069999999999774 492.949424920929
4.079999999999773 510.59416293168397
4.089999999999772 505.4898653898686
4.0999999999997705 484.57994432994315
4.109999999999769 462.6548928955009
4.119999999999768 447.0918039989517
4.129999999999767 440.1312003779703
4.139999999999766 442.885515491634
4.149999999999765 456.1361683386499
4.159999999999764 476.9824670711839
4.169999999999763 495.46963161670305
4.179999999999762 497.3926939750411
4.189999999999761 481.19698191595273
4.1999999999997595 459.77315906877175
4.209999999999758 442.61235083541277
4.219999999999757 432.5836441702526
4.229999999999756 432.2476213846334
4.239999999999755 443.0235949513833
4.249999999999754 462.09602543819017
4.259999999999753 482.4238415278589
4.269999999999752 492.02253983485286
4.279999999999751 483.6079718354817
4.28999999999975 465.7206946669387
4.2999999999997485 449.8672400213377
4.309999999999747 439.9223131809073
4.319999999999746 437.14704564159683
4.329999999999745 442.9109351422585
4.339999999999744 456.0683025303898
4.349999999999743 471.79572902606196
4.359999999999742 482.21036649413486
4.369999999999741 479.21326038379317
4.37999999999974 464.2353827200023
4.3899999999997386 447.52669277321996
4.3999999999997375 436.09510309750124
4.409999999999736 431.85850868144405
4.419999999999735 435.9941376966911
4.429999999999734 448.49919948464645
4.439999999999733 465.4839441032225
4.449999999999732 479.5129747727484
4.459999999999731 482.2694391200065
4.46999999999973 471.5786886140921
4.479999999999729 455.30705827460554
4.4899999999997275 442.6493438041554
4.499999999999726 437.3460902532137
4.509999999999725 439.73866019716905
4.519999999999724 449.50025715716123
4.529999999999723 463.92891487750694
4.539999999999722 476.4231429511622
4.549999999999721 479.22104786284507
4.55999999999972 469.48618721919524
4.569999999999719 453.1243146423525
4.579999999999718 439.20538672314274
4.5899999999997165 432.86162003725366
4.599999999999715 435.2191088681683
4.609999999999714 445.89825192072544
4.619999999999713 462.42999232095934
4.629999999999712 478.12766213148706
4.639999999999711 484.0317557212587
4.64999999999971 476.07597230078954
4.659999999999709 459.816657444313
4.669999999999708 444.9412962108891
4.679999999999707 437.5103775224714
4.6899999999997055 438.8722047476474
4.699999999999704 448.26851092351126
4.709999999999703 463.2231875351064
4.719999999999702 477.67102089524604
4.729999999999701 482.94254321800656
4.7399999999997 474.59542689401826
4.749999999999699 457.72506998935773
4.759999999999698 441.79872950248136
4.769999999999697 433.14482493897117
4.779999999999696 433.7756194241409
4.7899999999996945 443.57403199891735
4.799999999999693 460.47986341429794
4.809999999999692 478.4557339653882
4.819999999999691 487.69306083604715
4.82999999999969 481.8365940028445
4.839999999999689 465.3166820984429
4.849999999999688 448.4857962208692
4.859999999999687 438.6201994856373
4.869999999999686 437.8921867238778
4.879999999999685 446.01819434802826
4.8899999999996835 461.00019148928413
4.899999999999682 477.2697444430441
4.909999999999681 485.6810115309759
4.91999999999968 479.62636581300825
4.929999999999679 462.8262097656624
4.939999999999678 445.4687588405577
4.949999999999677 434.77875556410595
4.959999999999676 433.2133782492289
4.969999999999675 441.09503962431984
4.979999999999674 457.06991638507765
4.9899999999996725 475.89794298603584
4.999999999999671 487.99528456505135
5.00999999999967 485.1891361684396
5.019999999999669 469.7468174011647
5.029999999999668 452.07356739957646
5.039999999999667 440.4485112152689
5.049999999999666 437.6515245286427
5.059999999999665 443.7315205469179
5.069999999999664 457.4127214379146
5.079999999999663 474.0565137243076
5.0899999999996615 484.9871432097778
5.09999999999966 482.24899047113036
5.109999999999659 467.0568300253585
5.119999999999658 449.0483068576461
5.129999999999657 436.54315234153466
5.139999999999656 432.78115234398757
5.149999999999655 438.37099793713753
5.159999999999654 452.58363181712036
5.169999999999653 471.35222481288827
5.1799999999996515 485.9297702923699
5.1899999999996504 486.9791032158603
5.199999999999649 473.88081258628984
5.209999999999648 455.9048130127554
5.219999999999647 442.4288190299398
5.229999999999646 437.418326754216
5.239999999999645 441.3269929546472
5.249999999999644 453.3403141371261
5.259999999999643 469.8611295207429
5.269999999999642 483.0649917842851
5.2799999999996405 484.02646747574727
5.289999999999639 471.24596024744534
5.299999999999638 453.0675596016122
5.309999999999637 438.7839427200371
5.319999999999636 432.7366972437804
5.329999999999635 435.9549390884217
5.339999999999634 448.1464279573177
5.349999999999633 466.3184573959843
5.359999999999632 482.8751349252529
5.369999999999631 487.87479494126984
5.3799999999996295 477.81151546081134
5.389999999999628 460.1378465009199
5.399999999999627 445.0184775412129
5.409999999999626 437.76100559832315
5.419999999999625 439.3945929241262
5.429999999999624 449.4612182977461
5.439999999999623 465.30960144271086
5.449999999999622 480.2123796894838
5.459999999999621 484.91771165945164
5.46999999999962 475.2511594142031
5.4799999999996185 457.5240178918566
5.489999999999617 441.6870666091885
5.499999999999616 433.3828279501257
5.509999999999615 434.1936756065444
5.519999999999614 444.16852074157805
5.529999999999613 461.2640650444679
5.539999999999612 479.13562337161244
5.549999999999611 487.8832692827718
5.55999999999961 481.42929525517184
5.569999999999609 464.71256320387903
5.5799999999996075 448.22919088966455
5.589999999999606 438.7780212637274
5.599999999999605 438.17216055623135
5.609999999999604 446.21184063092073
5.619999999999603 461.02769799963977
5.629999999999602 476.9847222558721
5.639999999999601 485.0028967555432
5.6499999999996 478.7743220847854
5.659999999999599 462.1182868638173
5.669999999999598 445.0661862374834
5.6799999999995965 434.6273678957047
5.689999999999595 433.1307768254634
5.699999999999594 440.889508360646
5.709999999999593 456.59939110720177
5.719999999999592 475.121792901589
5.729999999999591 487.0377092354755
5.73999999999959 484.3706022711973
5.749999999999589 469.26250442928193
5.759999999999588 451.8481693016997
5.769999999999587 440.3156675325079
5.7799999999995855 437.5007303952855
5.789999999999584 443.48233899937776
5.799999999999583 456.9818933855602
5.809999999999582 473.4359172264565
5.819999999999581 484.29527632444973
5.82999999999958 481.6780278446096
5.839999999999579 466.71542877794406
5.849999999999578 448.8695979806628
5.859999999999577 436.40959643599524
5.869999999999576 432.6164255577978
5.8799999999995745 438.1167770821034
5.889999999999573 452.1715892579291
5.899999999999572 470.78058062769696
5.909999999999571 485.33694983443394
5.91999999999957 486.57160515921305
5.929999999999569 473.71830040604146
5.939999999999568 455.8807940840481
5.949999999999567 442.42051357068954
5.959999999999566 437.37715352286455
5.9699999999995645 441.2256799983939
5.979999999999563 453.1377841462984
5.989999999999562 469.54629542668397
5.999999999999561 482.7147176445195
6.00999999999956 483.7785131407982
6.019999999999559 471.14262457483954
6.029999999999558 453.0333765368149
6.039999999999557 438.75311666707546
6.049999999999556 432.6946642677137
6.059999999999555 435.8875676503134
6.0699999999995535 448.02740620822357
6.079999999999552 466.1498885698999
6.089999999999551 482.70341393402475
6.09999999999955 487.7910886873885
6.109999999999549 477.83634929587595
6.119999999999548 460.197409176026
6.129999999999547 445.06060882845026
6.139999999999546 437.807074673382
6.149999999999545 439.4702200234299
6.159999999999544 449.56023588546725
6.1699999999995425 465.41347907010254
6.179999999999541 480.2877801597773
6.18999999999954 484.93506783603175
6.199999999999539 475.21887952005716
6.209999999999538 457.46296667341477
6.219999999999537 441.62033650585175
6.229999999999536 433.3456931535916
6.239999999999535 434.2160240317209
6.249999999999534 444.25786037350133
6.259999999999533 461.40885056396456
6.2699999999995315 479.29402573734785
6.27999999999953 487.98864294850284
6.289999999999529 481.45524161421554
6.299999999999528 464.69226149942415
6.309999999999527 448.2037670486179
6.319999999999526 438.78366608367685
6.329999999999525 438.2379911688346
6.339999999999524 446.3510926392345
6.349999999999523 461.2249812733095
6.359999999999522 477.1898805416435
6.3699999999995205 485.1298075818024
6.379999999999519 478.7737926365179
6.389999999999518 462.0366573572247
6.399999999999517 444.97479840176095
6.409999999999516 434.5647540280996
6.419999999999515 433.1173455149495
6.429999999999514 440.9451396215761
6.439999999999513 456.7268314355272
6.449999999999512 475.2884138981067
6.459999999999511 487.1710948509389
6.4699999999995095 484.4098430103329
6.479999999999508 469.23037402749304
6.489999999999507 451.8118319408615
6.499999999999506 440.3145906818544
6.509999999999505 437.5436942135121
6.519999999999504 443.57468819896513
6.529999999999503 457.11882146397716
6.539999999999502 473.57948968479513
6.549999999999501 484.38021470144844
6.5599999999995 481.6580001172141
6.5699999999994985 466.6208385025647
6.579999999999497 448.77251016720027
6.589999999999496 436.3510696007825
6.599999999999495 432.6019537971903
6.609999999999494 438.14726961697016
6.619999999999493 452.2441791579411
6.629999999999492 470.8680868217012
6.639999999999491 485.38894506254206
6.64999999999949 486.551899829326
6.6599999999994886 473.64884283393917
6.6699999999994874 455.8178517157469
6.679999999999486 442.39963510183827
6.689999999999485 437.40074727841863
6.699999999999484 441.28549532199634
6.709999999999483 453.2219301652381
6.719999999999482 469.62596902355745
6.729999999999481 482.74497519626965
6.73999999999948 483.73186617496094
6.749999999999479 471.04398939515744
6.7599999999994775 452.93496424863883
6.769999999999476 438.6873518334651
6.779999999999475 432.66853868561776
6.789999999999474 435.8999551462505
6.799999999999473 448.07282763061556
6.809999999999472 466.2076556133951
6.819999999999471 482.73476257985794
6.82999999999947 487.76455862866544
6.839999999999469 477.76570390034635
6.849999999999468 460.12701552673843
6.8599999999994665 445.0225662833947
6.869999999999465 437.80945193189945
6.879999999999464 439.50947535176095
6.889999999999463 449.626804544871
6.899999999999462 465.48392987480463
6.909999999999461 480.32336239199765
6.91999999999946 484.90372407135476
6.929999999999459 475.1323659780795
6.939999999999458 457.3674487587369
6.949999999999457 441.55024636097545
6.9599999999994555 433.312017286814
6.969999999999454 434.22029686344916
6.979999999999453 444.29726626896155
6.989999999999452 461.46750201770647
6.999999999999451 479.3380291561099
7.00999999999945 487.98226699006284
7.019999999999449 481.3979147217625
7.029999999999448 464.6221435488276
7.039999999999447 448.1566186965092
7.049999999999446 438.77337615092506
7.0599999999994445 438.2645797336652
7.069999999999443 446.40902577612803
7.079999999999442 461.2967360329655
7.089999999999441 477.24153750823916
7.09999999999944 485.12481601479664
7.109999999999439 478.70868100048045
7.119999999999438 461.94918088408315
7.129999999999437 444.9039673574548
7.139999999999436 434.52760436699396
7.149999999999435 433.1180717335418
7.1599999999994335 440.98364133934274
7.169999999999432 456.792348273218
7.179999999999431 475.35077070394476
7.18999999999943 487.1894205686378
7.199999999999429 484.36914112834495
7.209999999999428 469.1613746466847
7.219999999999427 451.7560558178641
7.229999999999426 440.29371307090025
7.239999999999425 437.5615230654322
7.249999999999424 443.628233769729
7.2599999999994225 457.19520741023683
7.269999999999421 473.64812066330194
7.27999999999942 484.3995412106374
7.289999999999419 481.610438885694
7.299999999999418 466.5366645202689
7.309999999999417 448.6963195101223
7.319999999999416 436.306901195922
7.329999999999415 432.59669812866537
7.339999999999414 438.18230122365634
7.349999999999413 452.31233053680387
7.3599999999994115 470.94324860356414
7.36999999999941 485.4278095782247
7.379999999999409 486.5266426451344
7.389999999999408 473.5809555022935
7.399999999999407 455.75287441893084
7.409999999999406 442.3663388096357
7.419999999999405 437.4065322179188
7.429999999999404 441.32916279815345
7.439999999999403 453.29474925752714
7.4499999999994015 469.7022611728019
7.4599999999994 482.78316249402616
7.469999999999399 483.70274314965826
7.479999999999398 470.96616929143124
7.489999999999397 452.85490737423487
7.499999999999396 438.6357443441684
7.509999999999395 432.65514826013555
7.519999999999394 435.9270803071316
7.529999999999393 448.13659042072186
7.539999999999392 466.28704856059136
7.5499999999993905 482.7884386519788
7.559999999999389 487.75549247832214
7.569999999999388 477.7027667310445
7.579999999999387 460.0556224079676
7.589999999999386 444.9783148209493
7.599999999999385 437.8038240604558
7.609999999999384 439.54214743290635
7.619999999999383 449.69200361335504
7.629999999999382 465.5610274667925
7.639999999999381 480.37362300783474
7.6499999999993795 484.89097156389363
7.659999999999378 475.0625329466578
7.669999999999377 457.2847788649757
7.679999999999376 441.491430504343
7.689999999999375 433.290504415349
7.699999999999374 434.2387908240039
7.709999999999373 444.35378431446065
7.719999999999372 461.54585713593707
7.729999999999371 479.4010206831674
7.73999999999937 487.9881778103137
7.7499999999993685 481.34291617073177
7.759999999999367 464.5471614397061
7.769999999999366 448.1024800388293
7.779999999999365 438.7566657388671
7.789999999999364 438.28634685303786
7.799999999999363 446.46538383953435
7.809999999999362 461.37175918408667
7.819999999999361 477.30070332885066
7.82999999999936 485.1281759498114
7.839999999999359 478.64968520141827
7.8499999999993575 461.8662156902943
7.859999999999356 444.8383798190451
7.869999999999355 434.4976340558944
7.879999999999354 433.12774501552167
7.889999999999353 441.03238701238337
7.899999999999352 456.8683206930705
7.909999999999351 475.4216324146226
7.91999999999935 487.2112064159847
7.929999999999349 484.3256269145783
7.939999999999348 469.0858628007191
7.9499999999993465 451.69327035307464
7.959999999999345 440.26616218847676
7.969999999999344 437.57265322146264
7.979999999999343 443.67559424446534
7.989999999999342 457.2669956967782
7.999999999999341 473.7144931070989
8.009999999999344 484.41911384202075
8.019999999999348 481.56494795312364
8.029999999999351 466.4558104459425
8.039999999999354 448.6246832305782
8.049999999999358 436.2682941719073
8.059999999999361 432.59727916701223
8.069999999999364 438.2226037926048
8.079999999999368 452.3843139697107
8.089999999999371 471.0198369433584
8.099999999999374 485.4652954239724
8.109999999999378 486.49778162383427
8.119999999999381 473.5084753311941
8.129999999999384 455.68331660090746
8.139999999999388 442.32852909400066
8.149999999999391 437.40729075420586
8.159999999999394 441.36718659117304
8.169999999999398 453.3618042883365
8.179999999999401 469.7734348630253
8.189999999999404 482.8179049967806
8.199999999999408 483.67292428680514
8.209999999999411 470.89033460092304
8.219999999999414 452.77851971366266
8.229999999999418 438.58868553344735
8.239999999999421 432.6466213881265
8.249999999999424 435.9585425453244
8.259999999999428 448.20312550733075
8.269999999999431 466.36683568442834
8.279999999999434 482.8400505317082
8.289999999999438 487.7430744357847
8.299999999999441 477.6365270487535
8.309999999999444 459.9811712073686
8.319999999999448 444.93078408820503
8.329999999999451 437.79441469411177
8.339999999999455 439.5706560781614
8.349999999999458 449.75296470215443
8.359999999999461 465.6343749274239
8.369999999999465 480.4214019165851
8.379999999999468 484.87780901662296
8.389999999999471 474.9944853259425
8.399999999999475 457.20519934581034
8.409999999999478 441.43614305699174
8.419999999999481 433.2727087017707
8.429999999999485 434.260977784265
8.439999999999488 444.41340744049575
8.449999999999491 461.6261008720286
8.459999999999495 479.4643086725879
8.469999999999498 487.99300286642926
8.479999999999501 481.28615710260914
8.489999999999505 464.4701638940192
8.499999999999508 448.04597084242266
8.509999999999511 438.7371465823711
8.519999999999515 438.3051262143922
8.529999999999518 446.5190039608625
8.539999999999521 461.44472447271266
8.549999999999525 477.3589082753368
8.559999999999528 485.1318947835355
8.569999999999531 478.5922543151947
8.579999999999535 461.78557366767046
8.589999999999538 444.7754495563708
8.599999999999541 434.47051929103293
8.609999999999545 433.140396371746
8.619999999999548 441.0839528105123
8.629999999999551 456.94652558900066
8.639999999999555 475.49372494072907
8.649999999999558 487.2330643692919
8.659999999999561 484.2812845833643
8.669999999999565 469.00903405376005
8.679999999999568 451.6288542084185
8.689999999999571 440.23666332834443
8.699999999999575 437.58163863165737
8.709999999999578 443.7209568697673
8.719999999999581 457.3373231072442
8.729999999999585 473.7802438354037
8.739999999999588 484.4390131717421
8.749999999999591 481.52061758103287
8.759999999999595 466.3766654629253
8.769999999999598 448.55506206937144
8.779999999999601 436.2319331464037
8.789999999999605 432.60027918692384
8.799999999999608 438.2653000866827
8.809999999999611 452.45834466368905
8.819999999999615 471.0977316920238
8.829999999999618 485.50306123357956
8.839999999999621 486.4682842679758
8.849999999999625 473.4348749649723
8.859999999999628 455.6124554789936
8.869999999999632 442.28928205877565
8.879999999999635 437.4064831129066
8.889999999999638 441.40369688838865
8.899999999999642 453.4276573413553
8.909999999999645 469.8439297969301
8.919999999999648 482.85257711140196
8.929999999999652 483.6436408187069
8.939999999999655 470.8155559361423
8.949999999999658 452.70355041912484
8.959999999999662 438.5432926666193
8.969999999999665 432.6399354466363
8.979999999999668 435.9918658466984
8.989999999999672 448.27127898337943
8.999999999999675 466.4476674713896
9.009999999999678 482.8918767089934
9.019999999999682 487.7301047220922
9.029999999999685 477.5693650022814
9.039999999999688 459.905714985617
9.049999999999692 444.8821862380283
9.059999999999695 437.78381548070865
9.069999999999698 439.597941746915
9.079999999999702 449.8128513382191
9.089999999999705 465.7069597704132
9.099999999999708 480.46883292396967
9.109999999999712 484.86478768792733
9.119999999999715 474.9270871091765
9.129999999999718 457.12666105916406
9.139999999999722 441.38213652337566
9.149999999999725 433.256340786103
9.159999999999728 434.28462262146974
9.169999999999732 444.47431731619224
9.179999999999735 461.7071888557005
9.189999999999738 479.5277688693693
9.199999999999742 487.99735922453857
9.209999999999745 481.2286357929944
9.219999999999748 464.3923926097208
9.229999999999752 447.988691303828
9.239999999999755 438.71677019762535
9.249999999999758 438.3229789974257
9.259999999999762 446.57174408739274
9.269999999999765 461.5169685161957
9.279999999999768 477.41663711489923
9.289999999999772 485.1354885008375
9.299999999999775 478.53516090235127
9.309999999999778 461.70568133494834
9.319999999999782 444.7135131448693
9.329999999999785 434.4445297337792
9.339999999999788 433.15421665529834
9.349999999999792 441.1365805586993
9.359999999999795 457.02546564066864
9.369999999999798 475.56601503804
9.379999999999802 487.2545663862512
9.389999999999805 484.23632435848543
9.399999999999809 468.9316118816189
9.409999999999812 451.5638894555103
9.419999999999815 440.20656382503114
9.429999999999819 437.58995253773696
9.439999999999822 443.76565746998216
9.449999999999825 457.4070733515857
9.459999999999829 473.84555688726005
9.469999999999832 484.458687886285
9.479999999999835 481.4764136219513
9.489999999999839 466.2980328861982
9.499999999999842 448.4862033189594
9.509999999999845 436.196460043633
9.519999999999849 432.604224600708
9.529999999999852 438.30889896127394
9.539999999999855 452.53306252801195
9.549999999999859 471.1759012514987
9.559999999999862 485.54061164700846
9.569999999999865 486.4382871319464
9.579999999999869 473.3607894340534
9.589999999999872 455.5411890776111
9.599999999999875 442.2496200196789
9.609999999999879 437.40520127209203
9.619999999999882 441.43972664410467
9.629999999999885 453.4930763013387
9.639999999999889 469.91406378176697
9.649999999999892 482.88699692892317
9.659999999999895 483.6143382217855
9.669999999999899 470.7410939921819
9.679999999999902 452.62915615700206
9.689999999999905 438.4986038713821
9.699999999999909 432.6340135337131
9.709999999999912 436.02594634996836
9.719999999999915 448.3400546500488
9.729999999999919 466.5288127521418
9.739999999999922 482.9435947592675
9.749999999999925 487.7167295635597
9.759999999999929 477.50178955181656
9.769999999999932 459.82995099306646
9.779999999999935 444.8333124480864
9.789999999999939 437.7728982955519
9.799999999999942 439.62489070464653
9.809999999999945 449.872421876927
9.819999999999949 465.779256497917
9.829999999999952 480.51600844633384
9.839999999999955 484.8516399449749
9.849999999999959 474.8598388513394
9.859999999999962 457.0485390355771
9.869999999999965 441.32869016108117
9.879999999999969 433.2405970710271
9.889999999999972 434.308904133051
9.899999999999975 444.53578229782715
9.909999999999979 461.78860061327805
9.919999999999982 479.59119060301816
9.929999999999986 488.0013709436703
9.939999999999989 481.1707323998497
9.949999999999992 464.314364540484
9.959999999999996 447.93122858461004
9.969999999999999 438.6961936093349
9.980000000000002 438.3406074324752
9.990000000000006 446.6242634837938
10.000000000000009 461.5889894792645
10.010000000000012 477.47412287437606
10.020000000000016 485.13888170599427
10.030000000000019 478.47807799197403
10.040000000000022 461.62606833980044
10.050000000000026 444.6520199464437
10.060000000000029 434.4190527587736
10.070000000000032 433.1685713219387
10.080000000000036 441.1896975480817
10.090000000000039 457.1047246528758
10.100000000000042 475.6383189467027
10.110000000000046 487.2757768884568
10.120000000000049 484.1909992443674
10.130000000000052 468.85395663303586
10.140000000000056 451.49880183498385
10.150000000000059 440.17635203014805
10.160000000000062 437.5981300386807
10.170000000000066 443.8102163479142
10.180000000000069 457.4766637314196
10.190000000000072 473.91065840882436
10.200000000000076 484.47812555069896
10.210000000000079 481.4321108883597
10.220000000000082 466.21955935626386
10.230000000000086 448.41769023865595
10.240000000000089 436.16141220199074
10.250000000000092 432.6086220972359
10.260000000000096 438.3529292944439
10.270000000000099 452.608090013893
10.280000000000102 471.2541277868104
10.290000000000106 485.57792227287626
10.300000000000109 486.4079363673173
10.310000000000112 473.2864730371798
10.320000000000116 455.4698337492722
10.330000000000119 442.2099100562877
10.340000000000122 437.40385298897183
10.350000000000126 441.4756800656397
10.360000000000129 453.55839476596003
10.370000000000132 469.98402954268397
10.380000000000136 482.9211739659103
10.39000000000014 483.58485738511274
10.400000000000142 470.66668494096405
10.410000000000146 452.55502269420936
10.42000000000015 438.4542708717175
10.430000000000152 432.6284785837495
10.440000000000156 436.06040899380065
10.45000000000016 448.4091293132206
10.460000000000163 466.6100525597677
10.470000000000166 482.9951269791844
10.48000000000017 487.70301437210225
10.490000000000173 477.4339710148635
10.500000000000176 459.7541100559703
10.51000000000018 444.78443463082147
10.520000000000183 437.761970036196
10.530000000000186 439.65181698725746
10.54000000000019 449.93194640989395
10.550000000000193 465.85143509957436
10.560000000000196 480.56296002020787
10.5700000000002 484.8382628428196
10.580000000000203 474.7925492467866
10.590000000000206 456.97059884524356
10.60000000000021 441.27554136084706
10.610000000000213 433.22518857611334
10.620000000000216 434.3335258212933
10.63000000000022 444.5975346771774
10.640000000000223 461.870138571281
10.650000000000226 479.6544814191638
10.66000000000023 488.0050626459565
10.670000000000233 481.1125653830534
10.680000000000236 464.23625289828584
10.69000000000024 447.8737874891556
10.700000000000243 438.67564850693026
10.710000000000246 438.3582555446808
10.72000000000025 446.6767832639957
10.730000000000253 461.660942092744
10.740000000000256 477.53141922138053
10.75000000000026 485.1420207520361
10.760000000000263 478.4208733161884
10.770000000000266 461.5465614506542
10.78000000000027 444.5907729788476
10.790000000000273 434.39386960041674
10.800000000000276 433.18323055681964
10.81000000000028 441.24308896742747
10.820000000000283 457.1841348379303
10.830000000000286 475.7105452440609
10.84000000000029 487.2966958691202
10.850000000000293 484.1453884866239
10.860000000000296 468.77619632281863
10.8700000000003 451.4337455235761
10.880000000000303 440.14620330127286
10.890000000000306 437.60636060774027
10.90000000000031 443.8548135796284
10.910000000000313 457.5462318231789
10.920000000000316 473.9756135376614
10.93000000000032 484.49730681044593
10.940000000000323 481.3876212586117
10.950000000000326 466.1411177192103
10.96000000000033 448.3493748397654
10.970000000000333 436.12662417865334
10.980000000000336 432.6132945503887
10.99000000000034 438.39722036484693
11.000000000000343 452.6832873328898
11.010000000000346 471.332326390148
11.02000000000035 485.6149780937639
11.030000000000353 486.3772821881846
11.040000000000356 473.2120188797412
11.05000000000036 455.3985051161286
11.060000000000363 442.1702843319454
11.070000000000366 437.402584097941
11.08000000000037 441.51170178392823
11.090000000000373 453.6237316124014
11.100000000000376 470.05389523881024
11.11000000000038 482.9551111357611
11.120000000000383 483.55514210425855
11.130000000000386 470.5922357117356
11.14000000000039 452.4810381749973
11.150000000000393 438.4101681929744
11.160000000000396 432.6231943190926
11.1700000000004 436.09511856895244
11.180000000000403 448.47838713205607
11.190000000000406 466.691309545428
11.20000000000041 483.0464484634453
11.210000000000413 487.688987236688
11.220000000000416 477.36597528502347
11.23000000000042 459.67827836815644
11.240000000000423 444.73565214787607
11.250000000000426 437.7511418952846
11.26000000000043 439.67883462153566
11.270000000000433 449.99152400732464
11.280000000000436 465.92355967046313
11.29000000000044 480.6097026320028
11.300000000000443 484.82462278927466
11.310000000000446 474.72515147705104
11.32000000000045 456.8927564940085
11.330000000000453 441.22259519999307
11.340000000000456 433.2100109393862
11.35000000000046 434.3583810651627
11.360000000000463 444.6594789466903
11.370000000000466 461.9517333359267
11.38000000000047 479.7176105948054
11.390000000000473 488.0084462014917
11.400000000000476 481.05418006946473
11.41000000000048 464.1581217285903
11.420000000000483 447.81644290470746
11.430000000000486 438.65521938820876
11.44000000000049 438.3760125294834
11.450000000000493 446.7293845574562
11.460000000000496 461.73288384425325
11.4700000000005 477.58854709422997
11.480000000000503 485.14488760008646
11.490000000000506 478.3634996886533
11.50000000000051 461.46709789429565
11.510000000000513 444.529700379953
11.520000000000516 434.36890070661394
11.53000000000052 433.19811095662317
11.540000000000523 441.29667713398555
11.550000000000527 457.2636355550249
11.56000000000053 475.7826611892058
11.570000000000533 487.3173239131542
11.580000000000537 484.0995218606615
11.59000000000054 468.6983781147562
11.600000000000543 451.3687770140246
11.610000000000547 440.11618156607335
11.62000000000055 437.61471343582485
11.630000000000553 443.8995147444117
11.640000000000557 457.61582775994043
11.65000000000056 474.04044573512675
11.660000000000563 484.51622451000065
11.670000000000567 481.34291256294085
11.68000000000057 466.06266162599314
11.690000000000573 448.28120285469345
11.700000000000577 436.0920354968735
11.71000000000058 432.61817716145896
11.720000000000583 438.44170974594886
11.730000000000587 452.758602878461
11.74000000000059 471.41046525690797
11.750000000000593 485.6517728161551
11.760000000000597 486.3463430087315
11.7700000000006 473.13746136769703
11.780000000000603 455.3272458313956
11.790000000000607 442.13079119788324
11.80000000000061 437.40144790608883
11.810000000000613 441.5478443129303
11.820000000000617 453.68912969605793
11.83000000000062 470.12368470345376
11.840000000000623 482.98880860363494
11.850000000000627 483.5251714907383
11.86000000000063 470.51771253891775
11.870000000000633 452.40716175128705
11.880000000000637 438.3662499582206
11.89000000000064 432.61811073619396
11.900000000000643 436.1300254079979
11.910000000000647 448.5477850328373
11.92000000000065 466.7725543724946
11.930000000000653 483.0975490014932
11.940000000000657 487.67465829926994
11.95000000000066 477.29782704964384
11.960000000000663 459.60248811966096
11.970000000000667 444.6870016207055
11.98000000000067 437.74045469961357
11.990000000000673 439.70598525191645
12.000000000000677 450.0511906008757
12.01000000000068 465.9956529018228
12.020000000000683 480.6562409734769
12.030000000000687 484.81070716353685
12.04000000000069 474.6576214057308
12.050000000000693 456.81498143171535
12.060000000000697 441.16981693890176
12.0700000000007 433.19502580053523
12.080000000000704 434.38343069355165
12.090000000000707 444.7215797036019
12.10000000000071 462.0333588032838
12.110000000000714 479.78056604293937
12.120000000000717 488.0115258411583
12.13000000000072 480.99559367458085
12.140000000000724 464.07999523153387
12.150000000000727 447.75922259642977
12.16000000000073 438.6349373777425
12.170000000000734 438.3939110929142
12.180000000000737 446.7820970106679
12.19000000000074 461.80483536859117
12.200000000000744 477.64551366894153
12.210000000000747 485.147475445776
12.22000000000075 478.30594025063493
12.230000000000754 461.38765500176294
12.240000000000757 444.4687758968242
12.25000000000076 434.34411676538963
12.260000000000764 433.21318184532277
12.270000000000767 441.35043328283837
12.28000000000077 457.3432041366985
12.290000000000774 475.8546541652024
12.300000000000777 487.33766115427505
12.31000000000078 484.0534108758589
12.320000000000784 468.6205201015603
12.330000000000787 451.303917418821
12.34000000000079 440.08631047436654
12.350000000000794 437.6232139788373
12.360000000000797 443.9443439327099
12.3700000000008 457.6854696742744
12.380000000000804 474.1051632280191
12.390000000000807 484.5348757992039
12.40000000000081 481.2979733860467
12.410000000000814 465.98417447968467
12.420000000000817 448.21315452964546
12.43000000000082 436.05762384982637
12.440000000000824 432.62324607417156
12.450000000000827 438.4863743088961
12.46000000000083 452.8340173665547
12.470000000000834 471.48853212680274
12.480000000000837 485.6883038803843
12.49000000000084 486.31512599665075
12.500000000000844 473.06281390054625
12.510000000000847 455.2560719930592
12.52000000000085 442.09144862454633
12.530000000000854 437.40046406789304
12.540000000000857 441.58412699900083
12.55000000000086 453.75460454259206
12.560000000000864 470.1934062998325
12.570000000000867 483.02226606792647
12.58000000000087 483.4949381152514
12.590000000000874 470.44310347393656
12.600000000000877 452.3333786653172
12.61000000000088 438.3224992593697
12.620000000000884 432.6132093963304
12.630000000000887 436.1651110980611
12.64000000000089 448.6173068864993
12.650000000000894 466.85377569724835
12.660000000000897 483.14842441029293
12.6700000000009 487.6600314800755
12.680000000000904 477.2295360784048
12.690000000000907 459.5267516321963
12.70000000000091 444.63849673180977
12.710000000000914 437.72992353234196
12.720000000000917 439.73328424352997
12.73000000000092 450.1109592337296
12.740000000000924 466.06772273665905
12.750000000000927 480.70257630831554
12.76000000000093 484.7965113756602
12.770000000000934 474.5899506250899
12.780000000000937 456.73726275201966
12.79000000000094 441.1171938285083
12.800000000000944 433.18021898541826
12.810000000000947 434.4086601824417
12.82000000000095 444.78382366374433
12.830000000000954 462.1150048480191
12.840000000000957 479.8433427706771
12.85000000000096 488.01430310196577
12.860000000000964 480.9368131435748
12.870000000000967 464.0018828643097
12.88000000000097 447.7021370378514
12.890000000000974 438.61481399900646
12.900000000000977 438.4119633187674
12.91000000000098 446.83493140790154
12.920000000000984 461.87680388482994
12.930000000000987 477.7023210745499
12.94000000000099 485.14978166390415
12.950000000000994 478.24818923642465
12.960000000000997 461.3082248470375
12.970000000001 444.4079899844451
12.980000000001004 434.31950694192614
12.990000000001007 433.2284318569105
13.00000000000101 441.4043466165254
13.010000000001014 457.42283179011514
13.020000000001017 475.926518934926
13.03000000000102 487.35770744267506
13.040000000001024 484.0070602610582
13.050000000001027 468.542629556553
13.06000000000103 451.23917481744496
13.070000000001034 440.0565988227045
13.080000000001037 437.6318716506976
13.09000000000104 443.989309945331
13.100000000001044 457.7551639199066
13.110000000001047 474.1697685348062
13.12000000000105 484.5532593620745
13.130000000001054 481.25279987567006
13.140000000001058 465.9056506595908
13.15000000000106 448.1452227916137
13.160000000001064 436.02338101404433
13.170000000001068 432.6284924480963
13.18000000000107 438.5312053901081
13.190000000001074 452.9095233194612
13.200000000001078 471.5665219087052
13.21000000000108 485.7245699901381
13.220000000001084 486.2836341415187
13.230000000001088 472.9880820500357
13.240000000001091 455.1849899086226
13.250000000001094 442.0522633408593
13.260000000001098 437.3996398614927
13.270000000001101 441.6205569359762
13.280000000001104 453.8201616116928
13.290000000001108 470.26306262544585
13.300000000001111 483.05548304092895
13.310000000001114 483.4644394660776
13.320000000001118 470.3684046465108
13.330000000001121 452.2596837756159
13.340000000001124 438.27890989745634
13.350000000001128 432.60848347508295
13.360000000001131 436.2003687505213
13.370000000001134 448.6869464617447
13.380000000001138 466.934968792978
13.390000000001141 483.19907269901614
13.400000000001144 487.6451083839222
13.410000000001148 477.1611066150734
13.420000000001151 459.45107387938043
13.430000000001154 444.5901426893181
13.440000000001158 437.7195539665785
13.450000000001161 439.76073726996606
13.460000000001164 450.1708344908512
13.470000000001168 466.1397716832508
13.480000000001171 480.74870862219393
13.490000000001174 484.78203382930315
13.500000000001178 474.52213654285254
13.510000000001181 456.65959684154905
13.520000000001184 441.06472123687166
13.530000000001188 433.16558527431124
13.540000000001191 434.4340640927188
13.550000000001194 444.84620572682786
13.560000000001198 462.19666723410074
13.570000000001201 479.9059384258692
13.580000000001204 488.01677851705955
13.590000000001208 480.87784163490244
13.600000000001211 463.9237886058494
13.610000000001214 447.64519032372027
13.620000000001218 438.5948535027555
13.630000000001221 438.43017369893766
13.640000000001224 446.88789154688635
13.650000000001228 461.94879169065706
13.660000000001231 477.7589695673009
13.670000000001234 485.1518052242482
13.680000000001238 478.1902449757805
13.690000000001241 461.2288049963545
13.700000000001245 444.34733925820626
13.710000000001248 434.2950672620133
13.720000000001251 433.24385674761965
13.730000000001255 441.4584130068846
13.740000000001258 457.50251483944896
13.750000000001261 475.9982530217111
13.760000000001265 487.3774625144063
13.770000000001268 483.96047225296263
13.780000000001271 468.46470971886987
13.790000000001275 451.1745524763645
13.800000000001278 440.02704988632894
13.810000000001281 437.6406899462349
13.820000000001285 444.03441591073715
13.830000000001288 457.8249125213182
13.840000000001291 474.23426205652504
13.850000000001295 484.57137448336476
13.860000000001298 481.2073909815771
13.870000000001301 465.82708862852104
13.880000000001305 448.0774052590296
13.890000000001308 435.98930399077136
13.900000000001311 432.6339129997462
13.910000000001315 438.5761996827274
13.920000000001318 452.9851176330641
13.930000000001321 471.6444321678206
13.940000000001325 485.7605703228466
13.950000000001328 486.25186888147556
13.960000000001331 472.9132684856725
13.970000000001335 455.1140022431364
13.980000000001338 442.0132379105205
13.990000000001341 437.39897797569387
14.000000000001345 441.6571366804525
14.010000000001348 453.8858026399596
14.020000000001351 470.3326541487189
14.030000000001355 483.0884589729099
14.040000000001358 483.43367486350877
14.050000000001361 470.29361518495244
14.060000000001365 452.1860755066148
14.070000000001368 438.23547965191585
14.080000000001371 432.6039304483842
14.090000000001375 436.2357957518201
14.100000000001378 448.7567011825668
14.110000000001381 467.0161313977176
14.120000000001385 483.24949266685627
14.130000000001388 487.62988977778593
14.140000000001391 477.09254082253324
14.150000000001395 459.3754571296227
14.160000000001398 444.5419415193315
14.170000000001401 437.709348084429
14.180000000001405 439.78834637195894
14.190000000001408 450.2308178668133
14.200000000001411 466.2118001872783
14.210000000001415 480.79463748036557
14.220000000001418 484.7672739941388
14.230000000001422 474.45417877863923
14.240000000001425 456.5819827510873
14.250000000001428 441.0123975845686
14.260000000001432 433.1511227313676
14.270000000001435 434.4596403919708
14.280000000001438 444.90872378794404
14.290000000001442 462.2783439447917
14.300000000001445 479.9683515993753
14.310000000001448 488.01895227513705
14.320000000001452 480.8186808627456
14.330000000001455 463.84571443880657
14.340000000001458 447.58838411605893
14.350000000001462 438.5750575042524
14.360000000001465 438.448543840478
14.370000000001468 446.9409786939541
14.380000000001472 462.02079920632843
14.390000000001475 477.8154587613203
14.400000000001478 485.15354563910745
14.410000000001482 478.13210736182253
14.420000000001485 461.14939501744084
14.430000000001488 444.2868226593025
14.440000000001492 434.2707962668301
14.450000000001495 433.2594549413334
14.460000000001498 441.5126307676314
14.470000000001502 457.5822515370718
14.480000000001505 476.0698549402295
14.490000000001508 487.39692609015134
14.500000000001512 483.9136481384098
14.510000000001515 468.38676235008745
14.520000000001518 451.11005184678044
14.530000000001522 439.99766490766837
14.540000000001525 437.6496701494258
14.550000000001528 444.07966287222325
14.560000000001532 457.89471587224773
14.570000000001535 474.29864343301335
14.580000000001538 484.58922066137467
14.590000000001542 481.1617467080257
14.600000000001545 465.748488363095
14.610000000001548 448.0097012977922
14.620000000001552 435.9553917182809
14.630000000001555 432.6395065077153
14.640000000001558 438.62135587381584
14.650000000001562 453.0607988175811
14.660000000001565 471.7222614615217
14.670000000001568 485.79630422289307
14.680000000001572 486.21983109085875
14.690000000001575 472.8383747629132
14.700000000001578 455.0431103388145
14.710000000001582 441.97437331378825
14.720000000001585 437.3984794263381
14.730000000001588 441.693867076984
14.740000000001592 453.95152800262946
14.750000000001595 470.40218051643524
14.760000000001599 483.1211933219943
14.770000000001602 483.4026442900025
14.780000000001605 470.21873536159956
14.790000000001609 452.1125535801404
14.800000000001612 438.1922077958485
14.810000000001615 432.59954937085433
14.820000000001619 436.27139109756786
14.830000000001622 448.8265698155199
14.840000000001625 467.0972621720348
14.850000000001629 483.299683403993
14.860000000001632 487.61437611761784
14.870000000001635 477.0238400885135
14.880000000001639 459.2999026393383
14.890000000001642 444.49389408359826
14.900000000001645 437.6993066489234
14.910000000001649 439.8161122597155
14.920000000001652 450.2909096827905
14.930000000001655 466.2838079572792
14.940000000001659 480.8403622679185
14.950000000001662 484.752231770138
14.960000000001665 474.38607774898753
14.970000000001669 456.5044205255877
14.980000000001672 440.960222435171
14.990000000001675 433.13683062932597
15.000000000001679 434.4853883271689
15.010000000001682 444.9713768404352
15.020000000001685 462.36003379146825
15.030000000001689 480.0305812166812
15.040000000001692 488.0208244564773
15.050000000001695 480.7593320018627
15.060000000001699 463.7676615946717
15.070000000001702 447.53171920055274
15.080000000001705 438.55542659968035
15.090000000001709 438.46707432044553
15.100000000001712 446.9941931471168
15.110000000001715 462.0928261727697
15.120000000001719 477.8717880202538
15.130000000001722 485.1550026472036
15.140000000001725 478.07377687055896
15.150000000001729 461.0699952200682
15.160000000001732 444.226439997843
15.170000000001735 434.24669342663867
15.180000000001739 433.2752258649364
15.190000000001742 441.5669991121544
15.200000000001745 457.66204085518285
15.210000000001749 476.14132356678346
15.220000000001752 487.41609789342874
15.230000000001755 483.8665888402434
15.240000000001759 468.3087886695669
15.250000000001762 451.04567369110646
15.260000000001765 439.96844438934653
15.270000000001769 437.65881269888513
15.280000000001772 444.1250511120191
15.290000000001776 457.9645737498197
15.300000000001779 474.3629120332974
15.310000000001782 484.60679745839616
15.320000000001786 481.1158674811494
15.330000000001789 465.66985037331483
15.340000000001792 447.9421109505157
15.350000000001796 435.92164382894885
15.360000000001799 432.64527254981726
15.370000000001802 438.6666733521136
15.380000000001806 453.1365660233378
15.390000000001809 471.80000867546624
15.400000000001812 485.8317711378941
15.410000000001816 486.18752139023195
15.420000000001819 472.7634020934643
15.430000000001822 454.972314971223
15.440000000001826 441.93567001530505
15.450000000001829 437.398144534762
15.460000000001832 441.73074839878666
15.470000000001836 454.01733750847677
15.480000000001839 470.4716411414942
15.490000000001842 483.1536854924735
15.500000000001846 483.3713480332203
15.510000000001849 470.1437658148727
15.520000000001852 452.03911825744524
15.530000000001856 438.14909411321025
15.540000000001859 432.5953399337967
15.550000000001862 436.30715432793306
15.560000000001866 448.89655167201704
15.570000000001869 467.17836007257574
15.580000000001872 483.3496441502756
15.590000000001876 487.59856770441536
15.600000000001879 476.95500555825834
15.610000000001882 459.22441124624623
15.620000000001886 444.4460008312555
15.630000000001889 437.68942991005144
15.640000000001892 439.84403517403285
15.650000000001896 450.3511098004859
15.660000000001899 466.35579444940885
15.670000000001902 480.88588228156834
15.680000000001906 484.7369072433571
15.690000000001909 474.31783414223264
15.700000000001912 456.4269106323762
15.710000000001916 440.9081957060637
15.720000000001919 433.12270876742264
15.730000000001922 434.5113075416028
15.740000000001926 445.03416436323
15.75000000000193 462.4417358236865
15.760000000001932 480.0926264063736
15.770000000001936 488.0223950231994
15.78000000000194 480.699796086807
15.790000000001942 463.68963096863314
15.800000000001946 447.4751960777196
15.81000000000195 438.5359609718257
15.820000000001953 438.4857653628289
15.830000000001956 447.04753479603596
15.84000000000196 462.1648721282505
15.850000000001963 477.92795656189173
15.860000000001966 485.1561761255008
15.87000000000197 478.0152541371723
15.880000000001973 460.99060625241947
15.890000000001976 444.16619133685094
15.90000000000198 434.2227586229843
15.910000000001983 433.2911692531953
15.920000000001986 441.6215176549117
15.93000000000199 457.7418819652873
15.940000000001993 476.21265797804705
15.950000000001996 487.4349775856151
15.960000000002 483.8192952145648
15.970000000002003 468.23078962840964
15.980000000002006 450.9814185857483
15.99000000000201 439.93938848393697
16.00000000000201 437.66811779454457
16.010000000002005 444.17058055451116
16.020000000002 458.0344857744605
16.030000000001994 474.42706705282393
16.04000000000199 484.6241045417527
16.050000000001983 481.0697538047075
16.060000000001978 465.59117544706015
16.070000000001972 447.87463443093145
16.080000000001966 435.88806029129586
16.09000000000196 432.65121091863756
16.100000000001955 438.7121518557176
16.11000000000195 453.2124185438482
16.120000000001944 471.8776729070992
16.13000000000194 485.8669704635999
16.140000000001933 486.1549404054769
16.150000000001928 472.6883514485604
16.160000000001922 454.90161681743643
16.170000000001917 441.8971281711948
16.18000000000191 437.3979734783026
16.190000000001906 441.7677805943813
16.2000000000019 454.08323086440555
16.210000000001894 470.5410352366372
16.22000000000189 483.18593497567514
16.230000000001883 483.3397863968337
16.240000000001878 470.0687074201806
16.250000000001872 451.96576990047066
16.260000000001867 438.1061386699702
16.27000000000186 432.59130196939174
16.280000000001856 436.3430852843583
16.29000000000185 448.9666461652979
16.300000000001845 467.25942426696156
16.31000000000184 483.39937409983116
16.320000000001833 487.58246489060343
16.330000000001828 476.8860381758557
16.340000000001822 459.14898373678034
16.350000000001817 444.3982619628239
16.36000000000181 437.6797180199074
16.370000000001806 439.8721150869783
16.3800000000018 450.4114180008877
16.390000000001795 466.42775893406383
16.40000000000179 480.9311968788468
16.410000000001784 484.72130048035814
16.420000000001778 474.2494488435532
16.430000000001773 456.34945358370317
16.440000000001767 440.85631756696057
16.45000000000176 433.1087570134761
16.460000000001756 434.53739795454834
16.47000000000175 445.0970858870231
16.480000000001745 462.5234493007149
16.49000000000174 480.15448624532075
16.500000000001734 488.02366402500576
16.510000000001728 480.6400739821786
16.520000000001723 463.6116234474089
16.530000000001717 447.41881502695867
16.54000000000171 438.5166607593732
16.550000000001706 438.50461695067156
16.5600000000017 447.10100349563726
16.570000000001695 462.23693641685907
16.58000000000169 477.98396367080534
16.590000000001684 485.15706588613017
16.60000000000168 477.9565399777998
16.610000000001673 460.9112287656867
16.620000000001667 444.1060769577465
16.63000000000166 434.19899176795553
16.640000000001656 433.3072850757651
16.65000000000165 441.67618603558526
16.660000000001645 457.8217742343636
16.67000000000164 476.2838572040784
16.680000000001634 487.453564927246
16.69000000000163 483.77176797382236
16.700000000001623 468.1527661981989
16.710000000001617 450.9172869106287
16.720000000001612 439.91049733969174
16.730000000001606 437.6775854213307
16.7400000000016 444.21625111772784
16.750000000001595 458.1044513787097
16.76000000000159 474.49110775151155
16.770000000001584 484.6411414907971
16.78000000000158 481.02340634268035
16.790000000001573 465.5124643496112
16.800000000001567 447.80727214077285
16.810000000001562 435.8546410725259
16.820000000001556 432.65732161436887
16.83000000000155 438.75779112067346
16.840000000001545 453.2883558586912
16.85000000000154 471.95525319858075
16.860000000001534 485.9019017157243
16.87000000000153 486.12208862554445
16.880000000001523 472.6132238548264
16.890000000001518 454.83101636885857
16.900000000001512 441.8587479716601
16.910000000001506 437.3979662303137
16.9200000000015 441.8049636416501
16.930000000001495 454.1492075863805
16.94000000000149 470.6103620913534
16.950000000001484 483.2179411482542
16.96000000000148 483.3079598411291
16.970000000001473 469.99356099406793
16.980000000001468 451.89250905381994
16.990000000001462 438.06334149033677
17.000000000001457 432.58743550944826
17.01000000000145 436.37918377062323
17.020000000001446 449.0368528970374
17.03000000000144 467.3404538453856
17.040000000001434 483.4488725899533
17.05000000000143 487.5660678891975
17.060000000001423 476.8169389731945
17.070000000001418 459.07362071863577
17.080000000001412 444.3506777372102
17.090000000001407 437.67017094534424
17.1000000000014 439.90035201569043
17.110000000001396 450.47183389170357
17.12000000000139 466.4997007537299
17.130000000001385 480.97630530033166
17.14000000000138 484.70541168400905
17.150000000001373 474.1809226701313
17.160000000001368 456.2720500540484
17.170000000001362 440.80458812988866
17.180000000001357 433.09497541483137
17.19000000000135 434.5636594329335
17.200000000001346 445.1601411134272
17.21000000000134 462.60517340811947
17.220000000001335 480.2161599437842
17.23000000000133 488.02463139514475
17.240000000001324 480.58016664189876
17.250000000001318 463.53363976093186
17.260000000001313 447.36257639436803
17.270000000001307 438.4975259351421
17.2800000000013 438.52362912736413
17.290000000001296 447.1545989343875
17.30000000000129 462.30901846267903
17.310000000001285 478.0398085022573
17.32000000000128 485.15767187488643
17.330000000001274 477.8976351235357
17.340000000001268 460.8318635638431
17.350000000001263 444.0460970699674
17.360000000001257 434.17539293557354
17.37000000000125 433.3235732389283
17.380000000001246 441.7310040524178
17.39000000000124 457.90171695178884
17.400000000001235 476.3549204051437
17.41000000000123 487.47185957318175
17.420000000001224 483.7240079243371
17.43000000000122 468.07471920993004
17.440000000001213 450.8532791194907
17.450000000001207 439.8817709553548
17.4600000000012 437.68721563025514
17.470000000001196 444.2620625704236
17.48000000000119 458.1744700693817
17.490000000001185 474.5550332688781
17.50000000000118 484.65790799840477
17.510000000001174 480.97682567967314
17.52000000000117 465.4337179740117
17.530000000001163 447.7400244141351
17.540000000001157 435.821386275585
17.550000000001152 432.66360457847986
17.560000000001146 438.8035910171941
17.57000000000114 453.36437737940116
17.580000000001135 472.03274870798555
17.59000000000113 485.93656431671457
17.600000000001124 486.088966633463
17.61000000000112 472.5380202161048
17.620000000001113 454.76051419016636
17.630000000001107 441.82052947455526
17.640000000001102 437.3981228334497
17.650000000001096 441.84229738200116
17.66000000000109 454.21526726666065
17.670000000001085 470.67962087577047
17.68000000000108 483.24970349388013
17.690000000001074 483.27586873865636
17.70000000000107 469.9183274791127
17.710000000001063 451.8193361809102
17.720000000001058 438.0207027294897
17.730000000001052 432.58374051440836
17.740000000001046 436.41544972077884
17.75000000000104 449.10717139258685
17.760000000001035 467.4214480148561
17.77000000000103 483.4981388641048
17.780000000001024 487.5493770133702
17.79000000000102 476.7477088677916
17.800000000001013 458.99832287499925
17.810000000001008 444.3032482953623
17.820000000001002 437.66078871826767
17.830000000000997 439.9287458631092
17.84000000000099 450.53235714388927
17.850000000000986 466.57161914804453
17.86000000000098 481.0212068727962
17.870000000000974 484.68924098242064
17.88000000000097 474.1122565433503
17.890000000000963 456.19470064594793
17.900000000000958 440.75300761789515
17.910000000000952 433.08136394953
17.920000000000947 434.5900919610375
17.93000000000094 445.2233296694513
17.940000000000936 462.6869074393475
17.95000000000093 480.27764662662105
17.960000000000925 488.02529716168283
17.97000000000092 480.52007491732206
17.980000000000913 463.455680718074
17.990000000000908 447.3064804115205
18.000000000000902 438.47855654880163
18.010000000000897 438.5428018179055
18.02000000000089 447.20832088000844
18.030000000000886 462.38111757580606
18.04000000000088 478.09549030829373
18.050000000000875 485.1579939452401
18.06000000000087 477.83854041600523
18.070000000000864 460.7525113698789
18.080000000000858 443.986251989997
18.090000000000853 434.15196212582794
18.100000000000847 433.34003375831423
18.11000000000084 441.78597142751096
18.120000000000836 457.9817095084565
18.13000000000083 476.4258466615245
18.140000000000825 487.48986126993134
18.15000000000082 483.67601578453474
18.160000000000814 467.99664956497304
18.170000000000808 450.789395567674
18.180000000000803 439.8532093987485
18.190000000000797 437.69700837569695
18.20000000000079 444.3080147457833
18.210000000000786 458.2445412608964
18.22000000000078 474.6188428180865
18.230000000000775 484.6744036838998
18.24000000000077 480.93001248816944
18.250000000000764 465.35493715027576
18.26000000000076 447.67289166887707
18.270000000000753 435.7882959422399
18.280000000000747 432.67005983743775
18.29000000000074 438.84955135980806
18.300000000000736 453.44048259526676
18.31000000000073 472.11015853139736
18.320000000000725 485.9709577625739
18.33000000000072 486.05557494266725
18.340000000000714 472.46274149518723
18.35000000000071 454.6901107670129
18.360000000000703 441.7824727921924
18.370000000000697 437.3984432518432
18.380000000000692 441.8797817107681
18.390000000000686 454.28140941826535
18.40000000000068 470.74881081998416
18.410000000000675 483.2812214340958
18.42000000000067 483.24351353746556
18.430000000000664 469.8430077600247
18.44000000000066 451.74625181702436
18.450000000000653 437.97822248961336
18.460000000000647 432.5802170136323
18.470000000000642 436.45188302581073
18.480000000000636 449.1776012372206
18.49000000000063 467.50240593584164
18.500000000000625 483.5471722221232
18.51000000000062 487.532392526145
18.520000000000614 476.6783488244365
18.53000000000061 458.92309082832503
18.540000000000603 444.2559738174983
18.550000000000598 437.6515713149965
18.560000000000592 439.9572965663566
18.570000000000586 450.5929873722519
18.58000000000058 466.64351339802374
18.590000000000575 481.06590087586846
18.60000000000057 484.6727885601122
18.610000000000564 474.0434513419979
18.62000000000056 456.1174060168507
18.630000000000553 440.70157620900034
18.640000000000548 433.06792265854676
18.650000000000542 434.61669547453073
18.660000000000537 445.28665124776063
18.67000000000053 462.768650632005
18.680000000000526 480.3389454808883
18.69000000000052 488.02566130024627
18.700000000000514 480.4597997149651
18.71000000000051 463.37774706188605
18.720000000000503 447.2505273609644
18.730000000000498 438.4597525822292
18.740000000000492 438.56213499993856
18.750000000000487 447.2621690314227
18.76000000000048 462.4532331203416
18.770000000000476 478.15100828033906
18.78000000000047 485.15803201652795
18.790000000000465 477.7792566543169
18.80000000000046 460.67317294948947
18.810000000000453 443.9265420009071
18.820000000000448 434.1286993829648
18.830000000000442 433.3566666203885
18.840000000000437 441.84108792851083
18.85000000000043 458.06175126376525
18.860000000000426 476.4966350858332
18.87000000000042 487.5075697336756
18.880000000000415 483.6277922995
18.89000000000041 467.91855813900486
18.900000000000404 450.7256366269249
18.910000000000398 439.8248127015
18.920000000000393 437.7069636284795
18.930000000000387 444.3541074446646
18.94000000000038 458.31466438877044
18.950000000000376 474.68253558075287
18.96000000000037 484.6906282031525
18.970000000000365 480.8829674170523
18.98000000000036 465.2761227354046
18.990000000000354 447.6058742962677
19.000000000000348 435.75537015290655
19.010000000000343 432.67668739613777
19.020000000000337 438.8956719904468
19.03000000000033 453.5166709746432
19.040000000000326 472.1874817912601
19.05000000000032 486.00508152837887
19.060000000000315 486.021914096462
19.07000000000031 472.3873886278067
19.080000000000304 454.6198066026485
19.0900000000003 441.7445780063922
19.100000000000293 437.3989274695079
19.110000000000287 441.91741649284853
19.12000000000028 454.34763357481296
19.130000000000276 470.81793112789904
19.14000000000027 483.3124944130185
19.150000000000265 483.2108946714704
19.16000000000026 469.7676027429748
19.170000000000254 451.6732564803892
19.18000000000025 437.93590089209414
19.190000000000243 432.5768650317682
19.200000000000237 436.488483581234
19.210000000000232 449.2481420179304
19.220000000000226 467.5833267706197
19.23000000000022 483.5959719667623
19.240000000000215 487.51511469755167
19.25000000000021 476.60885980066666
19.260000000000204 458.8479252025206
19.2700000000002 444.20885447298093
19.280000000000193 437.64251871324615
19.290000000000187 439.98600405490794
19.300000000000182 450.6537241926327
19.310000000000176 466.7153827756281
19.32000000000017 481.11038659439953
19.330000000000165 484.6560546043577
19.34000000000016 473.97450795112786
19.350000000000154 456.04016682178417
19.36000000000015 440.6502940867864
19.370000000000143 433.054651579814
19.380000000000138 434.64346991885384
19.390000000000132 445.3501055339147
19.400000000000126 462.8504022328768
19.41000000000012 480.40005568996594
19.420000000000115 488.0257237940932
19.43000000000011 480.399341938005
19.440000000000104 463.299839534614
19.4500000000001 447.194717518622
19.460000000000093 438.44111401557785
19.470000000000088 438.58162864835367
19.480000000000082 447.31614308125614
19.490000000000077 462.52536445967786
19.50000000000007 478.20636160592835
19.510000000000066 485.1577860196486
19.52000000000006 477.7197846231532
19.530000000000054 460.593849096442
19.54000000000005 443.86696735747086
19.550000000000043 434.10560478159397
19.560000000000038 433.3734717839343
19.570000000000032 441.8963533488063
19.580000000000027 458.1418415473062
19.59000000000002 476.56728482656354
19.600000000000016 487.5249846572497
19.61000000000001 483.57933825179015
19.620000000000005 467.8404457637245
19.63 450.66200270234015
19.639999999999993 439.7965808633906
19.649999999999988 437.7170813927145
19.659999999999982 444.4003404327604
19.669999999999977 458.38483891451506
19.67999999999997 474.74611071185285
19.689999999999966 484.7065812390431
19.69999999999996 480.83569109573324
19.709999999999955 465.1972756146715
19.71999999999995 447.5389726646423
19.729999999999944 435.7226090065663
19.739999999999938 432.68348723764734
19.749999999999932 438.94195277791084
19.759999999999927 453.5929419607163
19.76999999999992 472.2647176331195
19.779999999999916 486.0389350722467
19.78999999999991 485.98798465936756
19.799999999999905 472.3119625270104
19.8099999999999 454.5496022176952
19.819999999999894 441.706845177514
19.829999999999888 437.3995754879519
19.839999999999883 441.9552015718565
19.849999999999877 454.41393928515384
19.85999999999987 470.88698098092584
19.869999999999866 483.3435219044396
19.87999999999986 483.1780125517844
19.889999999999855 469.69211336498404
19.89999999999985 451.6003506574801
19.909999999999844 437.8937380919977
19.91999999999984 432.5736845547607
19.929999999999833 436.5252513304515
19.939999999999827 449.3187932725623
19.94999999999982 467.66420972927006
19.959999999999816 483.6445373554551
19.96999999999981 487.49754384744637
19.979999999999805 476.53924271098447
19.9899999999998 458.77282665960956
19.999999999999794 444.16189038792004
